filter,pool_name,fee_percent,has_rewards,volume_24h,liquidity,fees_24h,apr_24h,epoch_time
All Pools,AUSD - USDC,,False,10296053.0,4179367.0,1029.66,8.99,1777854563
All Pools,AUSD - USDt,,False,10227266.0,3452109.0,1022.78,10.81,1777854563
All Pools,AVAX - USDC,,False,2224709.0,3812564.0,1135.53,10.87,1777854563
All Pools,USDC.e - O3,,False,225259.0,345312695.0,563.15,0.06,1777854563
All Pools,BTC.b - USDC,,False,223826.0,800199.0,113.84,5.19,1777854563
All Pools,AVAX - USDC,,False,53069.0,203770.0,106.48,19.07,1777854563
All Pools,GUN - AVAX,,False,42812.0,126982.0,110.78,31.84,1777854563
All Pools,sAVAX - AVAX,,False,40872.0,186953.0,4.093,0.8,1777854563
All Pools,ARENA - AVAX,,False,39266.0,177194.0,3.925,0.81,1777854563
All Pools,GUN - AVAX,,False,34607.0,39683.0,37.12,34.14,1777854563
All Pools,NXPC - AVAX,,False,33649.0,236118.0,84.12,13.0,1777854563
All Pools,USDC - XAVA,,False,31238.0,608194.0,78.09,4.69,1777854563
All Pools,AVAX - BTC.b,,False,27514.0,579661.0,14.45,0.91,1777854563
All Pools,USDt - USDC,,False,22795.0,694498.0,1.596,0.08,1777854563
All Pools,DAI.e - USDC,,False,20011.0,29590.0,3.84,4.74,1777854563
All Pools,WBTC - BTC.b,,False,17536.0,83432.0,5.327,2.33,1777854563
All Pools,USDT.e - USDC,,False,16819.0,48828.0,3.367,2.52,1777854563
All Pools,QI - AVAX,,False,15825.0,239828.0,39.56,6.02,1777854563
All Pools,COQ - AVAX,,False,15679.0,600303.0,39.2,2.38,1777854563
All Pools,AVAX - USDt,,False,14966.0,130126.0,30.14,8.45,1777854563
All Pools,FOLKS - AVAX,,False,12068.0,34582.0,30.76,32.47,1777854563
All Pools,AVAX - USDT.e,,False,9424.78,546854.0,23.56,1.57,1777854563
All Pools,AAVE.e - AVAX,,False,8587.56,298638.0,21.47,2.62,1777854563
All Pools,USDT.e - USDt,,False,8558.79,44178.0,1.714,1.42,1777854563
All Pools,MIM - AVAX,,False,8203.37,556250.0,20.51,1.35,1777854563
All Pools,JOE - AVAX,,False,7991.21,516344.0,19.98,1.41,1777854563
All Pools,AVAX - USDC,,False,7909.37,402833.0,19.77,1.79,1777854563
All Pools,USDC.e - AVAX,,False,7592.22,425329.0,18.98,1.63,1777854563
All Pools,XAUt0 - USDt,,False,6789.51,38978.0,2.995,2.8,1777854563
All Pools,WBTC.e - BTC.b,,False,5993.07,328550.0,1.84,0.2,1777854563
All Pools,JOE - USDC.e,,False,4706.37,335551.0,11.77,1.28,1777854563
All Pools,EURC - USDC,,False,4293.96,13120.0,1.412,3.93,1777854563
All Pools,ORNG - AVAX,,False,3015.01,27368.0,7.538,10.05,1777854563
All Pools,LCPEDU - USDt,,False,2916.03,9662054.0,46.75,0.18,1777854563
All Pools,FLD - AVAX,,False,2723.71,51235.0,6.809,4.85,1777854563
All Pools,WETH.e - AVAX,,False,2405.15,489092.0,6.013,0.45,1777854563
All Pools,JPYC - USDC,,False,2293.5,4474.03,1.467,11.97,1777854563
All Pools,DAI.e - USDC,,False,2219.77,2407.43,0.42889,6.5,1777854563
All Pools,HEFE - AVAX,,False,1976.07,20629.0,4.94,8.74,1777854563
All Pools,BEAM - AVAX,,False,1793.79,92609.0,4.484,1.77,1777854563
All Pools,WBTC.e - AVAX,,False,1692.46,169675.0,4.231,0.91,1777854563
All Pools,BEAM - AVAX,,False,1640.79,19877.0,4.122,7.57,1777854563
All Pools,BEAM - USDC,,False,1573.46,71823.0,3.934,2.0,1777854563
All Pools,XAVA - AVAX,,False,1540.32,225931.0,12.41,2.0,1777854563
All Pools,USDT.e - USDC,,False,1523.77,884.14,0.15644,6.46,1777854563
All Pools,USDt - USDC,,False,1453.93,181506.0,0.11625,0.02,1777854563
All Pools,ZRO - AVAX,,False,1416.2,2260.82,11.49,185.52,1777854563
All Pools,SOL - AVAX,,False,1311.72,427943.0,3.279,0.28,1777854563
All Pools,SolvBTC - BTC.b,,False,1258.36,250293.0,1.091,0.16,1777854563
All Pools,BTC.b - AVAX,,False,1234.95,140130.0,3.087,0.8,1777854563
All Pools,XAVA - AVAX,,False,1162.94,3161.45,2.939,33.93,1777854563
All Pools,JOE - USDT.e,,False,1101.68,67287.0,2.754,1.49,1777854563
All Pools,AVAX - avUSD,,False,1096.71,2327.41,2.759,43.27,1777854563
All Pools,USDt - AVAX,,False,1055.57,44699.0,2.639,2.15,1777854563
All Pools,AVAX - JUICE,,False,1009.65,15605.0,2.524,5.9,1777854563
All Pools,SIERRA - USDC,,False,994.7,39741.0,0.99564,0.91,1777854563
All Pools,LINK.e - AVAX,,False,923.79,47810.0,2.309,1.76,1777854563
All Pools,AUSD - AVAX,,False,880.23,39358.0,0.89056,0.83,1777854563
All Pools,SHRAP - AVAX,,False,813.87,13483.0,8.455,22.89,1777854563
All Pools,MUON - AVAX,,False,726.62,46656.0,1.817,1.42,1777854563
All Pools,JOE - USDC,,False,707.43,40090.0,1.769,1.61,1777854563
All Pools,AVAX - ALVA,,False,690.22,1237.92,1.726,50.88,1777854563
All Pools,AVAX - DAI.e,,False,606.44,33793.0,1.516,1.64,1777854563
All Pools,USDt - INFRA.e,,False,536.2,24401.0,1.341,2.01,1777854563
All Pools,GOC - AVAX,,False,526.67,0.1976,1.317,243208.99,1777854563
All Pools,NXUSD - WXT,,False,504.27,774368.0,1.261,0.06,1777854563
All Pools,sAVAX - JACK,,False,456.98,292716.0,1.142,0.14,1777854563
All Pools,AVAX - VASTR,,False,450.55,0.18098,1.126,227168.62,1777854563
All Pools,SB - AVAX,,False,449.8,6843.73,1.125,6.0,1777854563
All Pools,JOE - AVAX,,False,442.09,11274.0,1.114,3.61,1777854563
All Pools,AARB - AVAX,,False,439.33,0.18048,1.098,222124.29,1777854563
All Pools,ARC - AVAX,,False,439.02,0.18041,1.098,222045.75,1777854563
All Pools,UTAO - AVAX,,False,433.74,0.17932,1.084,220711.57,1777854563
All Pools,AVAX - XAVA,,False,431.49,15744.0,1.079,2.5,1777854563
All Pools,WETH.e - USDC,,False,394.33,10048.0,0.59774,2.17,1777854563
All Pools,NOCHILL - AVAX,,False,388.39,88570.0,0.97098,0.4,1777854563
All Pools,XSEED - AVAX,,False,376.2,12265.0,0.94049,2.8,1777854563
All Pools,w3ULL - AVAX,,False,342.07,63901.0,0.85517,0.49,1777854563
All Pools,QI - AVAX,,False,307.65,14976.0,0.77121,1.88,1777854563
All Pools,UST - AVAX,,False,295.89,7634.55,0.73972,3.54,1777854563
All Pools,AVAX - UST,,False,260.97,8841.46,0.65243,2.69,1777854563
All Pools,MEAT - AVAX,,False,253.3,5318.53,0.63324,4.35,1777854563
All Pools,HUNDRED - USDC,,False,218.56,521219.0,0.5464,0.04,1777854563
All Pools,APIX - ID,,False,189.73,24823.0,0.47432,0.7,1777854563
All Pools,MIM - SB,,False,189.25,5685.95,0.47313,3.04,1777854563
All Pools,USDC.e - USDC,,False,175.93,482492.0,0.43982,0.03,1777854563
All Pools,AVAX - JUICY,,False,172.09,2995.22,0.43023,5.24,1777854563
All Pools,WBTC.e - BTC.b,,False,158.3,683.69,0.0673,3.59,1777854563
All Pools,STG - USDC,,False,146.56,1443.38,0.36641,9.27,1777854563
All Pools,GMX - AVAX,,False,138.38,4872.61,0.34596,2.59,1777854563
All Pools,HERESY - AVAX,,False,137.25,21664.0,0.34313,0.58,1777854563
All Pools,ALOT - AVAX,,False,134.85,224220.0,0.33712,0.05,1777854563
All Pools,USDt - QUILL,,False,131.06,52302.0,0.32765,0.23,1777854563
All Pools,YAK - AVAX,,False,126.84,109514.0,0.31711,0.11,1777854563
All Pools,AVAX - CLY,,False,126.75,58476.0,0.31687,0.2,1777854563
All Pools,WETH.e - USDC.e,,False,120.91,12236.0,0.30228,0.9,1777854563
All Pools,APIX - USDt,,False,111.21,6889.85,0.27802,1.47,1777854563
All Pools,KIMBO - AVAX,,False,109.12,63652.0,0.27281,0.16,1777854563
All Pools,SOL - AVAX,,False,108.74,1080.86,0.11269,3.81,1777854563
All Pools,EVO - AVAX,,False,86.05,13588.0,0.21512,0.58,1777854563
All Pools,PTOP800 - AVAX,,False,83.99,601.38,0.08429,5.12,1777854563
All Pools,LUNA - USDC.e,,False,83.56,874.5,0.2089,8.72,1777854563
All Pools,STG - AVAX,,False,80.62,1425.24,0.20154,5.16,1777854563
All Pools,GGP - AVAX,,False,74.96,91560.0,0.1874,0.07,1777854563
All Pools,PTOP800 - USDC,,False,73.02,653.55,0.07331,4.09,1777854563
All Pools,PRIME - AVAX,,False,70.0,109601.0,0.88946,0.3,1777854563
All Pools,MIM - USDt,,False,68.41,9.635,0.0217,82.2,1777854563
All Pools,PTOP1100 - AVAX,,False,64.01,361.39,0.0643,6.49,1777854563
All Pools,PTOP1100 - USDC,,False,61.97,663.21,0.0621,3.42,1777854563
All Pools,JOE - AVAX,,False,61.82,69128.0,0.09515,0.05,1777854563
All Pools,FITFI - USDT.e,,False,55.71,371.56,0.13928,13.68,1777854563
All Pools,APIX - USDC,,False,53.0,3440.81,0.13251,1.41,1777854563
All Pools,SWORLD - AVAX,,False,49.38,6949.49,0.12346,0.65,1777854563
All Pools,CDK - AVAX,,False,48.94,5700.96,0.19133,1.22,1777854563
All Pools,CAT - AVAX,,False,46.43,1888.17,0.11609,2.24,1777854563
All Pools,AVAX - RISE,,False,45.82,59233.0,0.11455,0.07,1777854563
All Pools,gOHM - AVAX,,False,45.47,138051.0,0.11369,0.03,1777854563
All Pools,APIX - ARENA,,False,41.29,2324.74,0.10322,1.62,1777854563
All Pools,GENI - USDC,,False,34.44,1478.99,0.08609,2.12,1777854563
All Pools,PTOP1200 - AVAX,,False,34.3,679.77,0.03434,1.84,1777854563
All Pools,PTOP1200 - USDC,,False,33.96,196.24,0.03417,6.36,1777854563
All Pools,HUSKY - AVAX,,False,26.68,3625.45,0.0667,0.67,1777854563
All Pools,GUN - BLSEYE🎯,,False,25.65,945.45,0.06411,2.48,1777854563
All Pools,UST - USDC.e,,False,23.53,750.36,0.05883,2.86,1777854563
All Pools,USDt - ncash,,False,23.32,1126.75,0.05831,1.89,1777854563
All Pools,GLCH - AVAX,,False,21.76,0.19825,0.0544,10015.04,1777854563
All Pools,GURS - AVAX,,False,21.66,7561.49,0.05414,0.26,1777854563
All Pools,Balln - AVAX,,False,21.63,4231.97,0.05409,0.47,1777854563
All Pools,KINGSHIT - AVAX,,False,21.62,1.814,0.05404,1087.38,1777854563
All Pools,gOHM - FRAX,,False,21.53,3565.14,0.05382,0.55,1777854563
All Pools,PNG - AVAX,,False,20.74,1050.13,0.05185,1.8,1777854563
All Pools,COQ - AVAX,,False,20.67,10416.0,0.16637,0.58,1777854563
All Pools,BLSEYE🎯 - AVAX,,False,20.58,5924.87,0.05145,0.32,1777854563
All Pools,ROCO - AVAX,,False,20.47,1277.86,0.05117,1.46,1777854563
All Pools,PTOP800 - BTC.b,,False,19.82,999.2,0.0211,0.77,1777854563
All Pools,BOOTY - AVAX,,False,19.13,2110.91,0.04783,0.83,1777854563
All Pools,BLIZZ - AVAX,,False,18.75,868.43,0.04687,1.97,1777854563
All Pools,HAT - AVAX,,False,17.93,9542.85,0.04484,0.17,1777854563
All Pools,BOI - AVAX,,False,17.73,70.41,0.04431,22.97,1777854563
All Pools,POLAR - AVAX,,False,17.12,1826.22,0.0428,0.86,1777854563
All Pools,GUN - AVAX,,False,16.72,441.88,0.04181,3.45,1777854563
All Pools,MEOW - AVAX,,False,15.58,10405.0,0.03895,0.14,1777854563
All Pools,CAPY - ARENA,,False,15.41,31369.0,0.03852,0.04,1777854563
All Pools,BUSD - AVAX,,False,15.19,414.69,0.03796,3.34,1777854563
All Pools,AVAX - FRAX,,False,14.98,1010.66,0.03745,1.35,1777854563
All Pools,EGG - AVAX,,False,14.97,23003.0,0.03743,0.06,1777854563
All Pools,ZRO - AVAX,,False,14.02,195.73,0.03506,6.54,1777854563
All Pools,APIX - LAMBO,,False,13.75,553.79,0.03437,2.27,1777854563
All Pools,COQ - AVAX,,False,13.05,4750.76,0.10563,0.81,1777854563
All Pools,ORNG - JUCI,,False,12.39,500.71,0.03096,2.26,1777854563
All Pools,XROSS - ORNG,,False,12.22,477.66,0.03055,2.33,1777854563
All Pools,USDt - USDC,,False,12.12,2231.66,0.00243,0.04,1777854563
All Pools,MIM - WETH.e,,False,12.09,1450.63,0.03022,0.76,1777854563
All Pools,MAI - AVAX,,False,11.39,1793.93,0.02847,0.58,1777854563
All Pools,Psychic - AVAX,,False,11.17,1169.77,0.02792,0.87,1777854563
All Pools,AVAX - DOMI,,False,11.12,17095.0,0.02781,0.06,1777854563
All Pools,Ush - AVAX,,False,10.84,2809.08,0.02709,0.35,1777854563
All Pools,SHRAP - DOMI,,False,10.71,303.97,0.02677,3.21,1777854563
All Pools,ggAVAX - AVAX,,False,10.41,367.98,0.00106,0.11,1777854563
All Pools,SECOND - USDC,,False,10.22,7198.82,0.02556,0.13,1777854563
All Pools,SECOND - AVAX,,False,10.22,1751.95,0.02556,0.53,1777854563
All Pools,AVAX - HON,,False,10.21,89919.0,0.02553,0.01,1777854563
All Pools,COMET - AVAX,,False,10.19,486.72,0.02549,1.91,1777854563
All Pools,agEUR - USDC,,False,10.18,63.91,0.02545,14.54,1777854563
All Pools,ORNG - MOOM,,False,10.09,397.35,0.02521,2.32,1777854563
All Pools,SYN - AVAX,,False,9.988,2704.7,0.02497,0.34,1777854563
All Pools,RGOGLZ - USDC,,False,9.793,1580.01,0.02448,0.57,1777854563
All Pools,DATCM - ORNG,,False,9.294,482.31,0.02324,1.76,1777854563
All Pools,YOU - ORNG,,False,9.185,3198.58,0.02296,0.26,1777854563
All Pools,STRZ - AVAX,,False,9.168,27.53,0.02292,30.39,1777854563
All Pools,XETA - USDC,,False,8.436,6350.91,0.02109,0.12,1777854563
All Pools,ORNG - SAI,,False,8.376,301.87,0.02094,2.53,1777854563
All Pools,WOLF - AVAX,,False,8.371,42765.0,0.02093,0.02,1777854563
All Pools,KINGSHIT - AVAX,,False,8.355,4961.07,0.02089,0.15,1777854563
All Pools,MYST - AVAX,,False,7.942,898.96,0.01986,0.81,1777854563
All Pools,ORNG - FLUX,,False,7.796,354.29,0.01949,2.01,1777854563
All Pools,Psychic - XAUt0,,False,7.771,6980.02,0.01943,0.1,1777854563
All Pools,DCAU - AVAX,,False,7.45,1255.27,0.01863,0.54,1777854563
All Pools,BLSEYE🎯 - ARENA,,False,7.398,1158.46,0.01849,0.58,1777854563
All Pools,UST - USDC,,False,7.355,478.68,0.01839,1.4,1777854563
All Pools,DCAU - USDT.e,,False,7.193,5301.28,0.01798,0.12,1777854563
All Pools,USDC.e - USDT.e,,False,6.51,40222.0,0.01628,0.01,1777854563
All Pools,FITFI - AVAX,,False,6.106,38.98,0.01527,14.3,1777854563
All Pools,VPND - AVAX,,False,6.034,25387.0,0.01509,0.02,1777854563
All Pools,WINK - AVAX,,False,5.966,86.84,0.01491,6.27,1777854563
All Pools,COQ - COQAI,,False,5.452,27647.0,0.01363,0.02,1777854563
All Pools,AVAX - aXEN,,False,5.409,76.17,0.01352,6.48,1777854563
All Pools,AVAX - GEC,,False,5.368,35808.0,0.01342,0.01,1777854563
All Pools,AVAX - SPELL,,False,4.718,2752.85,0.01179,0.16,1777854563
All Pools,FEED - AVAX,,False,4.64,9150.89,0.0116,0.05,1777854563
All Pools,HATCHY - AVAX,,False,4.555,9595.9,0.01139,0.04,1777854563
All Pools,YUSD - AVAX,,False,4.516,133.31,0.01129,3.09,1777854563
All Pools,USDt - USDT.e,,False,4.4,20379.0,0.011,0.02,1777854563
All Pools,BLS - USDt,,False,4.029,120.32,0.01007,3.06,1777854563
All Pools,TECH - AVAX,,False,4.024,13982.0,0.01006,0.03,1777854563
All Pools,3QF - D - AVAX,,False,3.707,1758.51,0.00927,0.19,1777854563
All Pools,3QF - D - WETH.e,,False,3.696,3116.46,0.00924,0.11,1777854563
All Pools,Psychic - BLACK,,False,3.665,459.6,0.00916,0.73,1777854563
All Pools,AVAX - PEFI,,False,3.582,4444.28,0.00895,0.07,1777854563
All Pools,USDC.e - DAI.e,,False,3.5,22649.0,0.00875,0.01,1777854563
All Pools,avUSD - sAVAX,,False,3.465,262.13,0.00866,1.21,1777854563
All Pools,Gravity - BLACK,,False,2.999,1055.19,0.0075,0.26,1777854563
All Pools,GUDVBZ - AVAX,,False,2.902,446.61,0.00726,0.59,1777854563
All Pools,BTC.b - TOPIA,,False,2.854,306.28,0.00714,0.85,1777854563
All Pools,REDWOLF - AVAX,,False,2.849,495.24,0.00712,0.52,1777854563
All Pools,COQ - BLSEYE🎯,,False,2.813,210.22,0.00703,1.22,1777854563
All Pools,MIM - USDC.e,,False,2.792,1992.55,0.00698,0.13,1777854563
All Pools,MYST - USDC,,False,2.76,255.11,0.0069,0.99,1777854563
All Pools,AVAX - ELK,,False,2.588,1695.95,0.00647,0.14,1777854563
All Pools,AVAX - PENDLE,,False,2.541,7613.49,0.00635,0.03,1777854563
All Pools,LUNA - AVAX,,False,2.479,21.85,0.0062,10.36,1777854563
All Pools,FollowTheWhiteRabbit - BLACK,,False,2.471,1165.56,0.00618,0.19,1777854563
All Pools,LINK.e - USDT.e,,False,2.396,232.02,0.00599,0.94,1777854563
All Pools,Trinity - BLACK,,False,2.262,553.56,0.00565,0.37,1777854563
All Pools,USDT.e - CLY,,False,2.15,259.51,0.00537,0.76,1777854563
All Pools,67 - AVAX,,False,2.022,26.02,0.00505,7.09,1777854563
All Pools,JPYC - USDC,,False,2.016,351.12,0.00504,0.52,1777854563
All Pools,ISA - USDC.e,,False,2.005,485.6,0.00501,0.38,1777854563
All Pools,Now - BLACK,,False,2.002,438.93,0.00501,0.42,1777854563
All Pools,SVETA - AVAX,,False,1.97,1390.92,0.00493,0.13,1777854563
All Pools,BLSEYE🎯 - BEAM,,False,1.938,338.96,0.00485,0.52,1777854563
All Pools,MaryMagdalene - AVAX,,False,1.923,223.34,0.00481,0.79,1777854563
All Pools,ISA - AVAX,,False,1.879,1442.99,0.0047,0.12,1777854563
All Pools,AAVE.e - REDWOLF,,False,1.877,160.82,0.00469,1.06,1777854563
All Pools,Trinity - AVAX,,False,1.867,1018.41,0.00467,0.17,1777854563
All Pools,BRO - AVAX,,False,1.781,138531.0,0.00445,0.0,1777854563
All Pools,BRO - COQ,,False,1.773,204.53,0.00443,0.79,1777854563
All Pools,AVAX - USDT,,False,1.76,1966.54,0.0044,0.08,1777854563
All Pools,GENI - AVAX,,False,1.705,73.54,0.00426,2.11,1777854563
All Pools,SHOE - AVAX,,False,1.683,659.04,0.00421,0.23,1777854563
All Pools,PIZZA - AVAX,,False,1.671,510.09,0.00418,0.3,1777854563
All Pools,SWIFT - USDC.e,,False,1.658,535.47,0.00414,0.28,1777854563
All Pools,WETH - USDC.e,,False,1.647,226.75,0.00412,0.66,1777854563
All Pools,LUNA - USDC.e,,False,1.643,324.54,0.00411,0.46,1777854563
All Pools,APOW - AVAX,,False,1.639,1065.78,0.0041,0.14,1777854563
All Pools,SHOE - BTC.b,,False,1.633,840.52,0.00408,0.18,1777854563
All Pools,LINK.e - USDC.e,,False,1.586,193.35,0.00397,0.75,1777854563
All Pools,YAK - USDC.e,,False,1.58,218.33,0.00395,0.66,1777854563
All Pools,Gravity - AVAX,,False,1.523,335.5,0.00381,0.41,1777854563
All Pools,USDC - SHRAP,,False,1.521,29.38,0.0038,4.72,1777854563
All Pools,UST - USDT.e,,False,1.382,42.56,0.00346,2.96,1777854563
All Pools,FollowTheWhiteRabbit - AVAX,,False,1.373,163.71,0.00343,0.77,1777854563
All Pools,HUSKY - JOE,,False,1.314,181.44,0.00328,0.66,1777854563
All Pools,JOE - USDT,,False,1.301,357.84,0.00325,0.33,1777854563
All Pools,WETH.e - USDT.e,,False,1.27,166.44,0.00317,0.7,1777854563
All Pools,DPS - USDC,,False,1.267,1937.96,0.00317,0.06,1777854563
All Pools,DPS - AVAX,,False,1.267,220.4,0.00317,0.52,1777854563
All Pools,PNG - JOE,,False,1.243,170.74,0.00311,0.66,1777854563
All Pools,XAUt0 - Gravity,,False,1.234,399.04,0.00308,0.28,1777854563
All Pools,USDT.e - DAI.e,,False,1.185,7295.75,0.00296,0.01,1777854563
All Pools,SWIFT - AVAX,,False,1.185,304.18,0.00296,0.36,1777854563
All Pools,CAI - AVAX,,False,1.171,1791.17,0.00293,0.06,1777854563
All Pools,REDWOLF - USDC,,False,1.133,201.91,0.00283,0.51,1777854563
All Pools,sAVAX - COQ,,False,1.11,92.36,0.00277,1.1,1777854563
All Pools,SWIFT - WETH.e,,False,1.07,1611.98,0.00267,0.06,1777854563
All Pools,rloop - AVAX,,False,0.99149,6238.73,0.00248,0.01,1777854563
All Pools,AVAX - $SICKO,,False,0.9861,9.915,0.00247,9.08,1777854563
All Pools,AVAX - ONION,,False,0.9685,180.18,0.00242,0.49,1777854563
All Pools,ROY - AVAX,,False,0.96256,4953.45,0.00241,0.02,1777854563
All Pools,FERT - AVAX,,False,0.94064,800.7,0.00235,0.11,1777854563
All Pools,MAGICK - USDC,,False,0.93899,239.61,0.00235,0.36,1777854563
All Pools,MAGICK - AVAX,,False,0.93869,351.03,0.00235,0.24,1777854563
All Pools,USDC.e - AVVO,,False,0.92652,249.12,0.00232,0.34,1777854563
All Pools,USDC.e - MU,,False,0.90558,13403.0,0.00226,0.01,1777854563
All Pools,MaryMagdalene - XAUt0,,False,0.90443,1946.52,0.00226,0.04,1777854563
All Pools,APOW - USDC,,False,0.88837,167.87,0.00222,0.48,1777854563
All Pools,AVAX - AMI,,False,0.87604,534.03,0.00219,0.15,1777854563
All Pools,XAUt0 - Now,,False,0.85555,714.72,0.00214,0.11,1777854563
All Pools,LUNA - AVAX,,False,0.82793,141.33,0.00207,0.53,1777854563
All Pools,FXS - AVAX,,False,0.81972,435.52,0.00205,0.17,1777854563
All Pools,FTOMB - AVAX,,False,0.76118,9966.51,0.0019,0.01,1777854563
All Pools,YETI - AVAX,,False,0.75555,923.18,0.00189,0.07,1777854563
All Pools,APOW - USDt,,False,0.75068,167.46,0.00188,0.41,1777854563
All Pools,TRESR - AVAX,,False,0.74487,14680.0,0.00186,0.0,1777854563
All Pools,AVAX - IMPACT2,,False,0.73146,167.33,0.00183,0.4,1777854563
All Pools,AVAX - ARENA,,False,0.69713,80.13,0.00174,0.79,1777854563
All Pools,SMRTr - AVAX,,False,0.68949,36217.0,0.00172,0.0,1777854563
All Pools,SMRTr - USDC.e,,False,0.68938,124.8,0.00172,0.5,1777854563
All Pools,GUN - AMI,,False,0.66776,22.27,0.00167,2.74,1777854563
All Pools,AVAX - SHRAP,,False,0.66499,18.35,0.00166,3.31,1777854563
All Pools,BLS - SHRAP,,False,0.66373,10.45,0.00166,5.8,1777854563
All Pools,Now - AVAX,,False,0.65524,265.29,0.00164,0.23,1777854563
All Pools,GAINS - AVAX,,False,0.64189,40.2,0.0016,1.46,1777854563
All Pools,LF - AVAX,,False,0.60035,288.73,0.0015,0.19,1777854563
All Pools,MIM - LF,,False,0.60005,901.65,0.0015,0.06,1777854563
All Pools,CANS - AVAX,,False,0.59496,12.79,0.00149,4.24,1777854563
All Pools,Trinity - Psychic,,False,0.5876,538.27,0.00147,0.1,1777854563
All Pools,DCAR - USDC,,False,0.58661,55.8,0.00147,0.96,1777854563
All Pools,USDC - SDOG,,False,0.58188,482.17,0.00145,0.11,1777854563
All Pools,MONEY - AVAX,,False,0.57594,622.99,0.00144,0.08,1777854563
All Pools,DCAU - USDC,,False,0.55263,151.11,0.00138,0.33,1777854563
All Pools,USDC - aXEN,,False,0.55226,9.105,0.00138,5.53,1777854563
All Pools,USDC.e - ONION,,False,0.54897,384.48,0.00137,0.13,1777854563
All Pools,COQ - JUICE,,False,0.54491,47.65,0.00136,1.04,1777854563
All Pools,GOOD - AVAX,,False,0.54474,149.78,0.00136,0.33,1777854563
All Pools,AVAX - TheGospelOfMary,,False,0.53441,157.01,0.00134,0.31,1777854563
All Pools,HUSKY - AMI,,False,0.53389,85.25,0.00133,0.57,1777854563
All Pools,KIWI - AVAX,,False,0.53077,114.74,0.00133,0.42,1777854563
All Pools,KIWI - USDC,,False,0.52236,309.07,0.00131,0.15,1777854563
All Pools,AMPL - AVAX,,False,0.51174,339.8,0.00128,0.14,1777854563
All Pools,GOOD - COQ,,False,0.50971,95.19,0.00127,0.49,1777854563
All Pools,AVAXAI - USDC,,False,0.5076,1704.15,0.00127,0.03,1777854563
All Pools,MIM - PEFI,,False,0.50119,202.86,0.00125,0.23,1777854563
All Pools,AVAX - MU,,False,0.48961,88.07,0.00122,0.51,1777854563
All Pools,LadyMary - AVAX,,False,0.47966,361.81,0.0012,0.12,1777854563
All Pools,HEFE - GAINS,,False,0.47629,5.71,0.00119,7.61,1777854563
All Pools,AVAX - AVVO,,False,0.47193,299.1,0.00118,0.14,1777854563
All Pools,LadyMary - FollowTheWhiteRabbit,,False,0.45337,646.71,0.00113,0.06,1777854563
All Pools,BTC.b - oXAUT,,False,0.44915,372.49,0.00112,0.11,1777854563
All Pools,oXAUT - AVAX,,False,0.44906,515.75,0.00112,0.08,1777854563
All Pools,UNIQOC - AVAX,,False,0.44743,1122.87,0.00112,0.04,1777854563
All Pools,BNB - AVAX,,False,0.44528,4053.54,0.00111,0.01,1777854563
All Pools,UNIQOC - COQ,,False,0.44455,53.5,0.00111,0.76,1777854563
All Pools,LINDA - AVAX,,False,0.44423,2079.71,0.00111,0.02,1777854563
All Pools,DAI.e - ONION,,False,0.43694,350.44,0.00109,0.11,1777854563
All Pools,HAREM - AVAX,,False,0.43134,140.31,0.00108,0.28,1777854563
All Pools,USDT.e - MU,,False,0.42697,253.79,0.00107,0.15,1777854563
All Pools,gOHM - SB,,False,0.42109,15.37,0.00105,2.5,1777854563
All Pools,DREGG - AVAX,,False,0.41357,177.69,0.00103,0.21,1777854563
All Pools,DREGG - USDT.e,,False,0.41349,542.22,0.00103,0.07,1777854563
All Pools,BrideOfChrist - AVAX,,False,0.41215,88.55,0.00103,0.42,1777854563
All Pools,BTC.b - IMPACT2,,False,0.41077,1255.12,0.00103,0.03,1777854563
All Pools,USDC.e - WXT,,False,0.40952,289.76,0.00102,0.13,1777854563
All Pools,MaryMagdalene - FollowTheWhiteRabbit,,False,0.40605,205.88,0.00102,0.18,1777854563
All Pools,ZRO - USDC,,False,0.40074,5.563,0.001,6.57,1777854563
All Pools,PTOP900 - TOPIA,,False,0.39403,102.27,0.0,0.35,1777854563
All Pools,AVAX - SOCK,,False,0.38686,3259.25,0.0,0.01,1777854563
All Pools,USDC - SOCK,,False,0.3862,480.5,0.0,0.07,1777854563
All Pools,MIM - MU,,False,0.37347,252.35,0.0,0.14,1777854563
All Pools,WETH.e - ONION,,False,0.36763,271.23,0.0,0.12,1777854563
All Pools,AVAX - TIME,,False,0.36695,1205.47,0.0,0.03,1777854563
All Pools,BANKSY - USDT.e,,False,0.36049,1558.96,0.0,0.02,1777854563
All Pools,BANKSY - AVAX,,False,0.36044,172.27,0.0,0.19,1777854563
All Pools,USDC - GAU,,False,0.35801,12181.0,0.0,0.0,1777854563
All Pools,STATIK - AVAX,,False,0.35298,43.89,0.0,0.73,1777854563
All Pools,MIM - TIME,,False,0.34438,122.38,0.0,0.26,1777854563
All Pools,MM - USDC,,False,0.33738,83.74,0.0,0.37,1777854563
All Pools,USDT.e - ONION,,False,0.33697,767.99,0.0,0.04,1777854563
All Pools,HEFE - CANS,,False,0.33631,4.17,0.0,7.36,1777854563
All Pools,MM - AVAX,,False,0.33532,132.68,0.0,0.23,1777854563
All Pools,WBTC.e - USDT.e,,False,0.33387,171.99,0.0,0.18,1777854563
All Pools,AVAX - SMRT,,False,0.31945,2311.0,0.0,0.01,1777854563
All Pools,USDT - ETH,,False,0.3173,210.78,0.0,0.14,1777854563
All Pools,OSAK - AVAX,,False,0.3139,6110.75,0.0,0.0,1777854563
All Pools,COQ - OSAK,,False,0.31315,36.36,0.0,0.79,1777854563
All Pools,KALM - USDC,,False,0.31055,84.45,0.0,0.34,1777854563
All Pools,KALM - AVAX,,False,0.31044,125.26,0.0,0.23,1777854563
All Pools,HOWDY - AVAX,,False,0.30793,20897.0,0.0,0.0,1777854563
All Pools,USDT.e - SMRT,,False,0.29784,105.74,0.0,0.26,1777854563
All Pools,Psychic - Now,,False,0.29648,629.8,0.0,0.04,1777854563
All Pools,BTC.b - HOWDY,,False,0.29073,183.37,0.0,0.14,1777854563
All Pools,COQ - OX,,False,0.28951,12203.0,0.0,0.0,1777854563
All Pools,50 - USDC,,False,0.28375,119.72,0.0,0.22,1777854563
All Pools,50 - AVAX,,False,0.28362,75.29,0.0,0.34,1777854563
All Pools,FollowTheWhiteRabbit - LuciferMorningstar,,False,0.27264,3616.87,0.0,0.01,1777854563
All Pools,Gold - AVAX,,False,0.26921,88.08,0.0,0.28,1777854563
All Pools,KIMBO - CANS,,False,0.26595,389.33,0.0,0.06,1777854563
All Pools,AVAX - FRAX,,False,0.26587,269.6,0.0,0.09,1777854563
All Pools,MAXI - DAI.e,,False,0.26468,233.99,0.0,0.1,1777854563
All Pools,COQ - NOCHILL,,False,0.25709,15.12,0.0,1.55,1777854563
All Pools,FollowTheWhiteRabbit - TheGospelOfMary,,False,0.25364,156.59,0.0,0.15,1777854563
All Pools,USDt - IMPACT2,,False,0.25106,71.19,0.0,0.32,1777854563
All Pools,JEWEL - USDC,,False,0.24402,4483.02,0.0,0.0,1777854563
All Pools,SOL - USDC,,False,0.24373,23.98,0.0,0.93,1777854563
All Pools,WETH.e - USDC,,False,0.24024,22.6,0.0,0.97,1777854563
All Pools,MU - DAI.e,,False,0.23315,243.97,0.0,0.09,1777854563
All Pools,AVAX - SPT,,False,0.2316,16.21,0.0,1.3,1777854563
All Pools,AI - AVAX,,False,0.22638,4302.73,0.0,0.0,1777854563
All Pools,MaryMagdalene - TheGospelOfMary,,False,0.22466,268.71,0.0,0.08,1777854563
All Pools,BUSD - USDC,,False,0.2222,7.678,0.0,2.64,1777854563
All Pools,VENG - AVAX,,False,0.21857,60.03,0.0,0.33,1777854563
All Pools,WETH.e - REDWOLF,,False,0.2122,101.18,0.0,0.19,1777854563
All Pools,AVAX - ZUBAX,,False,0.20872,115.4,0.0,0.17,1777854563
All Pools,BrideOfChrist - FollowTheWhiteRabbit,,False,0.20682,725.82,0.0,0.03,1777854563
All Pools,ABC - AVAX,,False,0.20114,1066.59,0.0,0.02,1777854563
All Pools,miMatic - USDC.e,,False,0.20104,23.04,0.0,0.8,1777854563
All Pools,Trinity - LuciferMorningstar,,False,0.19907,346554916.0,0.0,0.0,1777854563
All Pools,WBTC - AVAX,,False,0.19056,40.29,0.0,0.43,1777854563
All Pools,ZUBAX - USDT.e,,False,0.18656,183.42,0.0,0.09,1777854563
All Pools,WBTC.e - ONION,,False,0.18655,404.26,0.0,0.04,1777854563
All Pools,BTC.b - REDWOLF,,False,0.18362,118.41,0.0,0.14,1777854563
All Pools,NOCHILL - OX,,False,0.18304,13090.0,0.0,0.0,1777854563
All Pools,MaryMagdalene - Gravity,,False,0.18139,131.22,0.0,0.13,1777854563
All Pools,BOI - MU,,False,0.18051,1.117,0.0,14.75,1777854563
All Pools,USDC - CHAM,,False,0.17794,49.73,0.0,0.33,1777854563
All Pools,Psychic - Meaning,,False,0.17694,308.01,0.0,0.05,1777854563
All Pools,Meaning - AVAX,,False,0.1765,443.99,0.0,0.04,1777854563
All Pools,- AMI,,False,0.17328,12.92,0.0,1.22,1777854563
All Pools,AVAX - TOPIA,,False,0.1722,518.19,0.0,0.03,1777854563
All Pools,USDC - USD+,,False,0.17105,32.67,0.0,0.48,1777854563
All Pools,Gold - Now,,False,0.16939,900.09,0.0,0.02,1777854563
All Pools,CQK - USDC,,False,0.16846,34.87,0.0,0.44,1777854563
All Pools,CQK - AVAX,,False,0.16838,129.45,0.0,0.12,1777854563
All Pools,USDC - yyAVAX,,False,0.1683,14.1,0.0,1.09,1777854563
All Pools,COQ - BOOTY,,False,0.1661,10.3,0.0,1.47,1777854563
All Pools,AVAX - LuciferMorningstar,,False,0.16341,14.41,0.0,1.03,1777854563
All Pools,USDC - SPT,,False,0.16237,40.51,0.0,0.37,1777854563
All Pools,JOE - KRW,,False,0.16234,234.26,0.0,0.06,1777854563
All Pools,KRW - AVAX,,False,0.16211,448.12,0.0,0.03,1777854563
All Pools,PTOP1000 - TOPIA,,False,0.16114,100.62,0.0,0.15,1777854563
All Pools,USDt - RUX,,False,0.15924,15977.0,0.0,0.0,1777854563
All Pools,RUX - AVAX,,False,0.15923,29.93,0.0,0.49,1777854563
All Pools,COQ - AMI,,False,0.15856,13.85,0.0,1.04,1777854563
All Pools,BLSEYE🎯 - MEOW,,False,0.15705,688.7,0.0,0.02,1777854563
All Pools,BOI - AMI,,False,0.15348,0.95033,0.0,14.74,1777854563
All Pools,COQ - bCASH,,False,0.15148,17.92,0.0,0.77,1777854563
All Pools,HUSKY - MUG,,False,0.15044,23.92,0.0,0.57,1777854563
All Pools,AVAX - SNOB,,False,0.14793,956.82,0.0,0.01,1777854563
All Pools,HEFE - AMI,,False,0.14722,1.718,0.0,7.82,1777854563
All Pools,AVAX - LYLY,,False,0.14598,71.36,0.0,0.19,1777854563
All Pools,USDC.e - WISE,,False,0.14572,45.61,0.0,0.29,1777854563
All Pools,AVAX - WISE,,False,0.1457,77.43,0.0,0.17,1777854563
All Pools,$Crazy - AVAX,,False,0.14483,1002.6,0.0,0.01,1777854563
All Pools,AVAI - AVAX,,False,0.14473,28.94,0.0,0.46,1777854563
All Pools,Psychic - Ducks,,False,0.14143,314.81,0.0,0.04,1777854563
All Pools,Ducks - AVAX,,False,0.14108,284.15,0.0,0.05,1777854563
All Pools,WBTC.e - REDWOLF,,False,0.13695,58.52,0.0,0.21,1777854563
All Pools,Priory - AVAX,,False,0.13551,75.63,0.0,0.16,1777854563
All Pools,FollowTheWhiteRabbit - Priory,,False,0.1355,917.22,0.0,0.01,1777854563
All Pools,UST - USDC,,False,0.13481,4.35,0.0,2.83,1777854563
All Pools,BrideOfChrist - BLACK,,False,0.1345,32.83,0.0,0.37,1777854563
All Pools,AVAX - ELK,,False,0.1287,69.31,0.0,0.17,1777854563
All Pools,DéjàVu - Gravity,,False,0.1273,206.95,0.0,0.06,1777854563
All Pools,Psychic - Jjj,,False,0.12555,314.94,0.0,0.04,1777854563
All Pools,Jjj - AVAX,,False,0.12528,284.48,0.0,0.04,1777854563
All Pools,COQ - REDWOLF,,False,0.12513,12.1,0.0,0.94,1777854563
All Pools,MaryMagdalene - BrideOfChrist,,False,0.12494,119.38,0.0,0.1,1777854563
All Pools,WETH.e - SURE,,False,0.12336,1074.33,0.0,0.01,1777854563
All Pools,ElvisJackpot - BLACK,,False,0.12213,17.47,0.0,0.64,1777854563
All Pools,AVAX - XPOW,,False,0.12033,39.38,0.0,0.28,1777854563
All Pools,miMatic - AVAX,,False,0.1196,36.14,0.0,0.3,1777854563
All Pools,VELAI - AVAX,,False,0.11947,0.32215,0.0,33.84,1777854563
All Pools,USDC.e - SOL,,False,0.11818,41.61,0.0,0.26,1777854563
All Pools,RoselineBloodline - AVAX,,False,0.11798,43.81,0.0,0.25,1777854563
All Pools,Psychic - MeaningOfNumbers,,False,0.11659,315.15,0.0,0.03,1777854563
All Pools,AVAX - MeaningOfNumbers,,False,0.11634,284.38,0.0,0.04,1777854563
All Pools,VEE - USDC,,False,0.11627,32.01,0.0,0.33,1777854563
All Pools,TECH - OX,,False,0.11507,4872.26,0.0,0.0,1777854563
All Pools,YEEHAW - AVAX,,False,0.11236,31.4,0.0,0.33,1777854563
All Pools,AVAX - CHAM,,False,0.11063,32.45,0.0,0.31,1777854563
All Pools,COQ - KOVIN,,False,0.10927,12.74,0.0,0.78,1777854563
All Pools,COQ - LYLY,,False,0.10891,15.01,0.0,0.66,1777854563
All Pools,LUNA - LUNA,,False,0.10864,2.447,0.0,4.05,1777854563
All Pools,RPEPE - AVAX,,False,0.10797,6282.16,0.0,0.0,1777854563
All Pools,wsOHM - AVAX,,False,0.10719,21.81,0.0,0.45,1777854563
All Pools,Psychic - DéjàVu,,False,0.1071,196.01,0.0,0.05,1777854563
All Pools,Psychic - Xmas,,False,0.10647,295.87,0.0,0.03,1777854563
All Pools,Xmas - AVAX,,False,0.10626,267.7,0.0,0.04,1777854563
All Pools,AMI - TOPIA,,False,0.10546,220.06,0.0,0.04,1777854563
All Pools,WarpSpeed - AVAX,,False,0.10421,136.96,0.0,0.07,1777854563
All Pools,Gravity - WarpSpeed,,False,0.10419,83.97,0.0,0.11,1777854563
All Pools,Psychic - BlackAndGold,,False,0.10413,314.64,0.0,0.03,1777854563
All Pools,AVAX - BlackAndGold,,False,0.10394,285.87,0.0,0.03,1777854563
All Pools,AVAX - APOW,,False,0.1028,38.92,0.0,0.24,1777854563
All Pools,LINK.e - REDWOLF,,False,0.10271,80.14,0.0,0.12,1777854563
All Pools,HOST - DAI.e,,False,0.10204,2574.51,0.0,0.0,1777854563
All Pools,Psychic - Prometheus,,False,0.10176,306.23,0.0,0.03,1777854563
All Pools,AVAX - Prometheus,,False,0.10156,277.62,0.0,0.03,1777854563
All Pools,XAUt0 - ElvisJackpot,,False,0.10152,331.55,0.0,0.03,1777854563
All Pools,Orange - AVAX,,False,0.10102,86.84,0.0,0.11,1777854563
All Pools,WLRS - USDC.e,,False,0.10096,4533.0,0.0,0.0,1777854563
All Pools,WOO.e - AVAX,,False,0.09893,103.57,0.0,0.09,1777854563
All Pools,PTOP1100 - TOPIA,,False,0.09871,149.69,0.0,0.06,1777854563
All Pools,CGS - AVAX,,False,0.09832,65.38,0.0,0.14,1777854563
All Pools,CGS - USDC.e,,False,0.09768,157.59,0.0,0.06,1777854563
All Pools,COQ - MCV,,False,0.09721,9.582,0.0,0.93,1777854563
All Pools,AVAX - ChristMark,,False,0.09704,355.0,0.0,0.02,1777854563
All Pools,TrumpTower - AVAX,,False,0.09599,157.37,0.0,0.06,1777854563
All Pools,TrumpTower - Gravity,,False,0.09598,75.16,0.0,0.12,1777854563
All Pools,AVAT - USDC,,False,0.09472,40.29,0.0,0.21,1777854563
All Pools,USDt - MILO,,False,0.09457,16.95,0.0,0.51,1777854563
All Pools,AVAX - MILO,,False,0.09456,1128.62,0.0,0.01,1777854563
All Pools,Psychic - MerryXmas,,False,0.09141,290.0,0.0,0.03,1777854563
All Pools,MerryXmas - AVAX,,False,0.09121,262.52,0.0,0.03,1777854563
All Pools,DCAU - MIM,,False,0.08869,310.68,0.0,0.03,1777854563
All Pools,MIM - GRAPE,,False,0.08861,2396.32,0.0,0.0,1777854563
All Pools,WLRS - GRAPE,,False,0.08859,78.33,0.0,0.1,1777854563
All Pools,MIM - PAPA,,False,0.08844,414.93,0.0,0.02,1777854563
All Pools,FollowTheWhiteRabbit - DivineFeminine,,False,0.08533,671.22,0.0,0.01,1777854563
All Pools,UNI.e - REDWOLF,,False,0.08514,9.683,0.0,0.8,1777854563
All Pools,Psychic - DiamondbackGall,,False,0.08208,315.32,0.0,0.02,1777854563
All Pools,DiamondbackGall - AVAX,,False,0.08191,286.48,0.0,0.03,1777854563
All Pools,NOCHILL - KET,,False,0.08127,16.39,0.0,0.45,1777854563
All Pools,AVAX - FORT,,False,0.0802,38.89,0.0,0.19,1777854563
All Pools,MIM - FORT,,False,0.08016,18120.0,0.0,0.0,1777854563
All Pools,SURE - DAI.e,,False,0.07996,27.71,0.0,0.26,1777854563
All Pools,Psychic - Serpentarius,,False,0.07995,320.19,0.0,0.02,1777854563
All Pools,Serpentarius - AVAX,,False,0.0798,290.09,0.0,0.03,1777854563
All Pools,MIM - wsOHM,,False,0.07815,1091.97,0.0,0.01,1777854563
All Pools,COQ - MU,,False,0.07751,4.485,0.0,1.58,1777854563
All Pools,Orange - DivineFeminine,,False,0.07472,1094.04,0.0,0.01,1777854563
All Pools,AVAX - MUG,,False,0.07372,346.78,0.0,0.02,1777854563
All Pools,SUB - USDC,,False,0.07358,13.24,0.0,0.51,1777854563
All Pools,AVAX - SDOG,,False,0.07269,10.08,0.0,0.66,1777854563
All Pools,USDC - APOW,,False,0.07091,20.07,0.0,0.32,1777854563
All Pools,AVAX - Nala,,False,0.06978,25.23,0.0,0.25,1777854563
All Pools,HEFE - HIGHER,,False,0.06904,0.86404,0.0,7.29,1777854563
All Pools,SLUSH - AVAX,,False,0.06903,58.34,0.0,0.11,1777854563
All Pools,SLUSH - USDT.e,,False,0.06902,60.06,0.0,0.1,1777854563
All Pools,SNP - AVAX,,False,0.06899,11.4,0.0,0.55,1777854563
All Pools,COQ - SNP,,False,0.06868,26.05,0.0,0.24,1777854563
All Pools,MU - COQAI,,False,0.06856,6.439,0.0,0.97,1777854563
All Pools,IMPACT2 - EURC,,False,0.06811,46.77,0.0,0.13,1777854563
All Pools,AVVO - DAI.e,,False,0.0681,39.13,0.0,0.16,1777854563
All Pools,AVAT - AVAX,,False,0.06781,21.2,0.0,0.29,1777854563
All Pools,USDC - XPOW,,False,0.06621,20.14,0.0,0.3,1777854563
All Pools,USDt - DXN,,False,0.06619,215.56,0.0,0.03,1777854563
All Pools,REDWOLF - SOL,,False,0.0661,74.04,0.0,0.08,1777854563
All Pools,AVAX - DUO,,False,0.0658,70.38,0.0,0.09,1777854563
All Pools,USDT.e - DUO,,False,0.06579,57.37,0.0,0.1,1777854563
All Pools,USDt - REDWOLF,,False,0.06561,14.87,0.0,0.4,1777854563
All Pools,Psychic - Stolen,,False,0.06364,84.48,0.0,0.07,1777854563
All Pools,UST - UST,,False,0.06272,1.823,0.0,3.14,1777854563
All Pools,HIGHER - AVAX,,False,0.06236,1.83,0.0,3.11,1777854563
All Pools,WETH.e - yyAVAX,,False,0.06223,19.04,0.0,0.3,1777854563
All Pools,FollowTheWhiteRabbit - RoselineBloodline,,False,0.06214,41.23,0.0,0.14,1777854563
All Pools,PAPA - AVAX,,False,0.06185,30.47,0.0,0.19,1777854563
All Pools,MCV - AVAX,,False,0.06175,394.75,0.0,0.01,1777854563
All Pools,HOST - AVAX,,False,0.0607,105.14,0.0,0.05,1777854563
All Pools,USDC - LODE,,False,0.06066,880.35,0.0,0.01,1777854563
All Pools,USDT.e - XAVA,,False,0.0605,11.18,0.0,0.49,1777854563
All Pools,USDC - AMI,,False,0.06029,0.66461,0.0,8.28,1777854563
All Pools,AVAX - BLACK,,False,0.0594,5.953,0.0,0.91,1777854563
All Pools,Go - AVAX,,False,0.05917,138.09,0.0,0.04,1777854563
All Pools,MELT - AVAX,,False,0.05891,24.53,0.0,0.22,1777854563
All Pools,FITFI - USDC,,False,0.05876,0.45068,0.0,11.9,1777854563
All Pools,Gravity - TheGospelOfMary,,False,0.05701,33.75,0.0,0.15,1777854563
All Pools,USDT.e - ZABU,,False,0.05699,48.27,0.0,0.11,1777854563
All Pools,DFIAT - AVAX,,False,0.05661,7461.08,0.0,0.0,1777854563
All Pools,DFIAT - USDT.e,,False,0.05661,28.15,0.0,0.18,1777854563
All Pools,Hopi - Now,,False,0.05643,712.07,0.0,0.01,1777854563
All Pools,Hopi - AVAX,,False,0.05642,214.14,0.0,0.02,1777854563
All Pools,MaryMagdalene - RoselineBloodline,,False,0.05595,46.37,0.0,0.11,1777854563
All Pools,METAG - AVAX,,False,0.0555,24.01,0.0,0.21,1777854563
All Pools,METAG - USDt,,False,0.0555,15.98,0.0,0.32,1777854563
All Pools,Yellow - AVAX,,False,0.05503,260.08,0.0,0.02,1777854563
All Pools,Psychic - CommieSukey,,False,0.05502,314.76,0.0,0.02,1777854563
All Pools,Gravity - NaughtiusMaximus,,False,0.05498,4.984,0.0,1.01,1777854563
All Pools,CommieSukey - AVAX,,False,0.05492,284.96,0.0,0.02,1777854563
All Pools,USDt - XPOW,,False,0.05417,20.1,0.0,0.25,1777854563
All Pools,COQ - MEAT,,False,0.05279,0.70017,0.0,6.88,1777854563
All Pools,SOB - LUNA,,False,0.05243,1.291,0.0,3.71,1777854563
All Pools,Psychic - Yellow,,False,0.05201,81.89,0.0,0.06,1777854563
All Pools,AMI - JUICY,,False,0.05198,0.91675,0.0,5.17,1777854563
All Pools,AVAX - SantaGospel,,False,0.05185,131.9,0.0,0.04,1777854563
All Pools,SYMBIOT - AVAX,,False,0.05001,90.54,0.0,0.05,1777854563
All Pools,AVAX - WXGEM,,False,0.04987,1203.78,0.0,0.0,1777854563
All Pools,TOMB - USDC,,False,0.04979,10.55,0.0,0.43,1777854563
All Pools,HEFE - Always,,False,0.0497,0.83722,0.0,5.42,1777854563
All Pools,AVAX - ZABU,,False,0.04836,30.03,0.0,0.15,1777854563
All Pools,SYMBIOT - DAI.e,,False,0.04785,464.88,0.0,0.01,1777854563
All Pools,BTC.b - MU,,False,0.04774,11.26,0.0,0.39,1777854563
All Pools,QI - LYLY,,False,0.04774,2.685,0.0,1.62,1777854563
All Pools,ALOT - USDC.e,,False,0.04771,9.212,0.0,0.47,1777854563
All Pools,Blue - AVAX,,False,0.04618,257.93,0.0,0.02,1777854563
All Pools,COQ - JUICY,,False,0.046,0.69818,0.0,6.01,1777854563
All Pools,Psychic - Nala,,False,0.04504,266.05,0.0,0.02,1777854563
All Pools,GAINS - MEAT,,False,0.04497,0.97485,0.0,4.21,1777854563
All Pools,SURE - USDC.e,,False,0.04456,23.34,0.0,0.17,1777854563
All Pools,AVAX - ETH,,False,0.04411,16.31,0.0,0.25,1777854563
All Pools,JOE - EXP,,False,0.04274,13373099.0,0.0,0.0,1777854563
All Pools,Stolen - AVAX,,False,0.04203,17.29,0.0,0.22,1777854563
All Pools,Anon - AVAX,,False,0.04165,13.88,0.0,0.27,1777854563
All Pools,Who - AVAX,,False,0.04139,137.21,0.0,0.03,1777854563
All Pools,AVAX - GAU,,False,0.04131,9.069,0.0,0.42,1777854563
All Pools,Trinity - Stolen,,False,0.04098,29.07,0.0,0.13,1777854563
All Pools,AMI - COQAI,,False,0.04009,4.108,0.0,0.89,1777854563
All Pools,TOPIA - PTOP800,,False,0.03947,144.97,0.0,0.02,1777854563
All Pools,Psychic - Blue,,False,0.03885,81.31,0.0,0.04,1777854563
All Pools,GOOD - GAINS,,False,0.03829,3.701,0.0,0.94,1777854563
All Pools,REDWOLF - SHRAP,,False,0.03799,1.191,0.0,2.91,1777854563
All Pools,RUGPULL - MUG,,False,0.03764,183.1,0.0,0.02,1777854563
All Pools,FollowTheWhiteRabbit - StatueOfLiberty,,False,0.03761,507.96,0.0,0.01,1777854563
All Pools,StatueOfLiberty - AVAX,,False,0.0376,14.61,0.0,0.23,1777854563
All Pools,meGNX - AVAX,,False,0.03724,17.27,0.0,0.2,1777854563
All Pools,LIBRE - USDC.e,,False,0.03709,14.75,0.0,0.23,1777854563
All Pools,MELT - USDT.e,,False,0.03679,30.66,0.0,0.11,1777854563
All Pools,Psychic - Who,,False,0.03677,73.63,0.0,0.05,1777854563
All Pools,TruthClosure - BLACK,,False,0.03671,25.54,0.0,0.13,1777854563
All Pools,TruthClosure - AVAX,,False,0.03671,11.43,0.0,0.29,1777854563
All Pools,Gravity - ChristMark,,False,0.0363,15.37,0.0,0.22,1777854563
All Pools,Psychic - Go,,False,0.03609,73.39,0.0,0.04,1777854563
All Pools,Gladiator - USDC,,False,0.0359,561.71,0.0,0.01,1777854563
All Pools,aDXN - AVAX,,False,0.03528,3.597,0.0,0.89,1777854563
All Pools,WINK - NOCHILL,,False,0.03527,0.98912,0.0,3.25,1777854563
All Pools,Psychic - ArniStitch,,False,0.03501,314.9,0.0,0.01,1777854563
All Pools,ArniStitch - AVAX,,False,0.03495,284.26,0.0,0.01,1777854563
All Pools,aDXN - aXEN,,False,0.03479,0.60477,0.0,5.25,1777854563
All Pools,GAINS - COQ,,False,0.03397,1.983,0.0,1.56,1777854563
All Pools,Chrism - BLACK,,False,0.03389,2.347,0.0,1.32,1777854563
All Pools,CNR - USDC,,False,0.03342,4.804,0.0,0.63,1777854563
All Pools,MIM - DAI.e,,False,0.0328,52.03,0.0,0.06,1777854563
All Pools,GAS - AVAX,,False,0.03215,226.16,0.0,0.01,1777854563
All Pools,NOCHILL - AMI,,False,0.03215,6.046,0.0,0.49,1777854563
All Pools,USDt - APOW,,False,0.03195,20.08,0.0,0.15,1777854563
All Pools,SURE - AVAX,,False,0.03179,7.024,0.0,0.41,1777854563
All Pools,FITFI - USDC.e,,False,0.03161,0.24247,0.0,11.9,1777854563
All Pools,USDt - NEMO,,False,0.03143,96.34,0.0,0.03,1777854563
All Pools,AVAX - NEMO,,False,0.03143,7.697,0.0,0.37,1777854563
All Pools,AVAX - MICRO,,False,0.0312,23.44,0.0,0.12,1777854563
All Pools,COQ - MICRO,,False,0.03104,3.685,0.0,0.77,1777854563
All Pools,CNR - USDt,,False,0.03071,4.823,0.0,0.58,1777854563
All Pools,AVAX - Strength,,False,0.03012,139.08,0.0,0.02,1777854563
All Pools,BLUB - AVAX,,False,0.02976,46.74,0.0,0.0,1777854563
All Pools,FLAKE - USDT.e,,False,0.02939,50.89,0.0,0.05,1777854563
All Pools,FLAKE - AVAX,,False,0.02939,21.23,0.0,0.13,1777854563
All Pools,Psychic - SantaGospel,,False,0.02909,73.08,0.0,0.04,1777854563
All Pools,SLIME - USDt,,False,0.02906,7.29,0.0,0.36,1777854563
All Pools,SLIME - AVAX,,False,0.02905,21293.0,0.0,0.0,1777854563
All Pools,wsOHM - USDC.e,,False,0.02905,42.16,0.0,0.06,1777854563
All Pools,LIRA - AVAX,,False,0.02893,13.04,0.0,0.2,1777854563
All Pools,LoveYou - Gravity,,False,0.02878,56.27,0.0,0.05,1777854563
All Pools,LoveYou - AVAX,,False,0.02876,60.63,0.0,0.04,1777854563
All Pools,QI - REDWOLF,,False,0.02843,1.554,0.0,1.67,1777854563
All Pools,SOB - AVAX,,False,0.02831,541.43,0.0,0.0,1777854563
All Pools,AVAX - STRAW,,False,0.02822,15.7,0.0,0.16,1777854563
All Pools,NaughtiusMaximus - Seventeen,,False,0.02793,848.74,0.0,0.0,1777854563
All Pools,USDC - BVAX,,False,0.02791,30.47,0.0,0.08,1777854563
All Pools,WINK - MU,,False,0.0277,0.51343,0.0,4.92,1777854563
All Pools,MaryMagdalene - LadyMary,,False,0.02765,17.25,0.0,0.15,1777854563
All Pools,AVAX - NaughtiusMaximus,,False,0.02746,439.04,0.0,0.01,1777854563
All Pools,MIM - USDC,,False,0.0272,76.67,0.0,0.03,1777854563
All Pools,DAI.e - STRAW,,False,0.02696,34.35,0.0,0.07,1777854563
All Pools,Stolen - BLACK,,False,0.02693,5.292,0.0,0.46,1777854563
All Pools,LoveIsTheKey - AVAX,,False,0.02675,14.79,0.0,0.17,1777854563
All Pools,LoveIsTheKey - BLACK,,False,0.02675,7.83,0.0,0.31,1777854563
All Pools,YEEHAW - USDC,,False,0.02671,12.65,0.0,0.19,1777854563
All Pools,KrisKringle - Gravity,,False,0.02626,77.35,0.0,0.03,1777854563
All Pools,KrisKringle - AVAX,,False,0.02625,25.86,0.0,0.09,1777854563
All Pools,USDC - WSPP,,False,0.02568,43.76,0.0,0.05,1777854563
All Pools,Orange - BLACK,,False,0.02552,4.058,0.0,0.57,1777854563
All Pools,AVAX - EROL,,False,0.02487,73.79,0.0,0.0,1777854563
All Pools,Trinity - Nala,,False,0.02485,40.07,0.0,0.06,1777854563
All Pools,NOCHILL - REDWOLF,,False,0.02451,3.497,0.0,0.64,1777854563
All Pools,GURS - ARENA,,False,0.02401,7.326,0.0,0.3,1777854563
All Pools,MAI - TOMB,,False,0.0236,130.2,0.0,0.02,1777854563
All Pools,BTC.b - USDC,,False,0.02356,4.658,0.0,0.46,1777854563
All Pools,YEEHAW - BTC.b,,False,0.02345,126.63,0.0,0.02,1777854563
All Pools,JPYC - USDC.e,,False,0.02335,4.788,0.0,0.44,1777854563
All Pools,Go - BLACK,,False,0.02315,4.748,0.0,0.44,1777854563
All Pools,Gil - AVAX,,False,0.02308,17.04,0.0,0.12,1777854563
All Pools,Matter - AVAX,,False,0.02291,79.45,0.0,0.03,1777854563
All Pools,Orange - Matter,,False,0.02287,8944.4,0.0,0.0,1777854563
All Pools,BLACK - SantaGospel,,False,0.02281,4.715,0.0,0.44,1777854563
All Pools,MEAT - MU,,False,0.02281,0.49386,0.0,4.21,1777854563
All Pools,AAVE.e - meGNX,,False,0.02271,4.005,0.0,0.52,1777854563
All Pools,NineHundred - AVAX,,False,0.0225,137.49,0.0,0.01,1777854563
All Pools,JOE - ZABU,,False,0.0224,18.44,0.0,0.11,1777854563
All Pools,Strength - BLACK,,False,0.02219,4.755,0.0,0.43,1777854563
All Pools,AVAX - BLANC,,False,0.02216,21.62,0.0,0.09,1777854563
All Pools,MIM - BLANC,,False,0.02215,8359.66,0.0,0.0,1777854563
All Pools,MELT - USDC.e,,False,0.02213,30.98,0.0,0.07,1777854563
All Pools,BTC.b - GMX,,False,0.02206,1.524,0.0,1.32,1777854563
All Pools,MIM - SPELL,,False,0.02205,7.594,0.0,0.26,1777854563
All Pools,Gil - DAI.e,,False,0.02204,28.51,0.0,0.07,1777854563
All Pools,JOE - QI,,False,0.02186,0.93052,0.0,2.14,1777854563
All Pools,Yellow - BLACK,,False,0.02173,4.758,0.0,0.42,1777854563
All Pools,HIGHER - AMI,,False,0.02147,3.26,0.0,0.6,1777854563
All Pools,DivineFeminine - AVAX,,False,0.02131,6.123,0.0,0.32,1777854563
All Pools,SMRT - XAVA,,False,0.02124,2.826,0.0,0.69,1777854563
All Pools,Psychic - NeatestQuackery,,False,0.02046,315.74,0.0,0.01,1777854563
All Pools,NeatestQuackery - AVAX,,False,0.02043,284.65,0.0,0.01,1777854563
All Pools,Mungo - AVAX,,False,0.02042,40.68,0.0,0.05,1777854563
All Pools,DéjàVu - Mungo,,False,0.02037,182.1,0.0,0.01,1777854563
All Pools,BENIS - NOCHILL,,False,0.01976,4.869,0.0,0.37,1777854563
All Pools,PNG - REDWOLF,,False,0.01972,4.224,0.0,0.43,1777854563
All Pools,Blue - BLACK,,False,0.01963,4.776,0.0,0.38,1777854563
All Pools,Who - BLACK,,False,0.01961,4.727,0.0,0.38,1777854563
All Pools,AVAX - Always,,False,0.01948,0.57986,0.0,3.07,1777854563
All Pools,wMEMO - AVAX,,False,0.0194,13.58,0.0,0.13,1777854563
All Pools,Hydrogen - BLACK,,False,0.01904,4.773,0.0,0.36,1777854563
All Pools,NineHundred - BLACK,,False,0.01897,4.741,0.0,0.37,1777854563
All Pools,Gladiator - AVAX,,False,0.01817,3.663,0.0,0.45,1777854563
All Pools,USDC.e - UST,,False,0.01798,1.72,0.0,0.95,1777854563
All Pools,Gladiator - AMI,,False,0.01779,367.21,0.0,0.0,1777854563
All Pools,Chrism - ChristMark,,False,0.01747,179.3,0.0,0.01,1777854563
All Pools,MAJIN - AVAX,,False,0.01744,4323.1,0.0,0.0,1777854563
All Pools,Psychic - NineHundred,,False,0.01735,72.81,0.0,0.02,1777854563
All Pools,ELE - AVAX,,False,0.01665,122.68,0.0,0.01,1777854563
All Pools,AVAX - COFI,,False,0.01657,605.45,0.0,0.0,1777854563
All Pools,DCAR - AVAX,,False,0.01653,1.085,0.0,1.39,1777854563
All Pools,COQ - COFI,,False,0.01648,1.823,0.0,0.82,1777854563
All Pools,ElvisJackpot - Gravity,,False,0.01633,19.03,0.0,0.08,1777854563
All Pools,GRELF[ava] - AVAX,,False,0.01632,1131.62,0.0,0.0,1777854563
All Pools,BNZ - WINK,,False,0.01626,0.47207,0.0,3.14,1777854563
All Pools,REDWOLF - ODDZ,,False,0.0162,1.528,0.0,0.97,1777854563
All Pools,USDT.e - EXP,,False,0.01607,44264947.0,0.0,0.0,1777854563
All Pools,AVAX - BOBS,,False,0.01557,5422.13,0.0,0.0,1777854563
All Pools,KLO - USDT.e,,False,0.01536,5.648,0.0,0.25,1777854563
All Pools,ORNG - JUICE,,False,0.01514,2.734,0.0,0.51,1777854563
All Pools,KIMBO - COQ,,False,0.01494,1.666,0.0,0.82,1777854563
All Pools,USDC.e - SPADE,,False,0.01492,16.12,0.0,0.08,1777854563
All Pools,QI - USDC.e,,False,0.01479,0.80248,0.0,1.68,1777854563
All Pools,OH - AVAX,,False,0.01472,92.85,0.0,0.01,1777854563
All Pools,GMX - USDC,,False,0.01464,0.89246,0.0,1.5,1777854563
All Pools,DUO - USDT.e,,False,0.01456,7.31,0.0,0.18,1777854563
All Pools,GAINS - BOBS,,False,0.01456,2.225,0.0,0.6,1777854563
All Pools,RUG - USDT.e,,False,0.01455,14.77,0.0,0.09,1777854563
All Pools,wALGO - USDC,,False,0.01435,2.801,0.0,0.47,1777854563
All Pools,wALGO - AVAX,,False,0.01435,159.55,0.0,0.01,1777854563
All Pools,AVAX - WSPP,,False,0.0142,2.943,0.0,0.44,1777854563
All Pools,Yule - Seventeen,,False,0.01393,272.75,0.0,0.0,1777854563
All Pools,AVAX - GG,,False,0.01378,9.344,0.0,0.13,1777854563
All Pools,MIM - GG,,False,0.01378,291.3,0.0,0.0,1777854563
All Pools,LINK.e - MU,,False,0.01375,7.365,0.0,0.17,1777854563
All Pools,WETH.e - meGNX,,False,0.01355,6.547,0.0,0.19,1777854563
All Pools,AVAX - LoveWins,,False,0.01352,7.722,0.0,0.16,1777854563
All Pools,FollowTheWhiteRabbit - LoveWins,,False,0.01352,150.94,0.0,0.01,1777854563
All Pools,AVAX - IMPACT,,False,0.0135,6.213,0.0,0.2,1777854563
All Pools,USDT.e - TMT,,False,0.01344,26.19,0.0,0.05,1777854563
All Pools,AVAX - TMT,,False,0.01343,7.089,0.0,0.17,1777854563
All Pools,NOCHILL - MU,,False,0.01343,2.175,0.0,0.56,1777854563
All Pools,USDC.e - RUG,,False,0.01329,24.9,0.0,0.05,1777854563
All Pools,AVAX - EROL,,False,0.01319,38.96,0.0,0.03,1777854563
All Pools,Trinity - Yule,,False,0.01312,1.43,0.0,0.84,1777854563
All Pools,ChristMark - ChristIAmYou,,False,0.01294,26.15,0.0,0.05,1777854563
All Pools,BLACK - ChristIAmYou,,False,0.0128,2.275,0.0,0.51,1777854563
All Pools,COQ - ARENA,,False,0.01274,1.215,0.0,0.96,1777854563
All Pools,WBTC.e - USDC.e,,False,0.01261,8.922,0.0,0.13,1777854563
All Pools,GAINS - Degen,,False,0.01254,2.011,0.0,0.57,1777854563
All Pools,Degen - AVAX,,False,0.0125,1981.88,0.0,0.0,1777854563
All Pools,Hydrogen - AVAX,,False,0.01208,257.87,0.0,0.0,1777854563
All Pools,JOE - ZUBAX,,False,0.01146,9.002,0.0,0.12,1777854563
All Pools,AVAX - QUASI,,False,0.01123,582.08,0.0,0.0,1777854563
All Pools,GAINS - QUASI,,False,0.01118,1.392,0.0,0.73,1777854563
All Pools,[i]Lluminati - BLACK,,False,0.01114,2.302,0.0,0.44,1777854563
All Pools,COQ - ZUM,,False,0.01113,1.1,0.0,0.92,1777854563
All Pools,ICUBE - USDT.e,,False,0.0107,107.95,0.0,0.01,1777854563
All Pools,ICUBE - AVAX,,False,0.01069,6.305,0.0,0.15,1777854563
All Pools,MIM - UNIV,,False,0.01059,20.18,0.0,0.05,1777854563
All Pools,UNIV - AVAX,,False,0.01059,10.08,0.0,0.1,1777854563
All Pools,USDC - USDT.e,,False,0.01029,154.37,0.0,0.01,1777854563
All Pools,BENIS - AVAX,,False,0.00998,15.36,0.0,0.06,1777854563
All Pools,XIO - USDC,,False,0.00998,24.51,0.0,0.04,1777854563
All Pools,XIO - AVAX,,False,0.00997,2.791,0.0,0.33,1777854563
All Pools,WDAO - MIM,,False,0.00986,23.33,0.0,0.04,1777854563
All Pools,WDAO - AVAX,,False,0.00986,19.41,0.0,0.05,1777854563
All Pools,GG - AVAX,,False,0.00973,12.2,0.0,0.07,1777854563
All Pools,MIM - GG,,False,0.00973,23.29,0.0,0.04,1777854563
All Pools,Psychic - Numbers,,False,0.00963,61.15,0.0,0.01,1777854563
All Pools,Numbers - BLACK,,False,0.00956,2.252,0.0,0.39,1777854563
All Pools,Psychic - Luck,,False,0.00952,61.16,0.0,0.01,1777854563
All Pools,Psychic - Mirror,,False,0.00949,61.12,0.0,0.01,1777854563
All Pools,SHERPA - AVAX,,False,0.00936,129.19,0.0,0.01,1777854563
All Pools,Trinity - FourFourFour,,False,0.00936,4.867,0.0,0.18,1777854563
All Pools,HIGHER - HOWDY,,False,0.00935,1.504,0.0,0.57,1777854563
All Pools,BANKSY - USDC.e,,False,0.00911,31.18,0.0,0.03,1777854563
All Pools,BANKSY - AVAX,,False,0.00911,23.07,0.0,0.04,1777854563
All Pools,KIMBO - AMI,,False,0.009,4.258,0.0,0.19,1777854563
All Pools,XAVA - HON,,False,0.00894,1.853,0.0,0.44,1777854563
All Pools,AVAX - TT,,False,0.00872,1.912,0.0,0.42,1777854563
All Pools,BTC.b - IMPACT,,False,0.00862,0.62803,0.0,1.25,1777854563
All Pools,KIWI - USDt,,False,0.00859,20.35,0.0,0.04,1777854563
All Pools,KIMBO - GAINS,,False,0.00855,1.348,0.0,0.58,1777854563
All Pools,JOE - aXEN,,False,0.00847,0.23494,0.0,3.29,1777854563
All Pools,Psychic - Finish,,False,0.00831,61.12,0.0,0.01,1777854563
All Pools,Psychic - Bonfire,,False,0.00831,61.15,0.0,0.01,1777854563
All Pools,Finish - BLACK,,False,0.00827,2.265,0.0,0.33,1777854563
All Pools,Bonfire - BLACK,,False,0.00826,2.252,0.0,0.33,1777854563
All Pools,GURS - NOCHILL,,False,0.00821,1.953,0.0,0.38,1777854563
All Pools,Psychic - WhoWhoWho,,False,0.00805,61.12,0.0,0.01,1777854563
All Pools,Psychic - Thick,,False,0.00797,61.14,0.0,0.01,1777854563
All Pools,SatoshiNakamoto - Psychic,,False,0.00795,61.16,0.0,0.01,1777854563
All Pools,Psychic - Strength,,False,0.00794,74.13,0.0,0.01,1777854563
All Pools,Psychic - Alphabet,,False,0.00793,61.17,0.0,0.01,1777854563
All Pools,Psychic - Oracle,,False,0.00791,61.16,0.0,0.01,1777854563
All Pools,Thick - BLACK,,False,0.00791,2.259,0.0,0.32,1777854563
All Pools,AVAX - LODE,,False,0.0079,1.012,0.0,0.71,1777854563
All Pools,SatoshiNakamoto - BLACK,,False,0.00789,2.251,0.0,0.32,1777854563
All Pools,Alphabet - BLACK,,False,0.00788,2.247,0.0,0.32,1777854563
All Pools,Psychic - Codes,,False,0.00777,61.17,0.0,0.01,1777854563
All Pools,Psychic - PennyTrinity,,False,0.00776,61.18,0.0,0.01,1777854563
All Pools,Codes - BLACK,,False,0.00771,2.248,0.0,0.31,1777854563
All Pools,Psychic - Penny,,False,0.00771,61.16,0.0,0.01,1777854563
All Pools,PennyTrinity - BLACK,,False,0.00771,2.245,0.0,0.31,1777854563
All Pools,Penny - BLACK,,False,0.00768,2.252,0.0,0.31,1777854563
All Pools,RUGPULL - AVAX,,False,0.00768,2.933,0.0,0.24,1777854563
All Pools,MIM - RUG,,False,0.00762,22.9,0.0,0.03,1777854563
All Pools,MUMO - USDC,,False,0.00761,8.219,0.0,0.08,1777854563
All Pools,Psychic - Verse,,False,0.00752,61.13,0.0,0.01,1777854563
All Pools,Eye - Psychic,,False,0.00751,61.16,0.0,0.01,1777854563
All Pools,USDT.e - BOREA,,False,0.00747,26.43,0.0,0.03,1777854563
All Pools,AVAX - BOREA,,False,0.00746,6.605,0.0,0.1,1777854563
All Pools,Eye - BLACK,,False,0.00746,2.251,0.0,0.3,1777854563
All Pools,DrainTheSwamp - FollowTheWhiteRabbit,,False,0.00746,10.91,0.0,0.06,1777854563
All Pools,DrainTheSwamp - AVAX,,False,0.00745,37.08,0.0,0.02,1777854563
All Pools,Psychic - Gematria,,False,0.00744,61.16,0.0,0.01,1777854563
All Pools,MIM - AUSD,,False,0.00742,34.8,0.0,0.02,1777854563
All Pools,bECH - AVAX,,False,0.00741,21.34,0.0,0.03,1777854563
All Pools,BLACK - Gematria,,False,0.00739,2.25,0.0,0.3,1777854563
All Pools,KOVIN - AVAX,,False,0.00735,3146.65,0.0,0.0,1777854563
All Pools,Psychic - Crypt,,False,0.00724,61.11,0.0,0.01,1777854563
All Pools,FINANCE - NOCHILL,,False,0.00723,484.14,0.0,0.0,1777854563
All Pools,Crypt - BLACK,,False,0.0072,2.268,0.0,0.29,1777854563
All Pools,Psychic - OneOneOne,,False,0.00718,61.15,0.0,0.01,1777854563
All Pools,USDC - OK,,False,0.00718,1.185,0.0,0.55,1777854563
All Pools,Psychic - Architect,,False,0.00716,61.16,0.0,0.01,1777854563
All Pools,USDR - USDC,,False,0.00716,41.02,0.0,0.02,1777854563
All Pools,Psychic - daVinci,,False,0.00714,61.15,0.0,0.01,1777854563
All Pools,OneOneOne - BLACK,,False,0.00713,2.252,0.0,0.29,1777854563
All Pools,Psychic - Gematria,,False,0.00713,61.16,0.0,0.01,1777854563
All Pools,Psychic - RefZip,,False,0.00712,61.15,0.0,0.01,1777854563
All Pools,Architect - BLACK,,False,0.00712,2.251,0.0,0.29,1777854563
All Pools,Psychic - Qubit,,False,0.0071,61.12,0.0,0.01,1777854563
All Pools,daVinci - BLACK,,False,0.00709,2.254,0.0,0.29,1777854563
All Pools,Psychic - Blessings,,False,0.00708,61.12,0.0,0.01,1777854563
All Pools,Gematria - BLACK,,False,0.00708,2.251,0.0,0.29,1777854563
All Pools,Psychic - Solved,,False,0.00708,61.16,0.0,0.01,1777854563
All Pools,RefZip - BLACK,,False,0.00707,2.254,0.0,0.29,1777854563
All Pools,Psychic - IAmThatIAm,,False,0.00706,61.16,0.0,0.01,1777854563
All Pools,FLOT - AVAX,,False,0.00705,4249.7,0.0,0.0,1777854563
All Pools,Psychic - Confusion,,False,0.00705,61.16,0.0,0.01,1777854563
All Pools,Solved - BLACK,,False,0.00703,2.251,0.0,0.28,1777854563
All Pools,Psychic - TwinFlames,,False,0.00703,61.85,0.0,0.01,1777854563
All Pools,BLACK - IAmThatIAm,,False,0.00702,2.25,0.0,0.28,1777854563
All Pools,SaintGermain - BLACK,,False,0.00701,2.455,0.0,0.26,1777854563
All Pools,FLOT - COQ,,False,0.00701,0.77507,0.0,0.83,1777854563
All Pools,Confusion - BLACK,,False,0.007,2.251,0.0,0.28,1777854563
All Pools,Psychic - TrumpCard,,False,0.00699,61.17,0.0,0.01,1777854563
All Pools,Psychic - Hydrogen,,False,0.00699,81.63,0.0,0.01,1777854563
All Pools,TRYB - USDC.e,,False,0.00699,31.32,0.0,0.02,1777854563
All Pools,Choice - Psychic,,False,0.00698,61.13,0.0,0.01,1777854563
All Pools,Psychic - YouAndI,,False,0.00694,61.15,0.0,0.01,1777854563
All Pools,TrumpCard - BLACK,,False,0.00694,2.247,0.0,0.28,1777854563
All Pools,Choice - BLACK,,False,0.00694,2.262,0.0,0.28,1777854563
All Pools,YouAndI - BLACK,,False,0.00691,2.253,0.0,0.28,1777854563
All Pools,Psychic - Partment,,False,0.0069,61.14,0.0,0.01,1777854563
All Pools,BLACK - Partment,,False,0.00687,2.256,0.0,0.28,1777854563
All Pools,Loyalty - Psychic,,False,0.00686,61.12,0.0,0.01,1777854563
All Pools,Loyalty - BLACK,,False,0.00683,2.265,0.0,0.28,1777854563
All Pools,SUB - AVAX,,False,0.00682,20.49,0.0,0.03,1777854563
All Pools,Psychic - BiTonic,,False,0.00681,61.16,0.0,0.01,1777854563
All Pools,Psychic - TheArcher,,False,0.00681,61.16,0.0,0.01,1777854563
All Pools,Psychic - Artemis,,False,0.00678,61.1,0.0,0.01,1777854563
All Pools,BiTonic - BLACK,,False,0.00677,2.249,0.0,0.27,1777854563
All Pools,TheArcher - BLACK,,False,0.00676,2.252,0.0,0.27,1777854563
All Pools,Artemis - BLACK,,False,0.00673,2.27,0.0,0.27,1777854563
All Pools,Psychic - Six,,False,0.00657,61.16,0.0,0.01,1777854563
All Pools,Psychic - Nine,,False,0.00654,61.14,0.0,0.01,1777854563
All Pools,Six - BLACK,,False,0.00653,2.252,0.0,0.26,1777854563
All Pools,USDt - USDC.e,,False,0.00653,14.19,0.0,0.04,1777854563
All Pools,Psychic - Who,,False,0.00652,61.16,0.0,0.01,1777854563
All Pools,Psychic - ElmoSunkGematria,,False,0.00652,61.17,0.0,0.01,1777854563
All Pools,Who - BLACK,,False,0.0065,2.245,0.0,0.26,1777854563
All Pools,Spider - Psychic,,False,0.0065,61.12,0.0,0.01,1777854563
All Pools,BLACK - Nine,,False,0.0065,2.259,0.0,0.26,1777854563
All Pools,Psychic - Zero,,False,0.00648,61.13,0.0,0.01,1777854563
All Pools,BLACK - ElmoSunkGematria,,False,0.00648,2.247,0.0,0.26,1777854563
All Pools,Spider - BLACK,,False,0.00646,2.266,0.0,0.26,1777854563
All Pools,Psychic - Lock,,False,0.00631,61.14,0.0,0.01,1777854563
All Pools,ABC - AMI,,False,0.00629,3.886,0.0,0.15,1777854563
All Pools,BTC.b - MUMO,,False,0.00629,4.767,0.0,0.12,1777854563
All Pools,Lock - BLACK,,False,0.00627,2.259,0.0,0.25,1777854563
All Pools,Psychic - KekiusMaximus,,False,0.0062,61.16,0.0,0.01,1777854563
All Pools,AVAX - KONG,,False,0.0062,7386.68,0.0,0.0,1777854563
All Pools,Psychic - Time,,False,0.00619,61.16,0.0,0.01,1777854563
All Pools,Psychic - SevenSevenSeven,,False,0.00617,61.16,0.0,0.01,1777854563
All Pools,KekiusMaximus - BLACK,,False,0.00616,2.25,0.0,0.25,1777854563
All Pools,Time - BLACK,,False,0.00616,2.249,0.0,0.25,1777854563
All Pools,SevenSevenSeven - BLACK,,False,0.00614,2.248,0.0,0.25,1777854563
All Pools,USDT.e - AVVO,,False,0.0061,4.008,0.0,0.14,1777854563
All Pools,Psychic - BirthingCode,,False,0.0061,61.16,0.0,0.01,1777854563
All Pools,Flection - Psychic,,False,0.00607,61.16,0.0,0.01,1777854563
All Pools,Flection - BLACK,,False,0.00603,2.249,0.0,0.24,1777854563
All Pools,Psychic - LordJesusChrist,,False,0.00602,58.59,0.0,0.01,1777854563
All Pools,Psychic - Diamonds,,False,0.006,61.16,0.0,0.01,1777854563
All Pools,Diamonds - BLACK,,False,0.00596,2.25,0.0,0.24,1777854563
All Pools,KLO - AVAX,,False,0.00595,14707.0,0.0,0.0,1777854563
All Pools,SYN - REDWOLF,,False,0.00594,2.554,0.0,0.21,1777854563
All Pools,MELT - USDC.e,,False,0.00593,6.994,0.0,0.08,1777854563
All Pools,MELT - AVAX,,False,0.00592,1121.03,0.0,0.0,1777854563
All Pools,MPL - AVAX,,False,0.00591,6.087,0.0,0.09,1777854563
All Pools,MPL - USDt,,False,0.00591,30.56,0.0,0.02,1777854563
All Pools,Psychic - Happy,,False,0.0059,61.16,0.0,0.01,1777854563
All Pools,USDT.e - GOT,,False,0.00589,12.82,0.0,0.04,1777854563
All Pools,AVAX - GOT,,False,0.00588,5.201,0.0,0.1,1777854563
All Pools,USDC.e - WOLF,,False,0.00585,8.736,0.0,0.06,1777854563
All Pools,AVAX - WOLF,,False,0.00584,73.14,0.0,0.01,1777854563
All Pools,GURS - HOWDY,,False,0.00581,1.85,0.0,0.29,1777854563
All Pools,Psychic - [In]finity,,False,0.00579,61.13,0.0,0.01,1777854563
All Pools,[In]finity - BLACK,,False,0.00576,2.258,0.0,0.23,1777854563
All Pools,LUNA - USDC,,False,0.00574,1.395,0.0,0.38,1777854563
All Pools,AVAX - NADO,,False,0.00572,7.688,0.0,0.07,1777854563
All Pools,MIM - NADO,,False,0.00572,1160.98,0.0,0.0,1777854563
All Pools,BNZ - AVAX,,False,0.0057,61.43,0.0,0.01,1777854563
All Pools,WETH.e - JOE,,False,0.00567,0.03709,0.0,13.94,1777854563
All Pools,Psychic - Alice,,False,0.00566,61.13,0.0,0.01,1777854563
All Pools,Psychic - WhoWho,,False,0.00566,61.16,0.0,0.01,1777854563
All Pools,Psychic - Sequence,,False,0.00564,61.17,0.0,0.01,1777854563
All Pools,WhoWho - BLACK,,False,0.00561,2.248,0.0,0.23,1777854563
All Pools,Sequence - BLACK,,False,0.00561,2.246,0.0,0.23,1777854563
All Pools,KIMBO - KOVIN,,False,0.00559,5.263,0.0,0.1,1777854563
All Pools,NOCHILL - WAIFU,,False,0.00549,162.34,0.0,0.0,1777854563
All Pools,GAINS - KONG,,False,0.00542,0.74492,0.0,0.66,1777854563
All Pools,AUSD - HUSKY,,False,0.0054,0.75681,0.0,0.65,1777854563
All Pools,AVAX - AMONKS,,False,0.0054,1572.45,0.0,0.0,1777854563
All Pools,REDWOLF - AMONKS,,False,0.00539,7.142,0.0,0.07,1777854563
All Pools,Psychic - Chrism,,False,0.00534,63.36,0.0,0.01,1777854563
All Pools,WETH - AVAX,,False,0.00525,1.321,0.0,0.36,1777854563
All Pools,Psychic - Line,,False,0.00524,61.92,0.0,0.01,1777854563
All Pools,Line - BLACK,,False,0.00521,1.943,0.0,0.24,1777854563
All Pools,ZUM - NOCHILL,,False,0.0052,1.247,0.0,0.38,1777854563
All Pools,WETH.e - BTCBR,,False,0.00512,0.05951,0.0,7.86,1777854563
All Pools,JOE - USDt,,False,0.00511,0.83734,0.0,0.56,1777854563
All Pools,Psychic - Ups,,False,0.00509,61.17,0.0,0.01,1777854563
All Pools,MIM - LIFE,,False,0.00508,66.79,0.0,0.01,1777854563
All Pools,LIFE - AVAX,,False,0.00508,7.169,0.0,0.06,1777854563
All Pools,JOE - CRA,,False,0.00506,10.85,0.0,0.04,1777854563
All Pools,BLACK - Ups,,False,0.00506,2.245,0.0,0.21,1777854563
All Pools,CRA - AVAX,,False,0.00505,9935.59,0.0,0.0,1777854563
All Pools,WETH.e - MU,,False,0.00505,2.04,0.0,0.23,1777854563
All Pools,COQ - EGG,,False,0.00501,0.57955,0.0,0.79,1777854563
All Pools,GAINS - DWC,,False,0.005,0.96318,0.0,0.47,1777854563
All Pools,AVAX - DWC,,False,0.00499,5943.64,0.0,0.0,1777854563
All Pools,GLOBA - AVAX,,False,0.00499,50.54,0.0,0.01,1777854563
All Pools,Milk - USDT.e,,False,0.00498,14.42,0.0,0.03,1777854563
All Pools,Milk - AVAX,,False,0.00498,6.574,0.0,0.07,1777854563
All Pools,AVAX - SPADE,,False,0.00494,5.998,0.0,0.08,1777854563
All Pools,USDt - IMPACT,,False,0.00488,3.354,0.0,0.13,1777854563
All Pools,3ULL - AVAX,,False,0.00485,46.69,0.0,0.01,1777854563
All Pools,GLOBA - DAI.e,,False,0.00477,51.95,0.0,0.01,1777854563
All Pools,GAINS - BAWLS,,False,0.00469,0.9113,0.0,0.47,1777854563
All Pools,BAWLS - AVAX,,False,0.00467,16.22,0.0,0.03,1777854563
All Pools,HIGHER - NOCHILL,,False,0.00457,0.34416,0.0,1.21,1777854563
All Pools,AAVE.e - USDT.e,,False,0.00449,2.583,0.0,0.16,1777854563
All Pools,COQ - SHEN,,False,0.00449,0.48298,0.0,0.85,1777854563
All Pools,LUNA - USDt,,False,0.00448,1.323,0.0,0.31,1777854563
All Pools,SHEN - AVAX,,False,0.00442,56.12,0.0,0.01,1777854563
All Pools,ARENA - MU,,False,0.00434,3.3,0.0,0.12,1777854563
All Pools,gOHM - JOE,,False,0.0043,3.902,0.0,0.1,1777854563
All Pools,SYN - USDC.e,,False,0.00427,1.2,0.0,0.32,1777854563
All Pools,GAINS - KOVIN,,False,0.0042,0.63759,0.0,0.6,1777854563
All Pools,Psychic - Number,,False,0.00419,61.17,0.0,0.01,1777854563
All Pools,Psychic - Vampire,,False,0.00418,61.16,0.0,0.01,1777854563
All Pools,Psychic - Aquarius,,False,0.00417,61.13,0.0,0.01,1777854563
All Pools,Number - BLACK,,False,0.00416,2.241,0.0,0.17,1777854563
All Pools,Aquarius - BLACK,,False,0.00413,2.258,0.0,0.17,1777854563
All Pools,SBR - AVAX,,False,0.00407,7.229,0.0,0.05,1777854563
All Pools,MIM - SBR,,False,0.00407,39.55,0.0,0.01,1777854563
All Pools,NOCHILL - ARENA,,False,0.00406,0.43946,0.0,0.84,1777854563
All Pools,WOLF - USDT.e,,False,0.00402,4.05,0.0,0.09,1777854563
All Pools,WOLF - AVAX,,False,0.00401,69.74,0.0,0.01,1777854563
All Pools,Psychic - TrueStory,,False,0.00397,61.17,0.0,0.01,1777854563
All Pools,TrueStory - BLACK,,False,0.00393,2.244,0.0,0.16,1777854563
All Pools,Psychic - Seminole,,False,0.00389,61.12,0.0,0.01,1777854563
All Pools,MIM - WOHM,,False,0.00387,85.72,0.0,0.0,1777854563
All Pools,AVAX - WOHM,,False,0.00386,3.342,0.0,0.11,1777854563
All Pools,Psychic - PoPo,,False,0.00386,61.17,0.0,0.01,1777854563
All Pools,Seminole - BLACK,,False,0.00384,2.261,0.0,0.15,1777854563
All Pools,Psychic - James,,False,0.00382,61.17,0.0,0.01,1777854563
All Pools,PoPo - BLACK,,False,0.00382,2.244,0.0,0.16,1777854563
All Pools,GURS - AMI,,False,0.00382,1.976,0.0,0.18,1777854563
All Pools,LUNA - USDC,,False,0.00382,0.12938,0.0,2.69,1777854563
All Pools,Psychic - FinityFinity,,False,0.0038,61.17,0.0,0.01,1777854563
All Pools,EHCNALAVA - AVAX,,False,0.00379,1494.92,0.0,0.0,1777854563
All Pools,KIMBO - EHCNALAVA,,False,0.00379,2.834,0.0,0.12,1777854563
All Pools,James - BLACK,,False,0.00378,2.241,0.0,0.15,1777854563
All Pools,FinityFinity - BLACK,,False,0.00377,2.242,0.0,0.15,1777854563
All Pools,WINK - AMI,,False,0.00375,0.11695,0.0,2.92,1777854563
All Pools,Psychic - QuetzalCoatl,,False,0.00373,61.17,0.0,0.01,1777854563
All Pools,AVAX - BAVA,,False,0.00371,11.24,0.0,0.03,1777854563
All Pools,QuetzalCoatl - BLACK,,False,0.00369,2.244,0.0,0.15,1777854563
All Pools,AVAX - OK,,False,0.00368,1.932,0.0,0.17,1777854563
All Pools,WETH.e - USDR,,False,0.00368,2.78,0.0,0.12,1777854563
All Pools,YEEHAW - AMI,,False,0.00367,9.4,0.0,0.04,1777854563
All Pools,GAINS - TECH,,False,0.00366,0.60993,0.0,0.55,1777854563
All Pools,GMX - JOE,,False,0.00363,0.41554,0.0,0.8,1777854563
All Pools,GMX - USDt,,False,0.0036,0.36999,0.0,0.89,1777854563
All Pools,GATOR - AMI,,False,0.00358,4.442,0.0,0.07,1777854563
All Pools,Psychic - Checkmate,,False,0.00351,61.3,0.0,0.01,1777854563
All Pools,AVAX - USDR,,False,0.00348,2.955,0.0,0.11,1777854563
All Pools,GG - AVAX,,False,0.00347,0.15853,0.0,2.0,1777854563
All Pools,Psychic - Equal,,False,0.00347,61.16,0.0,0.01,1777854563
All Pools,BTCBR - USDC,,False,0.00347,0.20023,0.0,1.58,1777854563
All Pools,Psychic - Abracadabra,,False,0.00345,61.14,0.0,0.01,1777854563
All Pools,WETH.e - STATIK,,False,0.00345,1.348,0.0,0.23,1777854563
All Pools,Equal - BLACK,,False,0.00344,2.245,0.0,0.14,1777854563
All Pools,Abracadabra - BLACK,,False,0.00342,2.254,0.0,0.14,1777854563
All Pools,Psychic - PlotTwist,,False,0.00341,62.52,0.0,0.0,1777854563
All Pools,AVXT - POLAR,,False,0.00341,0.44179,0.0,0.7,1777854563
All Pools,3ULL - USDt,,False,0.0034,2.508,0.0,0.12,1777854563
All Pools,Psychic - KatzJoel,,False,0.00325,61.14,0.0,0.0,1777854563
All Pools,NXPC - USDC,,False,0.00321,0.71444,0.0,0.41,1777854563
All Pools,Psychic - Hexagon,,False,0.00318,61.16,0.0,0.0,1777854563
All Pools,Hexagon - BLACK,,False,0.00314,2.247,0.0,0.13,1777854563
All Pools,HCT - AVAX,,False,0.00314,3.331,0.0,0.09,1777854563
All Pools,JOE - REDWOLF,,False,0.00303,3.907,0.0,0.07,1777854563
All Pools,USDC.e - TT,,False,0.00297,2.003,0.0,0.14,1777854563
All Pools,DCAU - DCAR,,False,0.00296,0.28496,0.0,0.95,1777854563
All Pools,PNG - USDT.e,,False,0.00276,0.88519,0.0,0.28,1777854563
All Pools,SB - DAI.e,,False,0.00275,0.12776,0.0,1.96,1777854563
All Pools,MU - SOL,,False,0.0027,1.314,0.0,0.19,1777854563
All Pools,MIM - EDG,,False,0.00263,7.825,0.0,0.03,1777854563
All Pools,AVAX - EDG,,False,0.00263,3.099,0.0,0.08,1777854563
All Pools,xJOE - AVAX,,False,0.00263,2.733,0.0,0.09,1777854563
All Pools,BUSD - USDT.e,,False,0.00262,0.07772,0.0,3.08,1777854563
All Pools,USDT.e - NORTH,,False,0.00259,26.61,0.0,0.01,1777854563
All Pools,AVAX - NORTH,,False,0.00258,2.09,0.0,0.11,1777854563
All Pools,ARENA - AMI,,False,0.00256,1.381,0.0,0.17,1777854563
All Pools,BGLD - USDT.e,,False,0.00253,16.92,0.0,0.01,1777854563
All Pools,BGLD - AVAX,,False,0.00252,4.332,0.0,0.05,1777854563
All Pools,ARENA - JUICY,,False,0.00245,0.0335,0.0,6.68,1777854563
All Pools,USDT.e - iBONE,,False,0.00245,4.797,0.0,0.05,1777854563
All Pools,AVAX - iBONE,,False,0.00245,5.36,0.0,0.04,1777854563
All Pools,BSGG - AVAX,,False,0.0024,3.816,0.0,0.06,1777854563
All Pools,KOKSAL - USDC,,False,0.00239,4.738,0.0,0.05,1777854563
All Pools,KOKSAL - AVAX,,False,0.00239,3.478,0.0,0.06,1777854563
All Pools,MIM - VYBE,,False,0.00228,3.714,0.0,0.06,1777854563
All Pools,AVAX - VYBE,,False,0.00228,3.233,0.0,0.06,1777854563
All Pools,TEDDY - AVAX,,False,0.00226,16.66,0.0,0.01,1777854563
All Pools,Psychic - Turtle,,False,0.00223,61.18,0.0,0.0,1777854563
All Pools,Psychic - Self,,False,0.00222,63.17,0.0,0.0,1777854563
All Pools,Self - BLACK,,False,0.0022,0.98978,0.0,0.2,1777854563
All Pools,YEEHAW - HIGHER,,False,0.00219,0.44867,0.0,0.44,1777854563
All Pools,STG - JOE,,False,0.00218,0.16551,0.0,1.2,1777854563
All Pools,XPOW - USDt,,False,0.00216,1.387,0.0,0.14,1777854563
All Pools,XPOW - AVAX,,False,0.00216,117.55,0.0,0.0,1777854563
All Pools,JPYC - AVAX,,False,0.00199,0.27248,0.0,0.67,1777854563
All Pools,WITCH - USDC,,False,0.00196,1.714,0.0,0.1,1777854563
All Pools,WITCH - AVAX,,False,0.00195,2.732,0.0,0.07,1777854563
All Pools,GATOR - ARENA,,False,0.00195,1.958,0.0,0.09,1777854563
All Pools,DUA - USDC,,False,0.00192,11.53,0.0,0.02,1777854563
All Pools,AVAX - DUA,,False,0.00192,2.044,0.0,0.09,1777854563
All Pools,WLRS - USDC,,False,0.00191,4.025,0.0,0.04,1777854563
All Pools,AKA - USDt,,False,0.0019,2.917,0.0,0.06,1777854563
All Pools,AKA - AVAX,,False,0.0019,2.239,0.0,0.08,1777854563
All Pools,USDC - MU,,False,0.00189,0.34189,0.0,0.5,1777854563
All Pools,HOWDY - KONG,,False,0.00188,0.42052,0.0,0.41,1777854563
All Pools,LIRA - BUSD,,False,0.00184,0.08209,0.0,2.05,1777854563
All Pools,SYN - WETH.e,,False,0.0018,0.66196,0.0,0.25,1777854563
All Pools,GGP - JUICY,,False,0.0018,0.0342,0.0,4.8,1777854563
All Pools,USDC.e - XAVA,,False,0.0018,0.35765,0.0,0.46,1777854563
All Pools,USDC - COSMIC,,False,0.00179,54.18,0.0,0.0,1777854563
All Pools,AVAX - COSMIC,,False,0.00179,1.235,0.0,0.13,1777854563
All Pools,GAINS - Always,,False,0.00174,0.10365,0.0,1.53,1777854563
All Pools,TokenZ - USDC,,False,0.00171,3.767,0.0,0.04,1777854563
All Pools,TokenZ - AVAX,,False,0.00171,2.37,0.0,0.07,1777854563
All Pools,MIM - PAR,,False,0.0017,1.891,0.0,0.08,1777854563
All Pools,AVAX - PAR,,False,0.0017,2.339,0.0,0.07,1777854563
All Pools,HERESY - MEOW,,False,0.00167,0.27594,0.0,0.55,1777854563
All Pools,sAVAX - USDC,,False,0.00167,0.52756,0.0,0.29,1777854563
All Pools,AVAX - MUG,,False,0.00164,1.194,0.0,0.13,1777854563
All Pools,AMI - EROL,,False,0.0016,0.67182,0.0,0.22,1777854563
All Pools,Balln - AMI,,False,0.0016,0.60042,0.0,0.24,1777854563
All Pools,RAIN - AVAX,,False,0.00157,20.05,0.0,0.01,1777854563
All Pools,TSD - AVAX,,False,0.00157,319.12,0.0,0.0,1777854563
All Pools,COQ - RAIN,,False,0.00156,0.18426,0.0,0.77,1777854563
All Pools,BTC.b - MUG,,False,0.00156,0.88305,0.0,0.16,1777854563
All Pools,MIM - ICE,,False,0.0015,0.98033,0.0,0.14,1777854563
All Pools,AVAX - ICE,,False,0.0015,147.24,0.0,0.0,1777854563
All Pools,EGG - USDT.e,,False,0.00149,1.956,0.0,0.07,1777854563
All Pools,EGG - AVAX,,False,0.00149,1.661,0.0,0.08,1777854563
All Pools,3ULL - USDC,,False,0.00145,0.64844,0.0,0.2,1777854563
All Pools,Anon - USDC,,False,0.00141,1.02,0.0,0.13,1777854563
All Pools,AVAX - KEESH,,False,0.00138,1281.28,0.0,0.0,1777854563
All Pools,TIME - SPELL,,False,0.00138,0.8319,0.0,0.15,1777854563
All Pools,COQ - KEESH,,False,0.00137,0.11952,0.0,1.05,1777854563
All Pools,CANS - AMI,,False,0.00135,0.22606,0.0,0.55,1777854563
All Pools,MIM - TEMPO,,False,0.00132,6.655,0.0,0.02,1777854563
All Pools,TEMPO - AVAX,,False,0.00132,1.057,0.0,0.11,1777854563
All Pools,HUSKY - SNOWY,,False,0.00131,0.43383,0.0,0.28,1777854563
All Pools,QI - SNOWY,,False,0.0013,0.79542,0.0,0.15,1777854563
All Pools,TT - DAI.e,,False,0.00129,1.91,0.0,0.06,1777854563
All Pools,UST - WINE,,False,0.00129,0.8675,0.0,0.14,1777854563
All Pools,AVAX - WINE,,False,0.00128,0.65861,0.0,0.18,1777854563
All Pools,HUSKY - aXEN,,False,0.00127,0.07063,0.0,1.64,1777854563
All Pools,Naughty - HIGHER,,False,0.00127,0.44745,0.0,0.26,1777854563
All Pools,Naughty - AVAX,,False,0.00126,236.14,0.0,0.0,1777854563
All Pools,GURS - MEAT,,False,0.00125,0.03267,0.0,3.48,1777854563
All Pools,PTOP1200 - TOPIA,,False,0.00117,101.18,0.0,0.0,1777854563
All Pools,SNTA - MIM,,False,0.00114,0.98828,0.0,0.1,1777854563
All Pools,ZUM - MEOW,,False,0.00111,0.18064,0.0,0.56,1777854563
All Pools,SYN - USDT.e,,False,0.00106,0.64196,0.0,0.15,1777854563
All Pools,Balln - HOWDY,,False,0.00106,0.30232,0.0,0.32,1777854563
All Pools,JOE - aDXN,,False,0.00106,0.82236,0.0,0.12,1777854563
All Pools,JOE - CNR,,False,0.00106,1.04,0.0,0.09,1777854563
All Pools,COQ - BOBS,,False,0.00106,0.11914,0.0,0.81,1777854563
All Pools,MUME - USDC,,False,0.00106,0.0844,0.0,1.14,1777854563
All Pools,LIRA - USDt,,False,0.00103,0.07434,0.0,1.27,1777854563
All Pools,GURS - UNIQOC,,False,0.0,0.40822,0.0,0.22,1777854563
All Pools,AAVE.e - USDC.e,,False,0.0,1.251,0.0,0.07,1777854563
All Pools,QI - USDC,,False,0.0,0.08779,0.0,0.96,1777854563
All Pools,weETH - AVAX,,False,0.0,0.37729,0.0,0.22,1777854563
All Pools,BEAM - MU,,False,0.0,1.063,0.0,0.08,1777854563
All Pools,ROCO - USDT.e,,False,0.0,0.08447,0.0,0.96,1777854563
All Pools,JOE - AVE,,False,0.0,1.775,0.0,0.05,1777854563
All Pools,LAMA - AVAX,,False,0.0,11667.0,0.0,0.0,1777854563
All Pools,USDC - DAI.e,,False,0.0,2.01,0.0,0.04,1777854563
All Pools,LAMA - JUICY,,False,0.0,0.01587,0.0,4.87,1777854563
All Pools,STOMB - AVAX,,False,0.0,7806.95,0.0,0.0,1777854563
All Pools,AVAX - RUG,,False,0.0,0.52882,0.0,0.15,1777854563
All Pools,COQ - BMC,,False,0.0,0.09425,0.0,0.8,1777854563
All Pools,USDC - NXUSD,,False,0.0,3.485,0.0,0.02,1777854563
All Pools,Always - KONG,,False,0.0,0.04249,0.0,1.76,1777854563
All Pools,AVAX - NXUSD,,False,0.0,0.48202,0.0,0.15,1777854563
All Pools,SeventeenSeventyFive - BLACK,,False,0.0,0.54075,0.0,0.14,1777854563
All Pools,Satoshi - AVAX,,False,0.0,18.95,0.0,0.0,1777854563
All Pools,LadyMary - Satoshi,,False,0.0,0.24246,0.0,0.3,1777854563
All Pools,GAINS - MEOW,,False,0.0,0.21109,0.0,0.34,1777854563
All Pools,BUSD - MU,,False,0.0,0.02566,0.0,2.73,1777854563
All Pools,MIM - WBTC.e,,False,0.0,0.05566,0.0,1.24,1777854563
All Pools,COQ - USDt,,False,0.0,0.0533,0.0,1.21,1777854563
All Pools,USDT.e - CORN,,False,0.0,156.89,0.0,0.0,1777854563
All Pools,MAD - AVAX,,False,0.0,12.18,0.0,0.01,1777854563
All Pools,COQ - MAD,,False,0.0,0.0606,0.0,1.04,1777854563
All Pools,MUMO - AVAX,,False,0.0,0.17725,0.0,0.35,1777854563
All Pools,3AC - NOCHILL,,False,0.0,0.18035,0.0,0.34,1777854563
All Pools,JEWEL - AVAX,,False,0.0,0.22055,0.0,0.28,1777854563
All Pools,CGS - USDC,,False,0.0,0.17764,0.0,0.34,1777854563
All Pools,MUMO - MU,,False,0.0,0.6057,0.0,0.1,1777854563
All Pools,MIM - sTHO,,False,0.0,498.63,0.0,0.0,1777854563
All Pools,WETH.e - MUi,,False,0.0,0.03009,0.0,1.85,1777854563
All Pools,BRO - OSAK,,False,0.0,0.09377,0.0,0.56,1777854563
All Pools,MUME - BUSD,,False,0.0,0.02818,0.0,1.85,1777854563
All Pools,WETH.e - ETHM,,False,0.0,0.49741,0.0,0.1,1777854563
All Pools,ETHM - USDC.e,,False,0.0,0.47785,0.0,0.11,1777854563
All Pools,DoloresCannon - BLACK,,False,0.0,0.53993,0.0,0.09,1777854563
All Pools,meGNX - aAvaAAVE,,False,0.0,0.03398,0.0,1.37,1777854563
All Pools,AAVE.e - BTCBR,,False,0.0,0.20271,0.0,0.23,1777854563
All Pools,MUME - USDC.e,,False,0.0,0.55181,0.0,0.08,1777854563
All Pools,MUi - WINK,,False,0.0,0.01637,0.0,2.54,1777854563
All Pools,AVAX - BIFI,,False,0.0,232.86,0.0,0.0,1777854563
All Pools,BINGO - AVAX,,False,0.0,1824.97,0.0,0.0,1777854563
All Pools,COQ - BINGO,,False,0.0,0.03056,0.0,1.3,1777854563
All Pools,USDT.e - TUSK,,False,0.0,0.15128,0.0,0.24,1777854563
All Pools,AVAX - TUSK,,False,0.0,2.461,0.0,0.01,1777854563
All Pools,WETH.e - FEED,,False,0.0,0.07161,0.0,0.48,1777854563
All Pools,SHOE - COQ,,False,0.0,0.03656,0.0,0.85,1777854563
All Pools,HUSKY - TRESR,,False,0.0,0.05056,0.0,0.59,1777854563
All Pools,UNI.e - AVAX,,False,0.0,0.03105,0.0,0.96,1777854563
All Pools,COQ - STRAMI,,False,0.0,0.0362,0.0,0.81,1777854563
All Pools,BLZZ - USDT.e,,False,0.0,0.1299,0.0,0.22,1777854563
All Pools,BLZZ - AVAX,,False,0.0,7778.64,0.0,0.0,1777854563
All Pools,GENI - USDC.e,,False,0.0,0.1216,0.0,0.24,1777854563
All Pools,GEGGS - AVAX,,False,0.0,0.04034,0.0,0.67,1777854563
All Pools,ROCO - SMRT,,False,0.0,0.02535,0.0,1.01,1777854563
All Pools,AVAX - EGS,,False,0.0,909.86,0.0,0.0,1777854563
All Pools,COQ - EGS,,False,0.0,0.02164,0.0,1.04,1777854563
All Pools,USDC - PENDLE,,False,0.0,0.04475,0.0,0.49,1777854563
All Pools,USDT.e - SPRT,,False,0.0,0.09385,0.0,0.23,1777854563
All Pools,AVAX - SPRT,,False,0.0,54.2,0.0,0.0,1777854563
All Pools,BANG - AVAX,,False,0.0,0.56075,0.0,0.04,1777854563
All Pools,BANG - COQ,,False,0.0,0.02549,0.0,0.82,1777854563
All Pools,USDC - MUME,,False,0.0,0.04482,0.0,0.46,1777854563
All Pools,MUME - MU,,False,0.0,0.74266,0.0,0.03,1777854563
All Pools,AVAX - SQRCAT,,False,0.0,5904.8,0.0,0.0,1777854563
All Pools,COQ - SQRCAT,,False,0.0,0.02692,0.0,0.69,1777854563
All Pools,Always - AMI,,False,0.0,0.00777,0.0,2.38,1777854563
All Pools,LAMBO - AVAX,,False,0.0,0.00828,0.0,2.2,1777854563
All Pools,Now - AVAX,,False,0.0,0.02878,0.0,0.59,1777854563
All Pools,Now - BLACK,,False,0.0,0.19204,0.0,0.09,1777854563
All Pools,DYP - AVAX,,False,0.0,68.01,0.0,0.0,1777854563
All Pools,COQ - CANS,,False,0.0,0.01308,0.0,1.16,1777854563
All Pools,Quet - WETH.e,,False,0.0,0.0238,0.0,0.63,1777854563
All Pools,Quet - AVAX,,False,0.0,0.14603,0.0,0.1,1777854563
All Pools,ABOB - AVAX,,False,0.0,819.07,0.0,0.0,1777854563
All Pools,COQ - ABOB,,False,0.0,0.01552,0.0,0.91,1777854563
All Pools,WETH.e - GMX,,False,0.0,0.03193,0.0,0.44,1777854563
All Pools,AVAX - MOANI,,False,0.0,0.00135,0.0,10.29,1777854563
All Pools,MUi - MU,,False,0.0,0.08268,0.0,0.16,1777854563
All Pools,COQ - MUi,,False,0.0,0.01601,0.0,0.8,1777854563
All Pools,WETH.e - LINK.e,,False,0.0,0.14555,0.0,0.09,1777854563
All Pools,MUi - LINK.e,,False,0.0,0.01728,0.0,0.72,1777854563
All Pools,AVAX - ncash,,False,0.0,0.00911,0.0,1.35,1777854563
All Pools,SHEN - REDWOLF,,False,0.0,0.00309,0.0,2.79,1777854563
All Pools,COQ - MUG,,False,0.0,0.00522,0.0,1.53,1777854563
All Pools,UST - USDT.e,,False,0.0,0.00981,0.0,0.76,1777854563
All Pools,LAMBO - ROTI,,False,0.0,0.24875,0.0,0.02,1777854563
All Pools,AVAX - DOG,,False,0.0,67.69,0.0,0.0,1777854563
All Pools,GURS - DOG,,False,0.0,0.0,0.0,5.39,1777854563
All Pools,GURS - COQ,,False,0.0,0.00487,0.0,0.85,1777854563
All Pools,aAvaWAVAX - AVAX,,False,0.0,0.25469,0.0,0.0,1777854563
All Pools,FATE - USDC,,False,0.0,606920.0,0.0,0.0,1777854563
All Pools,MIM - JOE,,False,0.0,0.00725,0.0,0.0,1777854563
All Pools,SeventeenSeventyFive - SaintGermain,,False,0.0,0.0,0.0,0.0,1777854563
All Pools,[i]Lluminati - Chrism,,False,0.0,0.0,0.0,0.0,1777854563
All Pools,DoloresCannon - SaintGermain,,False,0.0,0.0,0.0,0.0,1777854563
All Pools,ElvisJackpot - SaintGermain,,False,0.0,0.0,0.0,0.0,1777854563
All Pools,SaintGermain - WhoLovesYou,,False,0.0,0.0,0.0,0.0,1777854563
All Pools,AUSD - USDC,0.01,False,10296053.0,4179367.0,1029.66,8.99,1777854639
All Pools,AUSD - USDt,0.01,False,10227266.0,3452109.0,1022.78,10.81,1777854639
All Pools,AVAX - USDC,0.05,False,2224709.0,3812564.0,1135.53,10.87,1777854639
All Pools,USDC.e - O3,0.3,False,225259.0,345312695.0,563.15,0.06,1777854639
All Pools,BTC.b - USDC,0.05,False,223826.0,800199.0,113.84,5.19,1777854639
All Pools,AVAX - USDC,0.2,False,53069.0,203770.0,106.48,19.07,1777854639
All Pools,GUN - AVAX,0.25,False,42812.0,126982.0,110.78,31.84,1777854639
All Pools,sAVAX - AVAX,0.01,False,40872.0,186953.0,4.093,0.8,1777854639
All Pools,ARENA - AVAX,0.01,False,39266.0,177194.0,3.925,0.81,1777854639
All Pools,GUN - AVAX,0.1,False,34607.0,39683.0,37.12,34.14,1777854639
All Pools,NXPC - AVAX,0.3,False,33649.0,236118.0,84.12,13.0,1777854639
All Pools,USDC - XAVA,0.3,False,31238.0,608194.0,78.09,4.69,1777854639
All Pools,AVAX - BTC.b,0.05,False,27514.0,579661.0,14.45,0.91,1777854639
All Pools,USDt - USDC,0.005,False,22795.0,694498.0,1.596,0.08,1777854639
All Pools,DAI.e - USDC,0.02,False,20011.0,29590.0,3.84,4.74,1777854639
All Pools,WBTC - BTC.b,0.03,False,17536.0,83432.0,5.327,2.33,1777854639
All Pools,USDT.e - USDC,0.02,False,16819.0,48828.0,3.367,2.52,1777854639
All Pools,QI - AVAX,0.3,False,15825.0,239828.0,39.56,6.02,1777854639
All Pools,COQ - AVAX,0.3,False,15679.0,600303.0,39.2,2.38,1777854639
All Pools,AVAX - USDt,0.2,False,14966.0,130126.0,30.14,8.45,1777854639
All Pools,FOLKS - AVAX,0.25,False,12068.0,34582.0,30.76,32.47,1777854639
All Pools,AVAX - USDT.e,0.3,False,9424.78,546854.0,23.56,1.57,1777854639
All Pools,AAVE.e - AVAX,0.3,False,8587.56,298638.0,21.47,2.62,1777854639
All Pools,USDT.e - USDt,0.02,False,8558.79,44178.0,1.714,1.42,1777854639
All Pools,MIM - AVAX,0.3,False,8203.37,556250.0,20.51,1.35,1777854639
All Pools,JOE - AVAX,0.3,False,7991.21,516344.0,19.98,1.41,1777854639
All Pools,AVAX - USDC,0.3,False,7909.37,402833.0,19.77,1.79,1777854639
All Pools,USDC.e - AVAX,0.3,False,7592.22,425329.0,18.98,1.63,1777854639
All Pools,XAUt0 - USDt,0.04,False,6789.51,38978.0,2.995,2.8,1777854639
All Pools,WBTC.e - BTC.b,0.03,False,5993.07,328550.0,1.84,0.2,1777854639
All Pools,JOE - USDC.e,0.3,False,4706.37,335551.0,11.77,1.28,1777854639
All Pools,EURC - USDC,0.03,False,4293.96,13120.0,1.412,3.93,1777854639
All Pools,ORNG - AVAX,0.3,False,3015.01,27368.0,7.538,10.05,1777854639
All Pools,LCPEDU - USDt,0.8,False,2916.03,9662054.0,46.75,0.18,1777854639
All Pools,FLD - AVAX,0.3,False,2723.71,51235.0,6.809,4.85,1777854639
All Pools,WETH.e - AVAX,0.3,False,2405.15,489092.0,6.013,0.45,1777854639
All Pools,JPYC - USDC,0.04,False,2293.5,4474.03,1.467,11.97,1777854639
All Pools,DAI.e - USDC,0.02,False,2219.77,2407.43,0.42889,6.5,1777854639
All Pools,HEFE - AVAX,0.3,False,1976.07,20629.0,4.94,8.74,1777854639
All Pools,BEAM - AVAX,0.3,False,1793.79,92609.0,4.484,1.77,1777854639
All Pools,WBTC.e - AVAX,0.3,False,1692.46,169675.0,4.231,0.91,1777854639
All Pools,BEAM - AVAX,0.25,False,1640.79,19877.0,4.122,7.57,1777854639
All Pools,BEAM - USDC,0.3,False,1573.46,71823.0,3.934,2.0,1777854639
All Pools,XAVA - AVAX,0.8,False,1540.32,225931.0,12.41,2.0,1777854639
All Pools,USDT.e - USDC,0.02,False,1523.77,884.14,0.15644,6.46,1777854639
All Pools,USDt - USDC,0.01,False,1453.93,181506.0,0.11625,0.02,1777854639
All Pools,ZRO - AVAX,0.25,False,1416.2,2260.82,11.49,185.52,1777854639
All Pools,SOL - AVAX,0.3,False,1311.72,427943.0,3.279,0.28,1777854639
All Pools,SolvBTC - BTC.b,0.04,False,1258.36,250293.0,1.091,0.16,1777854639
All Pools,BTC.b - AVAX,0.3,False,1234.95,140130.0,3.087,0.8,1777854639
All Pools,XAVA - AVAX,0.25,False,1162.94,3161.45,2.939,33.93,1777854639
All Pools,JOE - USDT.e,0.3,False,1101.68,67287.0,2.754,1.49,1777854639
All Pools,AVAX - avUSD,0.25,False,1096.71,2327.41,2.759,43.27,1777854639
All Pools,USDt - AVAX,0.3,False,1055.57,44699.0,2.639,2.15,1777854639
All Pools,AVAX - JUICE,0.3,False,1009.65,15605.0,2.524,5.9,1777854639
All Pools,SIERRA - USDC,0.1,False,994.7,39741.0,0.99564,0.91,1777854639
All Pools,LINK.e - AVAX,0.3,False,923.79,47810.0,2.309,1.76,1777854639
All Pools,AUSD - AVAX,0.1,False,880.23,39358.0,0.89056,0.83,1777854639
All Pools,SHRAP - AVAX,0.8,False,813.87,13483.0,8.455,22.89,1777854639
All Pools,MUON - AVAX,0.3,False,726.62,46656.0,1.817,1.42,1777854639
All Pools,JOE - USDC,0.3,False,707.43,40090.0,1.769,1.61,1777854639
All Pools,AVAX - ALVA,0.3,False,690.22,1237.92,1.726,50.88,1777854639
All Pools,AVAX - DAI.e,0.3,False,606.44,33793.0,1.516,1.64,1777854639
All Pools,USDt - INFRA.e,0.3,False,536.2,24401.0,1.341,2.01,1777854639
All Pools,GOC - AVAX,0.3,False,526.67,0.1976,1.317,243208.99,1777854639
All Pools,NXUSD - WXT,0.3,False,504.27,774368.0,1.261,0.06,1777854639
All Pools,sAVAX - JACK,0.3,False,456.98,292716.0,1.142,0.14,1777854639
All Pools,AVAX - VASTR,0.3,False,450.55,0.18098,1.126,227168.62,1777854639
All Pools,SB - AVAX,0.3,False,449.8,6843.73,1.125,6.0,1777854639
All Pools,JOE - AVAX,0.25,False,442.09,11274.0,1.114,3.61,1777854639
All Pools,AARB - AVAX,0.3,False,439.33,0.18048,1.098,222124.29,1777854639
All Pools,ARC - AVAX,0.3,False,439.02,0.18041,1.098,222045.75,1777854639
All Pools,UTAO - AVAX,0.3,False,433.74,0.17932,1.084,220711.57,1777854639
All Pools,AVAX - XAVA,0.3,False,431.49,15744.0,1.079,2.5,1777854639
All Pools,WETH.e - USDC,0.15,False,394.33,10048.0,0.59774,2.17,1777854639
All Pools,NOCHILL - AVAX,0.3,False,388.39,88570.0,0.97098,0.4,1777854639
All Pools,XSEED - AVAX,0.3,False,376.2,12265.0,0.94049,2.8,1777854639
All Pools,w3ULL - AVAX,0.3,False,342.07,63901.0,0.85517,0.49,1777854639
All Pools,QI - AVAX,0.25,False,307.65,14976.0,0.77121,1.88,1777854639
All Pools,UST - AVAX,0.3,False,295.89,7634.55,0.73972,3.54,1777854639
All Pools,AVAX - UST,0.3,False,260.97,8841.46,0.65243,2.69,1777854639
All Pools,MEAT - AVAX,0.3,False,253.3,5318.53,0.63324,4.35,1777854639
All Pools,HUNDRED - USDC,0.3,False,218.56,521219.0,0.5464,0.04,1777854639
All Pools,APIX - ID,0.3,False,189.73,24823.0,0.47432,0.7,1777854639
All Pools,MIM - SB,0.3,False,189.25,5685.95,0.47313,3.04,1777854639
All Pools,USDC.e - USDC,0.3,False,175.93,482492.0,0.43982,0.03,1777854639
All Pools,AVAX - JUICY,0.3,False,172.09,2995.22,0.43023,5.24,1777854639
All Pools,WBTC.e - BTC.b,0.03,False,158.3,683.69,0.0673,3.59,1777854639
All Pools,STG - USDC,0.3,False,146.56,1443.38,0.36641,9.27,1777854639
All Pools,GMX - AVAX,0.3,False,138.38,4872.61,0.34596,2.59,1777854639
All Pools,HERESY - AVAX,0.3,False,137.25,21664.0,0.34313,0.58,1777854639
All Pools,ALOT - AVAX,0.3,False,134.85,224220.0,0.33712,0.05,1777854639
All Pools,USDt - QUILL,0.3,False,131.06,52302.0,0.32765,0.23,1777854639
All Pools,YAK - AVAX,0.3,False,126.84,109514.0,0.31711,0.11,1777854639
All Pools,AVAX - CLY,0.3,False,126.75,58476.0,0.31687,0.2,1777854639
All Pools,WETH.e - USDC.e,0.3,False,120.91,12236.0,0.30228,0.9,1777854639
All Pools,APIX - USDt,0.3,False,111.21,6889.85,0.27802,1.47,1777854639
All Pools,KIMBO - AVAX,0.3,False,109.12,63652.0,0.27281,0.16,1777854639
All Pools,SOL - AVAX,0.1,False,108.74,1080.86,0.11269,3.81,1777854639
All Pools,EVO - AVAX,0.3,False,86.05,13588.0,0.21512,0.58,1777854639
All Pools,PTOP800 - AVAX,0.1,False,83.99,601.38,0.08429,5.12,1777854639
All Pools,LUNA - USDC.e,0.3,False,83.56,874.5,0.2089,8.72,1777854639
All Pools,STG - AVAX,0.3,False,80.62,1425.24,0.20154,5.16,1777854639
All Pools,GGP - AVAX,0.3,False,74.96,91560.0,0.1874,0.07,1777854639
All Pools,PTOP800 - USDC,0.1,False,73.02,653.55,0.07331,4.09,1777854639
All Pools,PRIME - AVAX,0.4,False,70.0,109601.0,0.88946,0.3,1777854639
All Pools,MIM - USDt,0.03,False,68.41,9.635,0.0217,82.2,1777854639
All Pools,PTOP1100 - AVAX,0.1,False,64.01,361.39,0.0643,6.49,1777854639
All Pools,PTOP1100 - USDC,0.1,False,61.97,663.21,0.0621,3.42,1777854639
All Pools,JOE - AVAX,0.15,False,61.82,69128.0,0.09515,0.05,1777854639
All Pools,FITFI - USDT.e,0.3,False,55.71,371.56,0.13928,13.68,1777854639
All Pools,APIX - USDC,0.3,False,53.0,3440.81,0.13251,1.41,1777854639
All Pools,SWORLD - AVAX,0.3,False,49.38,6949.49,0.12346,0.65,1777854639
All Pools,CDK - AVAX,0.25,False,48.94,5700.96,0.19133,1.22,1777854639
All Pools,CAT - AVAX,0.3,False,46.43,1888.17,0.11609,2.24,1777854639
All Pools,AVAX - RISE,0.3,False,45.82,59233.0,0.11455,0.07,1777854639
All Pools,gOHM - AVAX,0.3,False,45.47,138051.0,0.11369,0.03,1777854639
All Pools,APIX - ARENA,0.3,False,41.29,2324.74,0.10322,1.62,1777854639
All Pools,GENI - USDC,0.3,False,34.44,1478.99,0.08609,2.12,1777854639
All Pools,PTOP1200 - AVAX,0.1,False,34.3,679.77,0.03434,1.84,1777854639
All Pools,PTOP1200 - USDC,0.1,False,33.96,196.24,0.03417,6.36,1777854639
All Pools,HUSKY - AVAX,0.3,False,26.68,3625.45,0.0667,0.67,1777854639
All Pools,GUN - BLSEYE🎯,0.3,False,25.65,945.45,0.06411,2.48,1777854639
All Pools,UST - USDC.e,0.3,False,23.53,750.36,0.05883,2.86,1777854639
All Pools,USDt - ncash,0.3,False,23.32,1126.75,0.05831,1.89,1777854639
All Pools,GLCH - AVAX,0.3,False,21.76,0.19825,0.0544,10015.04,1777854639
All Pools,GURS - AVAX,0.3,False,21.66,7561.49,0.05414,0.26,1777854639
All Pools,Balln - AVAX,0.3,False,21.63,4231.97,0.05409,0.47,1777854639
All Pools,KINGSHIT - AVAX,0.3,False,21.62,1.814,0.05404,1087.38,1777854639
All Pools,gOHM - FRAX,0.3,False,21.53,3565.14,0.05382,0.55,1777854639
All Pools,PNG - AVAX,0.3,False,20.74,1050.13,0.05185,1.8,1777854639
All Pools,COQ - AVAX,0.8,False,20.67,10416.0,0.16637,0.58,1777854639
All Pools,BLSEYE🎯 - AVAX,0.3,False,20.58,5924.87,0.05145,0.32,1777854639
All Pools,ROCO - AVAX,0.3,False,20.47,1277.86,0.05117,1.46,1777854639
All Pools,PTOP800 - BTC.b,0.1,False,19.82,999.2,0.0211,0.77,1777854639
All Pools,BOOTY - AVAX,0.3,False,19.13,2110.91,0.04783,0.83,1777854639
All Pools,BLIZZ - AVAX,0.3,False,18.75,868.43,0.04687,1.97,1777854639
All Pools,HAT - AVAX,0.3,False,17.93,9542.85,0.04484,0.17,1777854639
All Pools,BOI - AVAX,0.3,False,17.73,70.41,0.04431,22.97,1777854639
All Pools,POLAR - AVAX,0.3,False,17.12,1826.22,0.0428,0.86,1777854639
All Pools,GUN - AVAX,0.3,False,16.72,441.88,0.04181,3.45,1777854639
All Pools,MEOW - AVAX,0.3,False,15.58,10405.0,0.03895,0.14,1777854639
All Pools,CAPY - ARENA,0.3,False,15.41,31369.0,0.03852,0.04,1777854639
All Pools,BUSD - AVAX,0.3,False,15.19,414.69,0.03796,3.34,1777854639
All Pools,AVAX - FRAX,0.3,False,14.98,1010.66,0.03745,1.35,1777854639
All Pools,EGG - AVAX,0.3,False,14.97,23003.0,0.03743,0.06,1777854639
All Pools,ZRO - AVAX,0.3,False,14.02,195.73,0.03506,6.54,1777854639
All Pools,APIX - LAMBO,0.3,False,13.75,553.79,0.03437,2.27,1777854639
All Pools,COQ - AVAX,0.8,False,13.05,4750.76,0.10563,0.81,1777854639
All Pools,ORNG - JUCI,0.3,False,12.39,500.71,0.03096,2.26,1777854639
All Pools,XROSS - ORNG,0.3,False,12.22,477.66,0.03055,2.33,1777854639
All Pools,USDt - USDC,0.02,False,12.12,2231.66,0.00243,0.04,1777854639
All Pools,MIM - WETH.e,0.3,False,12.09,1450.63,0.03022,0.76,1777854639
All Pools,MAI - AVAX,0.3,False,11.39,1793.93,0.02847,0.58,1777854639
All Pools,Psychic - AVAX,0.3,False,11.17,1169.77,0.02792,0.87,1777854639
All Pools,AVAX - DOMI,0.3,False,11.12,17095.0,0.02781,0.06,1777854639
All Pools,Ush - AVAX,0.3,False,10.84,2809.08,0.02709,0.35,1777854639
All Pools,SHRAP - DOMI,0.3,False,10.71,303.97,0.02677,3.21,1777854639
All Pools,ggAVAX - AVAX,0.04,False,10.41,367.98,0.00106,0.11,1777854639
All Pools,SECOND - USDC,0.3,False,10.22,7198.82,0.02556,0.13,1777854639
All Pools,SECOND - AVAX,0.3,False,10.22,1751.95,0.02556,0.53,1777854639
All Pools,AVAX - HON,0.3,False,10.21,89919.0,0.02553,0.01,1777854639
All Pools,COMET - AVAX,0.3,False,10.19,486.72,0.02549,1.91,1777854639
All Pools,agEUR - USDC,0.3,False,10.18,63.91,0.02545,14.54,1777854639
All Pools,ORNG - MOOM,0.3,False,10.09,397.35,0.02521,2.32,1777854639
All Pools,SYN - AVAX,0.3,False,9.988,2704.7,0.02497,0.34,1777854639
All Pools,RGOGLZ - USDC,0.3,False,9.793,1580.01,0.02448,0.57,1777854639
All Pools,DATCM - ORNG,0.3,False,9.294,482.31,0.02324,1.76,1777854639
All Pools,YOU - ORNG,0.3,False,9.185,3198.58,0.02296,0.26,1777854639
All Pools,STRZ - AVAX,0.3,False,9.168,27.53,0.02292,30.39,1777854639
All Pools,XETA - USDC,0.3,False,8.436,6350.91,0.02109,0.12,1777854639
All Pools,ORNG - SAI,0.3,False,8.376,301.87,0.02094,2.53,1777854639
All Pools,WOLF - AVAX,0.3,False,8.371,42765.0,0.02093,0.02,1777854639
All Pools,KINGSHIT - AVAX,0.3,False,8.355,4961.07,0.02089,0.15,1777854639
All Pools,MYST - AVAX,0.3,False,7.942,898.96,0.01986,0.81,1777854639
All Pools,ORNG - FLUX,0.3,False,7.796,354.29,0.01949,2.01,1777854639
All Pools,Psychic - XAUt0,0.3,False,7.771,6980.02,0.01943,0.1,1777854639
All Pools,DCAU - AVAX,0.3,False,7.45,1255.27,0.01863,0.54,1777854639
All Pools,BLSEYE🎯 - ARENA,0.3,False,7.398,1158.46,0.01849,0.58,1777854639
All Pools,UST - USDC,0.3,False,7.355,478.68,0.01839,1.4,1777854639
All Pools,DCAU - USDT.e,0.3,False,7.193,5301.28,0.01798,0.12,1777854639
All Pools,USDC.e - USDT.e,0.3,False,6.51,40222.0,0.01628,0.01,1777854639
All Pools,FITFI - AVAX,0.3,False,6.106,38.98,0.01527,14.3,1777854639
All Pools,VPND - AVAX,0.3,False,6.034,25387.0,0.01509,0.02,1777854639
All Pools,WINK - AVAX,0.3,False,5.966,86.84,0.01491,6.27,1777854639
All Pools,COQ - COQAI,0.3,False,5.452,27647.0,0.01363,0.02,1777854639
All Pools,AVAX - aXEN,0.3,False,5.409,76.17,0.01352,6.48,1777854639
All Pools,AVAX - GEC,0.3,False,5.368,35808.0,0.01342,0.01,1777854639
All Pools,AVAX - SPELL,0.3,False,4.718,2752.85,0.01179,0.16,1777854639
All Pools,FEED - AVAX,0.3,False,4.64,9150.89,0.0116,0.05,1777854639
All Pools,HATCHY - AVAX,0.3,False,4.555,9595.9,0.01139,0.04,1777854639
All Pools,YUSD - AVAX,0.3,False,4.516,133.31,0.01129,3.09,1777854639
All Pools,USDt - USDT.e,0.3,False,4.4,20379.0,0.011,0.02,1777854639
All Pools,BLS - USDt,0.3,False,4.029,120.32,0.01007,3.06,1777854639
All Pools,TECH - AVAX,0.3,False,4.024,13982.0,0.01006,0.03,1777854639
All Pools,3QF - D - AVAX,0.3,False,3.707,1758.51,0.00927,0.19,1777854639
All Pools,3QF - D - WETH.e,0.3,False,3.696,3116.46,0.00924,0.11,1777854639
All Pools,Psychic - BLACK,0.3,False,3.665,459.6,0.00916,0.73,1777854639
All Pools,AVAX - PEFI,0.3,False,3.582,4444.28,0.00895,0.07,1777854639
All Pools,USDC.e - DAI.e,0.3,False,3.5,22649.0,0.00875,0.01,1777854639
All Pools,avUSD - sAVAX,0.3,False,3.465,262.13,0.00866,1.21,1777854639
All Pools,Gravity - BLACK,0.3,False,2.999,1055.19,0.0075,0.26,1777854639
All Pools,GUDVBZ - AVAX,0.3,False,2.902,446.61,0.00726,0.59,1777854639
All Pools,BTC.b - TOPIA,0.3,False,2.854,306.28,0.00714,0.85,1777854639
All Pools,REDWOLF - AVAX,0.3,False,2.849,495.24,0.00712,0.52,1777854639
All Pools,COQ - BLSEYE🎯,0.3,False,2.813,210.22,0.00703,1.22,1777854639
All Pools,MIM - USDC.e,0.3,False,2.792,1992.55,0.00698,0.13,1777854639
All Pools,MYST - USDC,0.3,False,2.76,255.11,0.0069,0.99,1777854639
All Pools,AVAX - ELK,0.3,False,2.588,1695.95,0.00647,0.14,1777854639
All Pools,AVAX - PENDLE,0.3,False,2.541,7613.49,0.00635,0.03,1777854639
All Pools,LUNA - AVAX,0.3,False,2.479,21.85,0.0062,10.36,1777854639
All Pools,FollowTheWhiteRabbit - BLACK,0.3,False,2.471,1165.56,0.00618,0.19,1777854639
All Pools,LINK.e - USDT.e,0.3,False,2.396,232.02,0.00599,0.94,1777854639
All Pools,Trinity - BLACK,0.3,False,2.262,553.56,0.00565,0.37,1777854639
All Pools,USDT.e - CLY,0.3,False,2.15,259.51,0.00537,0.76,1777854639
All Pools,67 - AVAX,0.3,False,2.022,26.02,0.00505,7.09,1777854639
All Pools,JPYC - USDC,0.3,False,2.016,351.12,0.00504,0.52,1777854639
All Pools,ISA - USDC.e,0.3,False,2.005,485.6,0.00501,0.38,1777854639
All Pools,Now - BLACK,0.3,False,2.002,438.93,0.00501,0.42,1777854639
All Pools,SVETA - AVAX,0.3,False,1.97,1390.92,0.00493,0.13,1777854639
All Pools,BLSEYE🎯 - BEAM,0.3,False,1.938,338.96,0.00485,0.52,1777854639
All Pools,MaryMagdalene - AVAX,0.3,False,1.923,223.34,0.00481,0.79,1777854639
All Pools,ISA - AVAX,0.3,False,1.879,1442.99,0.0047,0.12,1777854639
All Pools,AAVE.e - REDWOLF,0.3,False,1.877,160.82,0.00469,1.06,1777854639
All Pools,Trinity - AVAX,0.3,False,1.867,1018.41,0.00467,0.17,1777854639
All Pools,BRO - AVAX,0.3,False,1.781,138531.0,0.00445,0.0,1777854639
All Pools,BRO - COQ,0.3,False,1.773,204.53,0.00443,0.79,1777854639
All Pools,AVAX - USDT,0.3,False,1.76,1966.54,0.0044,0.08,1777854639
All Pools,GENI - AVAX,0.3,False,1.705,73.54,0.00426,2.11,1777854639
All Pools,SHOE - AVAX,0.3,False,1.683,659.04,0.00421,0.23,1777854639
All Pools,PIZZA - AVAX,0.3,False,1.671,510.09,0.00418,0.3,1777854639
All Pools,SWIFT - USDC.e,0.3,False,1.658,535.47,0.00414,0.28,1777854639
All Pools,WETH - USDC.e,0.3,False,1.647,226.75,0.00412,0.66,1777854639
All Pools,LUNA - USDC.e,0.3,False,1.643,324.54,0.00411,0.46,1777854639
All Pools,APOW - AVAX,0.3,False,1.639,1065.78,0.0041,0.14,1777854639
All Pools,SHOE - BTC.b,0.3,False,1.633,840.52,0.00408,0.18,1777854639
All Pools,LINK.e - USDC.e,0.3,False,1.586,193.35,0.00397,0.75,1777854639
All Pools,YAK - USDC.e,0.3,False,1.58,218.33,0.00395,0.66,1777854639
All Pools,Gravity - AVAX,0.3,False,1.523,335.5,0.00381,0.41,1777854639
All Pools,USDC - SHRAP,0.3,False,1.521,29.38,0.0038,4.72,1777854639
All Pools,UST - USDT.e,0.3,False,1.382,42.56,0.00346,2.96,1777854639
All Pools,FollowTheWhiteRabbit - AVAX,0.3,False,1.373,163.71,0.00343,0.77,1777854639
All Pools,HUSKY - JOE,0.3,False,1.314,181.44,0.00328,0.66,1777854639
All Pools,JOE - USDT,0.3,False,1.301,357.84,0.00325,0.33,1777854639
All Pools,WETH.e - USDT.e,0.3,False,1.27,166.44,0.00317,0.7,1777854639
All Pools,DPS - USDC,0.3,False,1.267,1937.96,0.00317,0.06,1777854639
All Pools,DPS - AVAX,0.3,False,1.267,220.4,0.00317,0.52,1777854639
All Pools,PNG - JOE,0.3,False,1.243,170.74,0.00311,0.66,1777854639
All Pools,XAUt0 - Gravity,0.3,False,1.234,399.04,0.00308,0.28,1777854639
All Pools,USDT.e - DAI.e,0.3,False,1.185,7295.75,0.00296,0.01,1777854639
All Pools,SWIFT - AVAX,0.3,False,1.185,304.18,0.00296,0.36,1777854639
All Pools,CAI - AVAX,0.3,False,1.171,1791.17,0.00293,0.06,1777854639
All Pools,REDWOLF - USDC,0.3,False,1.133,201.91,0.00283,0.51,1777854639
All Pools,sAVAX - COQ,0.3,False,1.11,92.36,0.00277,1.1,1777854639
All Pools,SWIFT - WETH.e,0.3,False,1.07,1611.98,0.00267,0.06,1777854639
All Pools,rloop - AVAX,0.3,False,0.99149,6238.73,0.00248,0.01,1777854639
All Pools,AVAX - $SICKO,0.3,False,0.9861,9.915,0.00247,9.08,1777854639
All Pools,AVAX - ONION,0.3,False,0.9685,180.18,0.00242,0.49,1777854639
All Pools,ROY - AVAX,0.3,False,0.96256,4953.45,0.00241,0.02,1777854639
All Pools,FERT - AVAX,0.3,False,0.94064,800.7,0.00235,0.11,1777854639
All Pools,MAGICK - USDC,0.3,False,0.93899,239.61,0.00235,0.36,1777854639
All Pools,MAGICK - AVAX,0.3,False,0.93869,351.03,0.00235,0.24,1777854639
All Pools,USDC.e - AVVO,0.3,False,0.92652,249.12,0.00232,0.34,1777854639
All Pools,USDC.e - MU,0.3,False,0.90558,13403.0,0.00226,0.01,1777854639
All Pools,MaryMagdalene - XAUt0,0.3,False,0.90443,1946.52,0.00226,0.04,1777854639
All Pools,APOW - USDC,0.3,False,0.88837,167.87,0.00222,0.48,1777854639
All Pools,AVAX - AMI,0.3,False,0.87604,534.03,0.00219,0.15,1777854639
All Pools,XAUt0 - Now,0.3,False,0.85555,714.72,0.00214,0.11,1777854639
All Pools,LUNA - AVAX,0.3,False,0.82793,141.33,0.00207,0.53,1777854639
All Pools,FXS - AVAX,0.3,False,0.81972,435.52,0.00205,0.17,1777854639
All Pools,FTOMB - AVAX,0.3,False,0.76118,9966.51,0.0019,0.01,1777854639
All Pools,YETI - AVAX,0.3,False,0.75555,923.18,0.00189,0.07,1777854639
All Pools,APOW - USDt,0.3,False,0.75068,167.46,0.00188,0.41,1777854639
All Pools,TRESR - AVAX,0.3,False,0.74487,14680.0,0.00186,0.0,1777854639
All Pools,AVAX - IMPACT2,0.3,False,0.73146,167.33,0.00183,0.4,1777854639
All Pools,AVAX - ARENA,0.3,False,0.69713,80.13,0.00174,0.79,1777854639
All Pools,SMRTr - AVAX,0.3,False,0.68949,36217.0,0.00172,0.0,1777854639
All Pools,SMRTr - USDC.e,0.3,False,0.68938,124.8,0.00172,0.5,1777854639
All Pools,GUN - AMI,0.3,False,0.66776,22.27,0.00167,2.74,1777854639
All Pools,AVAX - SHRAP,0.3,False,0.66499,18.35,0.00166,3.31,1777854639
All Pools,BLS - SHRAP,0.3,False,0.66373,10.45,0.00166,5.8,1777854639
All Pools,Now - AVAX,0.3,False,0.65524,265.29,0.00164,0.23,1777854639
All Pools,GAINS - AVAX,0.3,False,0.64189,40.2,0.0016,1.46,1777854639
All Pools,LF - AVAX,0.3,False,0.60035,288.73,0.0015,0.19,1777854639
All Pools,MIM - LF,0.3,False,0.60005,901.65,0.0015,0.06,1777854639
All Pools,CANS - AVAX,0.3,False,0.59496,12.79,0.00149,4.24,1777854639
All Pools,Trinity - Psychic,0.3,False,0.5876,538.27,0.00147,0.1,1777854639
All Pools,DCAR - USDC,0.3,False,0.58661,55.8,0.00147,0.96,1777854639
All Pools,USDC - SDOG,0.3,False,0.58188,482.17,0.00145,0.11,1777854639
All Pools,MONEY - AVAX,0.3,False,0.57594,622.99,0.00144,0.08,1777854639
All Pools,DCAU - USDC,0.3,False,0.55263,151.11,0.00138,0.33,1777854639
All Pools,USDC - aXEN,0.3,False,0.55226,9.105,0.00138,5.53,1777854639
All Pools,USDC.e - ONION,0.3,False,0.54897,384.48,0.00137,0.13,1777854639
All Pools,COQ - JUICE,0.3,False,0.54491,47.65,0.00136,1.04,1777854639
All Pools,GOOD - AVAX,0.3,False,0.54474,149.78,0.00136,0.33,1777854639
All Pools,AVAX - TheGospelOfMary,0.3,False,0.53441,157.01,0.00134,0.31,1777854639
All Pools,HUSKY - AMI,0.3,False,0.53389,85.25,0.00133,0.57,1777854639
All Pools,KIWI - AVAX,0.3,False,0.53077,114.74,0.00133,0.42,1777854639
All Pools,KIWI - USDC,0.3,False,0.52236,309.07,0.00131,0.15,1777854639
All Pools,AMPL - AVAX,0.3,False,0.51174,339.8,0.00128,0.14,1777854639
All Pools,GOOD - COQ,0.3,False,0.50971,95.19,0.00127,0.49,1777854639
All Pools,AVAXAI - USDC,0.3,False,0.5076,1704.15,0.00127,0.03,1777854639
All Pools,MIM - PEFI,0.3,False,0.50119,202.86,0.00125,0.23,1777854639
All Pools,AVAX - MU,0.3,False,0.48961,88.07,0.00122,0.51,1777854639
All Pools,LadyMary - AVAX,0.3,False,0.47966,361.81,0.0012,0.12,1777854639
All Pools,HEFE - GAINS,0.3,False,0.47629,5.71,0.00119,7.61,1777854639
All Pools,AVAX - AVVO,0.3,False,0.47193,299.1,0.00118,0.14,1777854639
All Pools,LadyMary - FollowTheWhiteRabbit,0.3,False,0.45337,646.71,0.00113,0.06,1777854639
All Pools,BTC.b - oXAUT,0.3,False,0.44915,372.49,0.00112,0.11,1777854639
All Pools,oXAUT - AVAX,0.3,False,0.44906,515.75,0.00112,0.08,1777854639
All Pools,UNIQOC - AVAX,0.3,False,0.44743,1122.87,0.00112,0.04,1777854639
All Pools,BNB - AVAX,0.3,False,0.44528,4053.54,0.00111,0.01,1777854639
All Pools,UNIQOC - COQ,0.3,False,0.44455,53.5,0.00111,0.76,1777854639
All Pools,LINDA - AVAX,0.3,False,0.44423,2079.71,0.00111,0.02,1777854639
All Pools,DAI.e - ONION,0.3,False,0.43694,350.44,0.00109,0.11,1777854639
All Pools,HAREM - AVAX,0.3,False,0.43134,140.31,0.00108,0.28,1777854639
All Pools,USDT.e - MU,0.3,False,0.42697,253.79,0.00107,0.15,1777854639
All Pools,gOHM - SB,0.3,False,0.42109,15.37,0.00105,2.5,1777854639
All Pools,DREGG - AVAX,0.3,False,0.41357,177.69,0.00103,0.21,1777854639
All Pools,DREGG - USDT.e,0.3,False,0.41349,542.22,0.00103,0.07,1777854639
All Pools,BrideOfChrist - AVAX,0.3,False,0.41215,88.55,0.00103,0.42,1777854639
All Pools,BTC.b - IMPACT2,0.3,False,0.41077,1255.12,0.00103,0.03,1777854639
All Pools,USDC.e - WXT,0.3,False,0.40952,289.76,0.00102,0.13,1777854639
All Pools,MaryMagdalene - FollowTheWhiteRabbit,0.3,False,0.40605,205.88,0.00102,0.18,1777854639
All Pools,ZRO - USDC,0.3,False,0.40074,5.563,0.001,6.57,1777854639
All Pools,PTOP900 - TOPIA,0.3,False,0.39403,102.27,,0.35,1777854639
All Pools,AVAX - SOCK,0.3,False,0.38686,3259.25,,0.01,1777854639
All Pools,USDC - SOCK,0.3,False,0.3862,480.5,,0.07,1777854639
All Pools,MIM - MU,0.3,False,0.37347,252.35,,0.14,1777854639
All Pools,WETH.e - ONION,0.3,False,0.36763,271.23,,0.12,1777854639
All Pools,AVAX - TIME,0.3,False,0.36695,1205.47,,0.03,1777854639
All Pools,BANKSY - USDT.e,0.3,False,0.36049,1558.96,,0.02,1777854639
All Pools,BANKSY - AVAX,0.3,False,0.36044,172.27,,0.19,1777854639
All Pools,USDC - GAU,0.3,False,0.35801,12181.0,,0.0,1777854639
All Pools,STATIK - AVAX,0.3,False,0.35298,43.89,,0.73,1777854639
All Pools,MIM - TIME,0.3,False,0.34438,122.38,,0.26,1777854639
All Pools,MM - USDC,0.3,False,0.33738,83.74,,0.37,1777854639
All Pools,USDT.e - ONION,0.3,False,0.33697,767.99,,0.04,1777854639
All Pools,HEFE - CANS,0.3,False,0.33631,4.17,,7.36,1777854639
All Pools,MM - AVAX,0.3,False,0.33532,132.68,,0.23,1777854639
All Pools,WBTC.e - USDT.e,0.3,False,0.33387,171.99,,0.18,1777854639
All Pools,AVAX - SMRT,0.3,False,0.31945,2311.0,,0.01,1777854639
All Pools,USDT - ETH,0.3,False,0.3173,210.78,,0.14,1777854639
All Pools,OSAK - AVAX,0.3,False,0.3139,6110.75,,0.0,1777854639
All Pools,COQ - OSAK,0.3,False,0.31315,36.36,,0.79,1777854639
All Pools,KALM - USDC,0.3,False,0.31055,84.45,,0.34,1777854639
All Pools,KALM - AVAX,0.3,False,0.31044,125.26,,0.23,1777854639
All Pools,HOWDY - AVAX,0.3,False,0.30793,20897.0,,0.0,1777854639
All Pools,USDT.e - SMRT,0.3,False,0.29784,105.74,,0.26,1777854639
All Pools,Psychic - Now,0.3,False,0.29648,629.8,,0.04,1777854639
All Pools,BTC.b - HOWDY,0.3,False,0.29073,183.37,,0.14,1777854639
All Pools,COQ - OX,0.3,False,0.28951,12203.0,,0.0,1777854639
All Pools,50 - USDC,0.3,False,0.28375,119.72,,0.22,1777854639
All Pools,50 - AVAX,0.3,False,0.28362,75.29,,0.34,1777854639
All Pools,FollowTheWhiteRabbit - LuciferMorningstar,0.3,False,0.27264,3616.87,,0.01,1777854639
All Pools,Gold - AVAX,0.3,False,0.26921,88.08,,0.28,1777854639
All Pools,KIMBO - CANS,0.3,False,0.26595,389.33,,0.06,1777854639
All Pools,AVAX - FRAX,0.3,False,0.26587,269.6,,0.09,1777854639
All Pools,MAXI - DAI.e,0.3,False,0.26468,233.99,,0.1,1777854639
All Pools,COQ - NOCHILL,0.3,False,0.25709,15.12,,1.55,1777854639
All Pools,FollowTheWhiteRabbit - TheGospelOfMary,0.3,False,0.25364,156.59,,0.15,1777854639
All Pools,USDt - IMPACT2,0.3,False,0.25106,71.19,,0.32,1777854639
All Pools,JEWEL - USDC,0.3,False,0.24402,4483.02,,0.0,1777854639
All Pools,SOL - USDC,0.3,False,0.24373,23.98,,0.93,1777854639
All Pools,WETH.e - USDC,0.3,False,0.24024,22.6,,0.97,1777854639
All Pools,MU - DAI.e,0.3,False,0.23315,243.97,,0.09,1777854639
All Pools,AVAX - SPT,0.3,False,0.2316,16.21,,1.3,1777854639
All Pools,AI - AVAX,0.3,False,0.22638,4302.73,,0.0,1777854639
All Pools,MaryMagdalene - TheGospelOfMary,0.3,False,0.22466,268.71,,0.08,1777854639
All Pools,BUSD - USDC,0.3,False,0.2222,7.678,,2.64,1777854639
All Pools,VENG - AVAX,0.3,False,0.21857,60.03,,0.33,1777854639
All Pools,WETH.e - REDWOLF,0.3,False,0.2122,101.18,,0.19,1777854639
All Pools,AVAX - ZUBAX,0.3,False,0.20872,115.4,,0.17,1777854639
All Pools,BrideOfChrist - FollowTheWhiteRabbit,0.3,False,0.20682,725.82,,0.03,1777854639
All Pools,ABC - AVAX,0.3,False,0.20114,1066.59,,0.02,1777854639
All Pools,miMatic - USDC.e,0.3,False,0.20104,23.04,,0.8,1777854639
All Pools,Trinity - LuciferMorningstar,0.3,False,0.19907,346554916.0,,,1777854639
All Pools,WBTC - AVAX,0.3,False,0.19056,40.29,,0.43,1777854639
All Pools,ZUBAX - USDT.e,0.3,False,0.18656,183.42,,0.09,1777854639
All Pools,WBTC.e - ONION,0.3,False,0.18655,404.26,,0.04,1777854639
All Pools,BTC.b - REDWOLF,0.3,False,0.18362,118.41,,0.14,1777854639
All Pools,NOCHILL - OX,0.3,False,0.18304,13090.0,,0.0,1777854639
All Pools,MaryMagdalene - Gravity,0.3,False,0.18139,131.22,,0.13,1777854639
All Pools,BOI - MU,0.3,False,0.18051,1.117,,14.75,1777854639
All Pools,USDC - CHAM,0.3,False,0.17794,49.73,,0.33,1777854639
All Pools,Psychic - Meaning,0.3,False,0.17694,308.01,,0.05,1777854639
All Pools,Meaning - AVAX,0.3,False,0.1765,443.99,,0.04,1777854639
All Pools,- AMI,0.3,False,0.17328,12.92,,1.22,1777854639
All Pools,AVAX - TOPIA,0.3,False,0.1722,518.19,,0.03,1777854639
All Pools,USDC - USD+,0.3,False,0.17105,32.67,,0.48,1777854639
All Pools,Gold - Now,0.3,False,0.16939,900.09,,0.02,1777854639
All Pools,CQK - USDC,0.3,False,0.16846,34.87,,0.44,1777854639
All Pools,CQK - AVAX,0.3,False,0.16838,129.45,,0.12,1777854639
All Pools,USDC - yyAVAX,0.3,False,0.1683,14.1,,1.09,1777854639
All Pools,COQ - BOOTY,0.3,False,0.1661,10.3,,1.47,1777854639
All Pools,AVAX - LuciferMorningstar,0.3,False,0.16341,14.41,,1.03,1777854639
All Pools,USDC - SPT,0.3,False,0.16237,40.51,,0.37,1777854639
All Pools,JOE - KRW,0.3,False,0.16234,234.26,,0.06,1777854639
All Pools,KRW - AVAX,0.3,False,0.16211,448.12,,0.03,1777854639
All Pools,PTOP1000 - TOPIA,0.3,False,0.16114,100.62,,0.15,1777854639
All Pools,USDt - RUX,0.3,False,0.15924,15977.0,,,1777854639
All Pools,RUX - AVAX,0.3,False,0.15923,29.93,,0.49,1777854639
All Pools,COQ - AMI,0.3,False,0.15856,13.85,,1.04,1777854639
All Pools,BLSEYE🎯 - MEOW,0.3,False,0.15705,688.7,,0.02,1777854639
All Pools,BOI - AMI,0.3,False,0.15348,0.95033,,14.74,1777854639
All Pools,COQ - bCASH,0.3,False,0.15148,17.92,,0.77,1777854639
All Pools,HUSKY - MUG,0.3,False,0.15044,23.92,,0.57,1777854639
All Pools,AVAX - SNOB,0.3,False,0.14793,956.82,,0.01,1777854639
All Pools,HEFE - AMI,0.3,False,0.14722,1.718,,7.82,1777854639
All Pools,AVAX - LYLY,0.3,False,0.14598,71.36,,0.19,1777854639
All Pools,USDC.e - WISE,0.3,False,0.14572,45.61,,0.29,1777854639
All Pools,AVAX - WISE,0.3,False,0.1457,77.43,,0.17,1777854639
All Pools,$Crazy - AVAX,0.3,False,0.14483,1002.6,,0.01,1777854639
All Pools,AVAI - AVAX,0.3,False,0.14473,28.94,,0.46,1777854639
All Pools,Psychic - Ducks,0.3,False,0.14143,314.81,,0.04,1777854639
All Pools,Ducks - AVAX,0.3,False,0.14108,284.15,,0.05,1777854639
All Pools,WBTC.e - REDWOLF,0.3,False,0.13695,58.52,,0.21,1777854639
All Pools,Priory - AVAX,0.3,False,0.13551,75.63,,0.16,1777854639
All Pools,FollowTheWhiteRabbit - Priory,0.3,False,0.1355,917.22,,0.01,1777854639
All Pools,UST - USDC,0.3,False,0.13481,4.35,,2.83,1777854639
All Pools,BrideOfChrist - BLACK,0.3,False,0.1345,32.83,,0.37,1777854639
All Pools,AVAX - ELK,0.3,False,0.1287,69.31,,0.17,1777854639
All Pools,DéjàVu - Gravity,0.3,False,0.1273,206.95,,0.06,1777854639
All Pools,Psychic - Jjj,0.3,False,0.12555,314.94,,0.04,1777854639
All Pools,Jjj - AVAX,0.3,False,0.12528,284.48,,0.04,1777854639
All Pools,COQ - REDWOLF,0.3,False,0.12513,12.1,,0.94,1777854639
All Pools,MaryMagdalene - BrideOfChrist,0.3,False,0.12494,119.38,,0.1,1777854639
All Pools,WETH.e - SURE,0.3,False,0.12336,1074.33,,0.01,1777854639
All Pools,ElvisJackpot - BLACK,0.3,False,0.12213,17.47,,0.64,1777854639
All Pools,AVAX - XPOW,0.3,False,0.12033,39.38,,0.28,1777854639
All Pools,miMatic - AVAX,0.3,False,0.1196,36.14,,0.3,1777854639
All Pools,VELAI - AVAX,0.3,False,0.11947,0.32215,,33.84,1777854639
All Pools,USDC.e - SOL,0.3,False,0.11818,41.61,,0.26,1777854639
All Pools,RoselineBloodline - AVAX,0.3,False,0.11798,43.81,,0.25,1777854639
All Pools,Psychic - MeaningOfNumbers,0.3,False,0.11659,315.15,,0.03,1777854639
All Pools,AVAX - MeaningOfNumbers,0.3,False,0.11634,284.38,,0.04,1777854639
All Pools,VEE - USDC,0.3,False,0.11627,32.01,,0.33,1777854639
All Pools,TECH - OX,0.3,False,0.11507,4872.26,,0.0,1777854639
All Pools,YEEHAW - AVAX,0.3,False,0.11236,31.4,,0.33,1777854639
All Pools,AVAX - CHAM,0.3,False,0.11063,32.45,,0.31,1777854639
All Pools,COQ - KOVIN,0.3,False,0.10927,12.74,,0.78,1777854639
All Pools,COQ - LYLY,0.3,False,0.10891,15.01,,0.66,1777854639
All Pools,LUNA - LUNA,0.3,False,0.10864,2.447,,4.05,1777854639
All Pools,RPEPE - AVAX,0.3,False,0.10797,6282.16,,0.0,1777854639
All Pools,wsOHM - AVAX,0.3,False,0.10719,21.81,,0.45,1777854639
All Pools,Psychic - DéjàVu,0.3,False,0.1071,196.01,,0.05,1777854639
All Pools,Psychic - Xmas,0.3,False,0.10647,295.87,,0.03,1777854639
All Pools,Xmas - AVAX,0.3,False,0.10626,267.7,,0.04,1777854639
All Pools,AMI - TOPIA,0.3,False,0.10546,220.06,,0.04,1777854639
All Pools,WarpSpeed - AVAX,0.3,False,0.10421,136.96,,0.07,1777854639
All Pools,Gravity - WarpSpeed,0.3,False,0.10419,83.97,,0.11,1777854639
All Pools,Psychic - BlackAndGold,0.3,False,0.10413,314.64,,0.03,1777854639
All Pools,AVAX - BlackAndGold,0.3,False,0.10394,285.87,,0.03,1777854639
All Pools,AVAX - APOW,0.3,False,0.1028,38.92,,0.24,1777854639
All Pools,LINK.e - REDWOLF,0.3,False,0.10271,80.14,,0.12,1777854639
All Pools,HOST - DAI.e,0.3,False,0.10204,2574.51,,0.0,1777854639
All Pools,Psychic - Prometheus,0.3,False,0.10176,306.23,,0.03,1777854639
All Pools,AVAX - Prometheus,0.3,False,0.10156,277.62,,0.03,1777854639
All Pools,XAUt0 - ElvisJackpot,0.3,False,0.10152,331.55,,0.03,1777854639
All Pools,Orange - AVAX,0.3,False,0.10102,86.84,,0.11,1777854639
All Pools,WLRS - USDC.e,0.3,False,0.10096,4533.0,,0.0,1777854639
All Pools,WOO.e - AVAX,0.3,False,0.09893,103.57,,0.09,1777854639
All Pools,PTOP1100 - TOPIA,0.3,False,0.09871,149.69,,0.06,1777854639
All Pools,CGS - AVAX,0.3,False,0.09832,65.38,,0.14,1777854639
All Pools,CGS - USDC.e,0.3,False,0.09768,157.59,,0.06,1777854639
All Pools,COQ - MCV,0.3,False,0.09721,9.582,,0.93,1777854639
All Pools,AVAX - ChristMark,0.3,False,0.09704,355.0,,0.02,1777854639
All Pools,TrumpTower - AVAX,0.3,False,0.09599,157.37,,0.06,1777854639
All Pools,TrumpTower - Gravity,0.3,False,0.09598,75.16,,0.12,1777854639
All Pools,AVAT - USDC,0.3,False,0.09472,40.29,,0.21,1777854639
All Pools,USDt - MILO,0.3,False,0.09457,16.95,,0.51,1777854639
All Pools,AVAX - MILO,0.3,False,0.09456,1128.62,,0.01,1777854639
All Pools,Psychic - MerryXmas,0.3,False,0.09141,290.0,,0.03,1777854639
All Pools,MerryXmas - AVAX,0.3,False,0.09121,262.52,,0.03,1777854639
All Pools,DCAU - MIM,0.3,False,0.08869,310.68,,0.03,1777854639
All Pools,MIM - GRAPE,0.3,False,0.08861,2396.32,,0.0,1777854639
All Pools,WLRS - GRAPE,0.3,False,0.08859,78.33,,0.1,1777854639
All Pools,MIM - PAPA,0.3,False,0.08844,414.93,,0.02,1777854639
All Pools,FollowTheWhiteRabbit - DivineFeminine,0.3,False,0.08533,671.22,,0.01,1777854639
All Pools,UNI.e - REDWOLF,0.3,False,0.08514,9.683,,0.8,1777854639
All Pools,Psychic - DiamondbackGall,0.3,False,0.08208,315.32,,0.02,1777854639
All Pools,DiamondbackGall - AVAX,0.3,False,0.08191,286.48,,0.03,1777854639
All Pools,NOCHILL - KET,0.3,False,0.08127,16.39,,0.45,1777854639
All Pools,AVAX - FORT,0.3,False,0.0802,38.89,,0.19,1777854639
All Pools,MIM - FORT,0.3,False,0.08016,18120.0,,,1777854639
All Pools,SURE - DAI.e,0.3,False,0.07996,27.71,,0.26,1777854639
All Pools,Psychic - Serpentarius,0.3,False,0.07995,320.19,,0.02,1777854639
All Pools,Serpentarius - AVAX,0.3,False,0.0798,290.09,,0.03,1777854639
All Pools,MIM - wsOHM,0.3,False,0.07815,1091.97,,0.01,1777854639
All Pools,COQ - MU,0.3,False,0.07751,4.485,,1.58,1777854639
All Pools,Orange - DivineFeminine,0.3,False,0.07472,1094.04,,0.01,1777854639
All Pools,AVAX - MUG,0.3,False,0.07372,346.78,,0.02,1777854639
All Pools,SUB - USDC,0.3,False,0.07358,13.24,,0.51,1777854639
All Pools,AVAX - SDOG,0.3,False,0.07269,10.08,,0.66,1777854639
All Pools,USDC - APOW,0.3,False,0.07091,20.07,,0.32,1777854639
All Pools,AVAX - Nala,0.3,False,0.06978,25.23,,0.25,1777854639
All Pools,HEFE - HIGHER,0.3,False,0.06904,0.86404,,7.29,1777854639
All Pools,SLUSH - AVAX,0.3,False,0.06903,58.34,,0.11,1777854639
All Pools,SLUSH - USDT.e,0.3,False,0.06902,60.06,,0.1,1777854639
All Pools,SNP - AVAX,0.3,False,0.06899,11.4,,0.55,1777854639
All Pools,COQ - SNP,0.3,False,0.06868,26.05,,0.24,1777854639
All Pools,MU - COQAI,0.3,False,0.06856,6.439,,0.97,1777854639
All Pools,IMPACT2 - EURC,0.3,False,0.06811,46.77,,0.13,1777854639
All Pools,AVVO - DAI.e,0.3,False,0.0681,39.13,,0.16,1777854639
All Pools,AVAT - AVAX,0.3,False,0.06781,21.2,,0.29,1777854639
All Pools,USDC - XPOW,0.3,False,0.06621,20.14,,0.3,1777854639
All Pools,USDt - DXN,0.3,False,0.06619,215.56,,0.03,1777854639
All Pools,REDWOLF - SOL,0.3,False,0.0661,74.04,,0.08,1777854639
All Pools,AVAX - DUO,0.3,False,0.0658,70.38,,0.09,1777854639
All Pools,USDT.e - DUO,0.3,False,0.06579,57.37,,0.1,1777854639
All Pools,USDt - REDWOLF,0.3,False,0.06561,14.87,,0.4,1777854639
All Pools,Psychic - Stolen,0.3,False,0.06364,84.48,,0.07,1777854639
All Pools,UST - UST,0.3,False,0.06272,1.823,,3.14,1777854639
All Pools,HIGHER - AVAX,0.3,False,0.06236,1.83,,3.11,1777854639
All Pools,WETH.e - yyAVAX,0.3,False,0.06223,19.04,,0.3,1777854639
All Pools,FollowTheWhiteRabbit - RoselineBloodline,0.3,False,0.06214,41.23,,0.14,1777854639
All Pools,PAPA - AVAX,0.3,False,0.06185,30.47,,0.19,1777854639
All Pools,MCV - AVAX,0.3,False,0.06175,394.75,,0.01,1777854639
All Pools,HOST - AVAX,0.3,False,0.0607,105.14,,0.05,1777854639
All Pools,USDC - LODE,0.3,False,0.06066,880.35,,0.01,1777854639
All Pools,USDT.e - XAVA,0.3,False,0.0605,11.18,,0.49,1777854639
All Pools,USDC - AMI,0.3,False,0.06029,0.66461,,8.28,1777854639
All Pools,AVAX - BLACK,0.3,False,0.0594,5.953,,0.91,1777854639
All Pools,Go - AVAX,0.3,False,0.05917,138.09,,0.04,1777854639
All Pools,MELT - AVAX,0.3,False,0.05891,24.53,,0.22,1777854639
All Pools,FITFI - USDC,0.3,False,0.05876,0.45068,,11.9,1777854639
All Pools,Gravity - TheGospelOfMary,0.3,False,0.05701,33.75,,0.15,1777854639
All Pools,USDT.e - ZABU,0.3,False,0.05699,48.27,,0.11,1777854639
All Pools,DFIAT - AVAX,0.3,False,0.05661,7461.08,,,1777854639
All Pools,DFIAT - USDT.e,0.3,False,0.05661,28.15,,0.18,1777854639
All Pools,Hopi - Now,0.3,False,0.05643,712.07,,0.01,1777854639
All Pools,Hopi - AVAX,0.3,False,0.05642,214.14,,0.02,1777854639
All Pools,MaryMagdalene - RoselineBloodline,0.3,False,0.05595,46.37,,0.11,1777854639
All Pools,METAG - AVAX,0.3,False,0.0555,24.01,,0.21,1777854639
All Pools,METAG - USDt,0.3,False,0.0555,15.98,,0.32,1777854639
All Pools,Yellow - AVAX,0.3,False,0.05503,260.08,,0.02,1777854639
All Pools,Psychic - CommieSukey,0.3,False,0.05502,314.76,,0.02,1777854639
All Pools,Gravity - NaughtiusMaximus,0.3,False,0.05498,4.984,,1.01,1777854639
All Pools,CommieSukey - AVAX,0.3,False,0.05492,284.96,,0.02,1777854639
All Pools,USDt - XPOW,0.3,False,0.05417,20.1,,0.25,1777854639
All Pools,COQ - MEAT,0.3,False,0.05279,0.70017,,6.88,1777854639
All Pools,SOB - LUNA,0.3,False,0.05243,1.291,,3.71,1777854639
All Pools,Psychic - Yellow,0.3,False,0.05201,81.89,,0.06,1777854639
All Pools,AMI - JUICY,0.3,False,0.05198,0.91675,,5.17,1777854639
All Pools,AVAX - SantaGospel,0.3,False,0.05185,131.9,,0.04,1777854639
All Pools,SYMBIOT - AVAX,0.3,False,0.05001,90.54,,0.05,1777854639
All Pools,AVAX - WXGEM,0.3,False,0.04987,1203.78,,0.0,1777854639
All Pools,TOMB - USDC,0.3,False,0.04979,10.55,,0.43,1777854639
All Pools,HEFE - Always,0.3,False,0.0497,0.83722,,5.42,1777854639
All Pools,AVAX - ZABU,0.3,False,0.04836,30.03,,0.15,1777854639
All Pools,SYMBIOT - DAI.e,0.3,False,0.04785,464.88,,0.01,1777854639
All Pools,BTC.b - MU,0.3,False,0.04774,11.26,,0.39,1777854639
All Pools,QI - LYLY,0.3,False,0.04774,2.685,,1.62,1777854639
All Pools,ALOT - USDC.e,0.3,False,0.04771,9.212,,0.47,1777854639
All Pools,Blue - AVAX,0.3,False,0.04618,257.93,,0.02,1777854639
All Pools,COQ - JUICY,0.3,False,0.046,0.69818,,6.01,1777854639
All Pools,Psychic - Nala,0.3,False,0.04504,266.05,,0.02,1777854639
All Pools,GAINS - MEAT,0.3,False,0.04497,0.97485,,4.21,1777854639
All Pools,SURE - USDC.e,0.3,False,0.04456,23.34,,0.17,1777854639
All Pools,AVAX - ETH,0.3,False,0.04411,16.31,,0.25,1777854639
All Pools,JOE - EXP,0.3,False,0.04274,13373099.0,,,1777854639
All Pools,Stolen - AVAX,0.3,False,0.04203,17.29,,0.22,1777854639
All Pools,Anon - AVAX,0.3,False,0.04165,13.88,,0.27,1777854639
All Pools,Who - AVAX,0.3,False,0.04139,137.21,,0.03,1777854639
All Pools,AVAX - GAU,0.3,False,0.04131,9.069,,0.42,1777854639
All Pools,Trinity - Stolen,0.3,False,0.04098,29.07,,0.13,1777854639
All Pools,AMI - COQAI,0.3,False,0.04009,4.108,,0.89,1777854639
All Pools,TOPIA - PTOP800,0.3,False,0.03947,144.97,,0.02,1777854639
All Pools,Psychic - Blue,0.3,False,0.03885,81.31,,0.04,1777854639
All Pools,GOOD - GAINS,0.3,False,0.03829,3.701,,0.94,1777854639
All Pools,REDWOLF - SHRAP,0.3,False,0.03799,1.191,,2.91,1777854639
All Pools,RUGPULL - MUG,0.3,False,0.03764,183.1,,0.02,1777854639
All Pools,FollowTheWhiteRabbit - StatueOfLiberty,0.3,False,0.03761,507.96,,0.01,1777854639
All Pools,StatueOfLiberty - AVAX,0.3,False,0.0376,14.61,,0.23,1777854639
All Pools,meGNX - AVAX,0.3,False,0.03724,17.27,,0.2,1777854639
All Pools,LIBRE - USDC.e,0.3,False,0.03709,14.75,,0.23,1777854639
All Pools,MELT - USDT.e,0.3,False,0.03679,30.66,,0.11,1777854639
All Pools,Psychic - Who,0.3,False,0.03677,73.63,,0.05,1777854639
All Pools,TruthClosure - BLACK,0.3,False,0.03671,25.54,,0.13,1777854639
All Pools,TruthClosure - AVAX,0.3,False,0.03671,11.43,,0.29,1777854639
All Pools,Gravity - ChristMark,0.3,False,0.0363,15.37,,0.22,1777854639
All Pools,Psychic - Go,0.3,False,0.03609,73.39,,0.04,1777854639
All Pools,Gladiator - USDC,0.3,False,0.0359,561.71,,0.01,1777854639
All Pools,aDXN - AVAX,0.3,False,0.03528,3.597,,0.89,1777854639
All Pools,WINK - NOCHILL,0.3,False,0.03527,0.98912,,3.25,1777854639
All Pools,Psychic - ArniStitch,0.3,False,0.03501,314.9,,0.01,1777854639
All Pools,ArniStitch - AVAX,0.3,False,0.03495,284.26,,0.01,1777854639
All Pools,aDXN - aXEN,0.3,False,0.03479,0.60477,,5.25,1777854639
All Pools,GAINS - COQ,0.3,False,0.03397,1.983,,1.56,1777854639
All Pools,Chrism - BLACK,0.3,False,0.03389,2.347,,1.32,1777854639
All Pools,CNR - USDC,0.3,False,0.03342,4.804,,0.63,1777854639
All Pools,MIM - DAI.e,0.3,False,0.0328,52.03,,0.06,1777854639
All Pools,GAS - AVAX,0.3,False,0.03215,226.16,,0.01,1777854639
All Pools,NOCHILL - AMI,0.3,False,0.03215,6.046,,0.49,1777854639
All Pools,USDt - APOW,0.3,False,0.03195,20.08,,0.15,1777854639
All Pools,SURE - AVAX,0.3,False,0.03179,7.024,,0.41,1777854639
All Pools,FITFI - USDC.e,0.3,False,0.03161,0.24247,,11.9,1777854639
All Pools,USDt - NEMO,0.3,False,0.03143,96.34,,0.03,1777854639
All Pools,AVAX - NEMO,0.3,False,0.03143,7.697,,0.37,1777854639
All Pools,AVAX - MICRO,0.3,False,0.0312,23.44,,0.12,1777854639
All Pools,COQ - MICRO,0.3,False,0.03104,3.685,,0.77,1777854639
All Pools,CNR - USDt,0.3,False,0.03071,4.823,,0.58,1777854639
All Pools,AVAX - Strength,0.3,False,0.03012,139.08,,0.02,1777854639
All Pools,BLUB - AVAX,0.0,False,0.02976,46.74,0.0,0.0,1777854639
All Pools,FLAKE - USDT.e,0.3,False,0.02939,50.89,,0.05,1777854639
All Pools,FLAKE - AVAX,0.3,False,0.02939,21.23,,0.13,1777854639
All Pools,Psychic - SantaGospel,0.3,False,0.02909,73.08,,0.04,1777854639
All Pools,SLIME - USDt,0.3,False,0.02906,7.29,,0.36,1777854639
All Pools,SLIME - AVAX,0.3,False,0.02905,21293.0,,,1777854639
All Pools,wsOHM - USDC.e,0.3,False,0.02905,42.16,,0.06,1777854639
All Pools,LIRA - AVAX,0.3,False,0.02893,13.04,,0.2,1777854639
All Pools,LoveYou - Gravity,0.3,False,0.02878,56.27,,0.05,1777854639
All Pools,LoveYou - AVAX,0.3,False,0.02876,60.63,,0.04,1777854639
All Pools,QI - REDWOLF,0.3,False,0.02843,1.554,,1.67,1777854639
All Pools,SOB - AVAX,0.3,False,0.02831,541.43,,0.0,1777854639
All Pools,AVAX - STRAW,0.3,False,0.02822,15.7,,0.16,1777854639
All Pools,NaughtiusMaximus - Seventeen,0.3,False,0.02793,848.74,,0.0,1777854639
All Pools,USDC - BVAX,0.3,False,0.02791,30.47,,0.08,1777854639
All Pools,WINK - MU,0.3,False,0.0277,0.51343,,4.92,1777854639
All Pools,MaryMagdalene - LadyMary,0.3,False,0.02765,17.25,,0.15,1777854639
All Pools,AVAX - NaughtiusMaximus,0.3,False,0.02746,439.04,,0.01,1777854639
All Pools,MIM - USDC,0.3,False,0.0272,76.67,,0.03,1777854639
All Pools,DAI.e - STRAW,0.3,False,0.02696,34.35,,0.07,1777854639
All Pools,Stolen - BLACK,0.3,False,0.02693,5.292,,0.46,1777854639
All Pools,LoveIsTheKey - AVAX,0.3,False,0.02675,14.79,,0.17,1777854639
All Pools,LoveIsTheKey - BLACK,0.3,False,0.02675,7.83,,0.31,1777854639
All Pools,YEEHAW - USDC,0.3,False,0.02671,12.65,,0.19,1777854639
All Pools,KrisKringle - Gravity,0.3,False,0.02626,77.35,,0.03,1777854639
All Pools,KrisKringle - AVAX,0.3,False,0.02625,25.86,,0.09,1777854639
All Pools,USDC - WSPP,0.3,False,0.02568,43.76,,0.05,1777854639
All Pools,Orange - BLACK,0.3,False,0.02552,4.058,,0.57,1777854639
All Pools,AVAX - EROL,0.0,False,0.02487,73.79,0.0,0.0,1777854639
All Pools,Trinity - Nala,0.3,False,0.02485,40.07,,0.06,1777854639
All Pools,NOCHILL - REDWOLF,0.3,False,0.02451,3.497,,0.64,1777854639
All Pools,GURS - ARENA,0.3,False,0.02401,7.326,,0.3,1777854639
All Pools,MAI - TOMB,0.3,False,0.0236,130.2,,0.02,1777854639
All Pools,BTC.b - USDC,0.3,False,0.02356,4.658,,0.46,1777854639
All Pools,YEEHAW - BTC.b,0.3,False,0.02345,126.63,,0.02,1777854639
All Pools,JPYC - USDC.e,0.3,False,0.02335,4.788,,0.44,1777854639
All Pools,Go - BLACK,0.3,False,0.02315,4.748,,0.44,1777854639
All Pools,Gil - AVAX,0.3,False,0.02308,17.04,,0.12,1777854639
All Pools,Matter - AVAX,0.3,False,0.02291,79.45,,0.03,1777854639
All Pools,Orange - Matter,0.3,False,0.02287,8944.4,,,1777854639
All Pools,BLACK - SantaGospel,0.3,False,0.02281,4.715,,0.44,1777854639
All Pools,MEAT - MU,0.3,False,0.02281,0.49386,,4.21,1777854639
All Pools,AAVE.e - meGNX,0.3,False,0.02271,4.005,,0.52,1777854639
All Pools,NineHundred - AVAX,0.3,False,0.0225,137.49,,0.01,1777854639
All Pools,JOE - ZABU,0.3,False,0.0224,18.44,,0.11,1777854639
All Pools,Strength - BLACK,0.3,False,0.02219,4.755,,0.43,1777854639
All Pools,AVAX - BLANC,0.3,False,0.02216,21.62,,0.09,1777854639
All Pools,MIM - BLANC,0.3,False,0.02215,8359.66,,,1777854639
All Pools,MELT - USDC.e,0.3,False,0.02213,30.98,,0.07,1777854639
All Pools,BTC.b - GMX,0.3,False,0.02206,1.524,,1.32,1777854639
All Pools,MIM - SPELL,0.3,False,0.02205,7.594,,0.26,1777854639
All Pools,Gil - DAI.e,0.3,False,0.02204,28.51,,0.07,1777854639
All Pools,JOE - QI,0.3,False,0.02186,0.93052,,2.14,1777854639
All Pools,Yellow - BLACK,0.3,False,0.02173,4.758,,0.42,1777854639
All Pools,HIGHER - AMI,0.3,False,0.02147,3.26,,0.6,1777854639
All Pools,DivineFeminine - AVAX,0.3,False,0.02131,6.123,,0.32,1777854639
All Pools,SMRT - XAVA,0.3,False,0.02124,2.826,,0.69,1777854639
All Pools,Psychic - NeatestQuackery,0.3,False,0.02046,315.74,,0.01,1777854639
All Pools,NeatestQuackery - AVAX,0.3,False,0.02043,284.65,,0.01,1777854639
All Pools,Mungo - AVAX,0.3,False,0.02042,40.68,,0.05,1777854639
All Pools,DéjàVu - Mungo,0.3,False,0.02037,182.1,,0.01,1777854639
All Pools,BENIS - NOCHILL,0.3,False,0.01976,4.869,,0.37,1777854639
All Pools,PNG - REDWOLF,0.3,False,0.01972,4.224,,0.43,1777854639
All Pools,Blue - BLACK,0.3,False,0.01963,4.776,,0.38,1777854639
All Pools,Who - BLACK,0.3,False,0.01961,4.727,,0.38,1777854639
All Pools,AVAX - Always,0.3,False,0.01948,0.57986,,3.07,1777854639
All Pools,wMEMO - AVAX,0.3,False,0.0194,13.58,,0.13,1777854639
All Pools,Hydrogen - BLACK,0.3,False,0.01904,4.773,,0.36,1777854639
All Pools,NineHundred - BLACK,0.3,False,0.01897,4.741,,0.37,1777854639
All Pools,Gladiator - AVAX,0.3,False,0.01817,3.663,,0.45,1777854639
All Pools,USDC.e - UST,0.3,False,0.01798,1.72,,0.95,1777854639
All Pools,Gladiator - AMI,0.3,False,0.01779,367.21,,0.0,1777854639
All Pools,Chrism - ChristMark,0.3,False,0.01747,179.3,,0.01,1777854639
All Pools,MAJIN - AVAX,0.3,False,0.01744,4323.1,,,1777854639
All Pools,Psychic - NineHundred,0.3,False,0.01735,72.81,,0.02,1777854639
All Pools,ELE - AVAX,0.3,False,0.01665,122.68,,0.01,1777854639
All Pools,AVAX - COFI,0.3,False,0.01657,605.45,,0.0,1777854639
All Pools,DCAR - AVAX,0.3,False,0.01653,1.085,,1.39,1777854639
All Pools,COQ - COFI,0.3,False,0.01648,1.823,,0.82,1777854639
All Pools,ElvisJackpot - Gravity,0.3,False,0.01633,19.03,,0.08,1777854639
All Pools,GRELF[ava] - AVAX,0.3,False,0.01632,1131.62,,0.0,1777854639
All Pools,BNZ - WINK,0.3,False,0.01626,0.47207,,3.14,1777854639
All Pools,REDWOLF - ODDZ,0.3,False,0.0162,1.528,,0.97,1777854639
All Pools,USDT.e - EXP,0.3,False,0.01607,44264947.0,,,1777854639
All Pools,AVAX - BOBS,0.3,False,0.01557,5422.13,,,1777854639
All Pools,KLO - USDT.e,0.3,False,0.01536,5.648,,0.25,1777854639
All Pools,ORNG - JUICE,0.3,False,0.01514,2.734,,0.51,1777854639
All Pools,KIMBO - COQ,0.3,False,0.01494,1.666,,0.82,1777854639
All Pools,USDC.e - SPADE,0.3,False,0.01492,16.12,,0.08,1777854639
All Pools,QI - USDC.e,0.3,False,0.01479,0.80248,,1.68,1777854639
All Pools,OH - AVAX,0.3,False,0.01472,92.85,,0.01,1777854639
All Pools,GMX - USDC,0.3,False,0.01464,0.89246,,1.5,1777854639
All Pools,DUO - USDT.e,0.3,False,0.01456,7.31,,0.18,1777854639
All Pools,GAINS - BOBS,0.3,False,0.01456,2.225,,0.6,1777854639
All Pools,RUG - USDT.e,0.3,False,0.01455,14.77,,0.09,1777854639
All Pools,wALGO - USDC,0.3,False,0.01435,2.801,,0.47,1777854639
All Pools,wALGO - AVAX,0.3,False,0.01435,159.55,,0.01,1777854639
All Pools,AVAX - WSPP,0.3,False,0.0142,2.943,,0.44,1777854639
All Pools,Yule - Seventeen,0.3,False,0.01393,272.75,,0.0,1777854639
All Pools,AVAX - GG,0.3,False,0.01378,9.344,,0.13,1777854639
All Pools,MIM - GG,0.3,False,0.01378,291.3,,0.0,1777854639
All Pools,LINK.e - MU,0.3,False,0.01375,7.365,,0.17,1777854639
All Pools,WETH.e - meGNX,0.3,False,0.01355,6.547,,0.19,1777854639
All Pools,AVAX - LoveWins,0.3,False,0.01352,7.722,,0.16,1777854639
All Pools,FollowTheWhiteRabbit - LoveWins,0.3,False,0.01352,150.94,,0.01,1777854639
All Pools,AVAX - IMPACT,0.3,False,0.0135,6.213,,0.2,1777854639
All Pools,USDT.e - TMT,0.3,False,0.01344,26.19,,0.05,1777854639
All Pools,AVAX - TMT,0.3,False,0.01343,7.089,,0.17,1777854639
All Pools,NOCHILL - MU,0.3,False,0.01343,2.175,,0.56,1777854639
All Pools,USDC.e - RUG,0.3,False,0.01329,24.9,,0.05,1777854639
All Pools,AVAX - EROL,0.3,False,0.01319,38.96,,0.03,1777854639
All Pools,Trinity - Yule,0.3,False,0.01312,1.43,,0.84,1777854639
All Pools,ChristMark - ChristIAmYou,0.3,False,0.01294,26.15,,0.05,1777854639
All Pools,BLACK - ChristIAmYou,0.3,False,0.0128,2.275,,0.51,1777854639
All Pools,COQ - ARENA,0.3,False,0.01274,1.215,,0.96,1777854639
All Pools,WBTC.e - USDC.e,0.3,False,0.01261,8.922,,0.13,1777854639
All Pools,GAINS - Degen,0.3,False,0.01254,2.011,,0.57,1777854639
All Pools,Degen - AVAX,0.3,False,0.0125,1981.88,,,1777854639
All Pools,Hydrogen - AVAX,0.3,False,0.01208,257.87,,0.0,1777854639
All Pools,JOE - ZUBAX,0.3,False,0.01146,9.002,,0.12,1777854639
All Pools,AVAX - QUASI,0.3,False,0.01123,582.08,,0.0,1777854639
All Pools,GAINS - QUASI,0.3,False,0.01118,1.392,,0.73,1777854639
All Pools,[i]Lluminati - BLACK,0.3,False,0.01114,2.302,,0.44,1777854639
All Pools,COQ - ZUM,0.3,False,0.01113,1.1,,0.92,1777854639
All Pools,ICUBE - USDT.e,0.3,False,0.0107,107.95,,0.01,1777854639
All Pools,ICUBE - AVAX,0.3,False,0.01069,6.305,,0.15,1777854639
All Pools,MIM - UNIV,0.3,False,0.01059,20.18,,0.05,1777854639
All Pools,UNIV - AVAX,0.3,False,0.01059,10.08,,0.1,1777854639
All Pools,USDC - USDT.e,0.3,False,0.01029,154.37,,0.01,1777854639
All Pools,BENIS - AVAX,0.3,False,0.00998,15.36,,0.06,1777854639
All Pools,XIO - USDC,0.3,False,0.00998,24.51,,0.04,1777854639
All Pools,XIO - AVAX,0.3,False,0.00997,2.791,,0.33,1777854639
All Pools,WDAO - MIM,0.3,False,0.00986,23.33,,0.04,1777854639
All Pools,WDAO - AVAX,0.3,False,0.00986,19.41,,0.05,1777854639
All Pools,GG - AVAX,0.3,False,0.00973,12.2,,0.07,1777854639
All Pools,MIM - GG,0.3,False,0.00973,23.29,,0.04,1777854639
All Pools,Psychic - Numbers,0.3,False,0.00963,61.15,,0.01,1777854639
All Pools,Numbers - BLACK,0.3,False,0.00956,2.252,,0.39,1777854639
All Pools,Psychic - Luck,0.3,False,0.00952,61.16,,0.01,1777854639
All Pools,Psychic - Mirror,0.3,False,0.00949,61.12,,0.01,1777854639
All Pools,SHERPA - AVAX,0.3,False,0.00936,129.19,,0.01,1777854639
All Pools,Trinity - FourFourFour,0.3,False,0.00936,4.867,,0.18,1777854639
All Pools,HIGHER - HOWDY,0.3,False,0.00935,1.504,,0.57,1777854639
All Pools,BANKSY - USDC.e,0.3,False,0.00911,31.18,,0.03,1777854639
All Pools,BANKSY - AVAX,0.3,False,0.00911,23.07,,0.04,1777854639
All Pools,KIMBO - AMI,0.3,False,0.009,4.258,,0.19,1777854639
All Pools,XAVA - HON,0.3,False,0.00894,1.853,,0.44,1777854639
All Pools,AVAX - TT,0.3,False,0.00872,1.912,,0.42,1777854639
All Pools,BTC.b - IMPACT,0.3,False,0.00862,0.62803,,1.25,1777854639
All Pools,KIWI - USDt,0.3,False,0.00859,20.35,,0.04,1777854639
All Pools,KIMBO - GAINS,0.3,False,0.00855,1.348,,0.58,1777854639
All Pools,JOE - aXEN,0.3,False,0.00847,0.23494,,3.29,1777854639
All Pools,Psychic - Finish,0.3,False,0.00831,61.12,,0.01,1777854639
All Pools,Psychic - Bonfire,0.3,False,0.00831,61.15,,0.01,1777854639
All Pools,Finish - BLACK,0.3,False,0.00827,2.265,,0.33,1777854639
All Pools,Bonfire - BLACK,0.3,False,0.00826,2.252,,0.33,1777854639
All Pools,GURS - NOCHILL,0.3,False,0.00821,1.953,,0.38,1777854639
All Pools,Psychic - WhoWhoWho,0.3,False,0.00805,61.12,,0.01,1777854639
All Pools,Psychic - Thick,0.3,False,0.00797,61.14,,0.01,1777854639
All Pools,SatoshiNakamoto - Psychic,0.3,False,0.00795,61.16,,0.01,1777854639
All Pools,Psychic - Strength,0.3,False,0.00794,74.13,,0.01,1777854639
All Pools,Psychic - Alphabet,0.3,False,0.00793,61.17,,0.01,1777854639
All Pools,Psychic - Oracle,0.3,False,0.00791,61.16,,0.01,1777854639
All Pools,Thick - BLACK,0.3,False,0.00791,2.259,,0.32,1777854639
All Pools,AVAX - LODE,0.3,False,0.0079,1.012,,0.71,1777854639
All Pools,SatoshiNakamoto - BLACK,0.3,False,0.00789,2.251,,0.32,1777854639
All Pools,Alphabet - BLACK,0.3,False,0.00788,2.247,,0.32,1777854639
All Pools,Psychic - Codes,0.3,False,0.00777,61.17,,0.01,1777854639
All Pools,Psychic - PennyTrinity,0.3,False,0.00776,61.18,,0.01,1777854639
All Pools,Codes - BLACK,0.3,False,0.00771,2.248,,0.31,1777854639
All Pools,Psychic - Penny,0.3,False,0.00771,61.16,,0.01,1777854639
All Pools,PennyTrinity - BLACK,0.3,False,0.00771,2.245,,0.31,1777854639
All Pools,Penny - BLACK,0.3,False,0.00768,2.252,,0.31,1777854639
All Pools,RUGPULL - AVAX,0.3,False,0.00768,2.933,,0.24,1777854639
All Pools,MIM - RUG,0.3,False,0.00762,22.9,,0.03,1777854639
All Pools,MUMO - USDC,0.3,False,0.00761,8.219,,0.08,1777854639
All Pools,Psychic - Verse,0.3,False,0.00752,61.13,,0.01,1777854639
All Pools,Eye - Psychic,0.3,False,0.00751,61.16,,0.01,1777854639
All Pools,USDT.e - BOREA,0.3,False,0.00747,26.43,,0.03,1777854639
All Pools,AVAX - BOREA,0.3,False,0.00746,6.605,,0.1,1777854639
All Pools,Eye - BLACK,0.3,False,0.00746,2.251,,0.3,1777854639
All Pools,DrainTheSwamp - FollowTheWhiteRabbit,0.3,False,0.00746,10.91,,0.06,1777854639
All Pools,DrainTheSwamp - AVAX,0.3,False,0.00745,37.08,,0.02,1777854639
All Pools,Psychic - Gematria,0.3,False,0.00744,61.16,,0.01,1777854639
All Pools,MIM - AUSD,0.3,False,0.00742,34.8,,0.02,1777854639
All Pools,bECH - AVAX,0.3,False,0.00741,21.34,,0.03,1777854639
All Pools,BLACK - Gematria,0.3,False,0.00739,2.25,,0.3,1777854639
All Pools,KOVIN - AVAX,0.3,False,0.00735,3146.65,,,1777854639
All Pools,Psychic - Crypt,0.3,False,0.00724,61.11,,0.01,1777854639
All Pools,FINANCE - NOCHILL,0.3,False,0.00723,484.14,,0.0,1777854639
All Pools,Crypt - BLACK,0.3,False,0.0072,2.268,,0.29,1777854639
All Pools,Psychic - OneOneOne,0.3,False,0.00718,61.15,,0.01,1777854639
All Pools,USDC - OK,0.3,False,0.00718,1.185,,0.55,1777854639
All Pools,Psychic - Architect,0.3,False,0.00716,61.16,,0.01,1777854639
All Pools,USDR - USDC,0.3,False,0.00716,41.02,,0.02,1777854639
All Pools,Psychic - daVinci,0.3,False,0.00714,61.15,,0.01,1777854639
All Pools,OneOneOne - BLACK,0.3,False,0.00713,2.252,,0.29,1777854639
All Pools,Psychic - Gematria,0.3,False,0.00713,61.16,,0.01,1777854639
All Pools,Psychic - RefZip,0.3,False,0.00712,61.15,,0.01,1777854639
All Pools,Architect - BLACK,0.3,False,0.00712,2.251,,0.29,1777854639
All Pools,Psychic - Qubit,0.3,False,0.0071,61.12,,0.01,1777854639
All Pools,daVinci - BLACK,0.3,False,0.00709,2.254,,0.29,1777854639
All Pools,Psychic - Blessings,0.3,False,0.00708,61.12,,0.01,1777854639
All Pools,Gematria - BLACK,0.3,False,0.00708,2.251,,0.29,1777854639
All Pools,Psychic - Solved,0.3,False,0.00708,61.16,,0.01,1777854639
All Pools,RefZip - BLACK,0.3,False,0.00707,2.254,,0.29,1777854639
All Pools,Psychic - IAmThatIAm,0.3,False,0.00706,61.16,,0.01,1777854639
All Pools,FLOT - AVAX,0.3,False,0.00705,4249.7,,,1777854639
All Pools,Psychic - Confusion,0.3,False,0.00705,61.16,,0.01,1777854639
All Pools,Solved - BLACK,0.3,False,0.00703,2.251,,0.28,1777854639
All Pools,Psychic - TwinFlames,0.3,False,0.00703,61.85,,0.01,1777854639
All Pools,BLACK - IAmThatIAm,0.3,False,0.00702,2.25,,0.28,1777854639
All Pools,SaintGermain - BLACK,0.3,False,0.00701,2.455,,0.26,1777854639
All Pools,FLOT - COQ,0.3,False,0.00701,0.77507,,0.83,1777854639
All Pools,Confusion - BLACK,0.3,False,0.007,2.251,,0.28,1777854639
All Pools,Psychic - TrumpCard,0.3,False,0.00699,61.17,,0.01,1777854639
All Pools,Psychic - Hydrogen,0.3,False,0.00699,81.63,,0.01,1777854639
All Pools,TRYB - USDC.e,0.3,False,0.00699,31.32,,0.02,1777854639
All Pools,Choice - Psychic,0.3,False,0.00698,61.13,,0.01,1777854639
All Pools,Psychic - YouAndI,0.3,False,0.00694,61.15,,0.01,1777854639
All Pools,TrumpCard - BLACK,0.3,False,0.00694,2.247,,0.28,1777854639
All Pools,Choice - BLACK,0.3,False,0.00694,2.262,,0.28,1777854639
All Pools,YouAndI - BLACK,0.3,False,0.00691,2.253,,0.28,1777854639
All Pools,Psychic - Partment,0.3,False,0.0069,61.14,,0.01,1777854639
All Pools,BLACK - Partment,0.3,False,0.00687,2.256,,0.28,1777854639
All Pools,Loyalty - Psychic,0.3,False,0.00686,61.12,,0.01,1777854639
All Pools,Loyalty - BLACK,0.3,False,0.00683,2.265,,0.28,1777854639
All Pools,SUB - AVAX,0.3,False,0.00682,20.49,,0.03,1777854639
All Pools,Psychic - BiTonic,0.3,False,0.00681,61.16,,0.01,1777854639
All Pools,Psychic - TheArcher,0.3,False,0.00681,61.16,,0.01,1777854639
All Pools,Psychic - Artemis,0.3,False,0.00678,61.1,,0.01,1777854639
All Pools,BiTonic - BLACK,0.3,False,0.00677,2.249,,0.27,1777854639
All Pools,TheArcher - BLACK,0.3,False,0.00676,2.252,,0.27,1777854639
All Pools,Artemis - BLACK,0.3,False,0.00673,2.27,,0.27,1777854639
All Pools,Psychic - Six,0.3,False,0.00657,61.16,,0.01,1777854639
All Pools,Psychic - Nine,0.3,False,0.00654,61.14,,0.01,1777854639
All Pools,Six - BLACK,0.3,False,0.00653,2.252,,0.26,1777854639
All Pools,USDt - USDC.e,0.3,False,0.00653,14.19,,0.04,1777854639
All Pools,Psychic - Who,0.3,False,0.00652,61.16,,0.01,1777854639
All Pools,Psychic - ElmoSunkGematria,0.3,False,0.00652,61.17,,0.01,1777854639
All Pools,Who - BLACK,0.3,False,0.0065,2.245,,0.26,1777854639
All Pools,Spider - Psychic,0.3,False,0.0065,61.12,,0.01,1777854639
All Pools,BLACK - Nine,0.3,False,0.0065,2.259,,0.26,1777854639
All Pools,Psychic - Zero,0.3,False,0.00648,61.13,,0.01,1777854639
All Pools,BLACK - ElmoSunkGematria,0.3,False,0.00648,2.247,,0.26,1777854639
All Pools,Spider - BLACK,0.3,False,0.00646,2.266,,0.26,1777854639
All Pools,Psychic - Lock,0.3,False,0.00631,61.14,,0.01,1777854639
All Pools,ABC - AMI,0.3,False,0.00629,3.886,,0.15,1777854639
All Pools,BTC.b - MUMO,0.3,False,0.00629,4.767,,0.12,1777854639
All Pools,Lock - BLACK,0.3,False,0.00627,2.259,,0.25,1777854639
All Pools,Psychic - KekiusMaximus,0.3,False,0.0062,61.16,,0.01,1777854639
All Pools,AVAX - KONG,0.3,False,0.0062,7386.68,,,1777854639
All Pools,Psychic - Time,0.3,False,0.00619,61.16,,0.01,1777854639
All Pools,Psychic - SevenSevenSeven,0.3,False,0.00617,61.16,,0.01,1777854639
All Pools,KekiusMaximus - BLACK,0.3,False,0.00616,2.25,,0.25,1777854639
All Pools,Time - BLACK,0.3,False,0.00616,2.249,,0.25,1777854639
All Pools,SevenSevenSeven - BLACK,0.3,False,0.00614,2.248,,0.25,1777854639
All Pools,USDT.e - AVVO,0.3,False,0.0061,4.008,,0.14,1777854639
All Pools,Psychic - BirthingCode,0.3,False,0.0061,61.16,,0.01,1777854639
All Pools,Flection - Psychic,0.3,False,0.00607,61.16,,0.01,1777854639
All Pools,Flection - BLACK,0.3,False,0.00603,2.249,,0.24,1777854639
All Pools,Psychic - LordJesusChrist,0.3,False,0.00602,58.59,,0.01,1777854639
All Pools,Psychic - Diamonds,0.3,False,0.006,61.16,,0.01,1777854639
All Pools,Diamonds - BLACK,0.3,False,0.00596,2.25,,0.24,1777854639
All Pools,KLO - AVAX,0.3,False,0.00595,14707.0,,,1777854639
All Pools,SYN - REDWOLF,0.3,False,0.00594,2.554,,0.21,1777854639
All Pools,MELT - USDC.e,0.3,False,0.00593,6.994,,0.08,1777854639
All Pools,MELT - AVAX,0.3,False,0.00592,1121.03,,,1777854639
All Pools,MPL - AVAX,0.3,False,0.00591,6.087,,0.09,1777854639
All Pools,MPL - USDt,0.3,False,0.00591,30.56,,0.02,1777854639
All Pools,Psychic - Happy,0.3,False,0.0059,61.16,,0.01,1777854639
All Pools,USDT.e - GOT,0.3,False,0.00589,12.82,,0.04,1777854639
All Pools,AVAX - GOT,0.3,False,0.00588,5.201,,0.1,1777854639
All Pools,USDC.e - WOLF,0.3,False,0.00585,8.736,,0.06,1777854639
All Pools,AVAX - WOLF,0.3,False,0.00584,73.14,,0.01,1777854639
All Pools,GURS - HOWDY,0.3,False,0.00581,1.85,,0.29,1777854639
All Pools,Psychic - [In]finity,0.3,False,0.00579,61.13,,0.01,1777854639
All Pools,[In]finity - BLACK,0.3,False,0.00576,2.258,,0.23,1777854639
All Pools,LUNA - USDC,0.3,False,0.00574,1.395,,0.38,1777854639
All Pools,AVAX - NADO,0.3,False,0.00572,7.688,,0.07,1777854639
All Pools,MIM - NADO,0.3,False,0.00572,1160.98,,,1777854639
All Pools,BNZ - AVAX,0.3,False,0.0057,61.43,,0.01,1777854639
All Pools,WETH.e - JOE,0.3,False,0.00567,0.03709,,13.94,1777854639
All Pools,Psychic - Alice,0.3,False,0.00566,61.13,,0.01,1777854639
All Pools,Psychic - WhoWho,0.3,False,0.00566,61.16,,0.01,1777854639
All Pools,Psychic - Sequence,0.3,False,0.00564,61.17,,0.01,1777854639
All Pools,WhoWho - BLACK,0.3,False,0.00561,2.248,,0.23,1777854639
All Pools,Sequence - BLACK,0.3,False,0.00561,2.246,,0.23,1777854639
All Pools,KIMBO - KOVIN,0.3,False,0.00559,5.263,,0.1,1777854639
All Pools,NOCHILL - WAIFU,0.3,False,0.00549,162.34,,0.0,1777854639
All Pools,GAINS - KONG,0.3,False,0.00542,0.74492,,0.66,1777854639
All Pools,AUSD - HUSKY,0.3,False,0.0054,0.75681,,0.65,1777854639
All Pools,AVAX - AMONKS,0.3,False,0.0054,1572.45,,,1777854639
All Pools,REDWOLF - AMONKS,0.3,False,0.00539,7.142,,0.07,1777854639
All Pools,Psychic - Chrism,0.3,False,0.00534,63.36,,0.01,1777854639
All Pools,WETH - AVAX,0.3,False,0.00525,1.321,,0.36,1777854639
All Pools,Psychic - Line,0.3,False,0.00524,61.92,,0.01,1777854639
All Pools,Line - BLACK,0.3,False,0.00521,1.943,,0.24,1777854639
All Pools,ZUM - NOCHILL,0.3,False,0.0052,1.247,,0.38,1777854639
All Pools,WETH.e - BTCBR,0.3,False,0.00512,0.05951,,7.86,1777854639
All Pools,JOE - USDt,0.3,False,0.00511,0.83734,,0.56,1777854639
All Pools,Psychic - Ups,0.3,False,0.00509,61.17,,0.01,1777854639
All Pools,MIM - LIFE,0.3,False,0.00508,66.79,,0.01,1777854639
All Pools,LIFE - AVAX,0.3,False,0.00508,7.169,,0.06,1777854639
All Pools,JOE - CRA,0.3,False,0.00506,10.85,,0.04,1777854639
All Pools,BLACK - Ups,0.3,False,0.00506,2.245,,0.21,1777854639
All Pools,CRA - AVAX,0.3,False,0.00505,9935.59,,,1777854639
All Pools,WETH.e - MU,0.3,False,0.00505,2.04,,0.23,1777854639
All Pools,COQ - EGG,0.3,False,0.00501,0.57955,,0.79,1777854639
All Pools,GAINS - DWC,0.3,False,0.005,0.96318,,0.47,1777854639
All Pools,AVAX - DWC,0.3,False,0.00499,5943.64,,,1777854639
All Pools,GLOBA - AVAX,0.3,False,0.00499,50.54,,0.01,1777854639
All Pools,Milk - USDT.e,0.3,False,0.00498,14.42,,0.03,1777854639
All Pools,Milk - AVAX,0.3,False,0.00498,6.574,,0.07,1777854639
All Pools,AVAX - SPADE,0.3,False,0.00494,5.998,,0.08,1777854639
All Pools,USDt - IMPACT,0.3,False,0.00488,3.354,,0.13,1777854639
All Pools,3ULL - AVAX,0.3,False,0.00485,46.69,,0.01,1777854639
All Pools,GLOBA - DAI.e,0.3,False,0.00477,51.95,,0.01,1777854639
All Pools,GAINS - BAWLS,0.3,False,0.00469,0.9113,,0.47,1777854639
All Pools,BAWLS - AVAX,0.3,False,0.00467,16.22,,0.03,1777854639
All Pools,HIGHER - NOCHILL,0.3,False,0.00457,0.34416,,1.21,1777854639
All Pools,AAVE.e - USDT.e,0.3,False,0.00449,2.583,,0.16,1777854639
All Pools,COQ - SHEN,0.3,False,0.00449,0.48298,,0.85,1777854639
All Pools,LUNA - USDt,0.3,False,0.00448,1.323,,0.31,1777854639
All Pools,SHEN - AVAX,0.3,False,0.00442,56.12,,0.01,1777854639
All Pools,ARENA - MU,0.3,False,0.00434,3.3,,0.12,1777854639
All Pools,gOHM - JOE,0.3,False,0.0043,3.902,,0.1,1777854639
All Pools,SYN - USDC.e,0.3,False,0.00427,1.2,,0.32,1777854639
All Pools,GAINS - KOVIN,0.3,False,0.0042,0.63759,,0.6,1777854639
All Pools,Psychic - Number,0.3,False,0.00419,61.17,,0.01,1777854639
All Pools,Psychic - Vampire,0.3,False,0.00418,61.16,,0.01,1777854639
All Pools,Psychic - Aquarius,0.3,False,0.00417,61.13,,0.01,1777854639
All Pools,Number - BLACK,0.3,False,0.00416,2.241,,0.17,1777854639
All Pools,Aquarius - BLACK,0.3,False,0.00413,2.258,,0.17,1777854639
All Pools,SBR - AVAX,0.3,False,0.00407,7.229,,0.05,1777854639
All Pools,MIM - SBR,0.3,False,0.00407,39.55,,0.01,1777854639
All Pools,NOCHILL - ARENA,0.3,False,0.00406,0.43946,,0.84,1777854639
All Pools,WOLF - USDT.e,0.3,False,0.00402,4.05,,0.09,1777854639
All Pools,WOLF - AVAX,0.3,False,0.00401,69.74,,0.01,1777854639
All Pools,Psychic - TrueStory,0.3,False,0.00397,61.17,,0.01,1777854639
All Pools,TrueStory - BLACK,0.3,False,0.00393,2.244,,0.16,1777854639
All Pools,Psychic - Seminole,0.3,False,0.00389,61.12,,0.01,1777854639
All Pools,MIM - WOHM,0.3,False,0.00387,85.72,,0.0,1777854639
All Pools,AVAX - WOHM,0.3,False,0.00386,3.342,,0.11,1777854639
All Pools,Psychic - PoPo,0.3,False,0.00386,61.17,,0.01,1777854639
All Pools,Seminole - BLACK,0.3,False,0.00384,2.261,,0.15,1777854639
All Pools,Psychic - James,0.3,False,0.00382,61.17,,0.01,1777854639
All Pools,PoPo - BLACK,0.3,False,0.00382,2.244,,0.16,1777854639
All Pools,GURS - AMI,0.3,False,0.00382,1.976,,0.18,1777854639
All Pools,LUNA - USDC,0.3,False,0.00382,0.12938,,2.69,1777854639
All Pools,Psychic - FinityFinity,0.3,False,0.0038,61.17,,0.01,1777854639
All Pools,EHCNALAVA - AVAX,0.3,False,0.00379,1494.92,,,1777854639
All Pools,KIMBO - EHCNALAVA,0.3,False,0.00379,2.834,,0.12,1777854639
All Pools,James - BLACK,0.3,False,0.00378,2.241,,0.15,1777854639
All Pools,FinityFinity - BLACK,0.3,False,0.00377,2.242,,0.15,1777854639
All Pools,WINK - AMI,0.3,False,0.00375,0.11695,,2.92,1777854639
All Pools,Psychic - QuetzalCoatl,0.3,False,0.00373,61.17,,0.01,1777854639
All Pools,AVAX - BAVA,0.3,False,0.00371,11.24,,0.03,1777854639
All Pools,QuetzalCoatl - BLACK,0.3,False,0.00369,2.244,,0.15,1777854639
All Pools,AVAX - OK,0.3,False,0.00368,1.932,,0.17,1777854639
All Pools,WETH.e - USDR,0.3,False,0.00368,2.78,,0.12,1777854639
All Pools,YEEHAW - AMI,0.3,False,0.00367,9.4,,0.04,1777854639
All Pools,GAINS - TECH,0.3,False,0.00366,0.60993,,0.55,1777854639
All Pools,GMX - JOE,0.3,False,0.00363,0.41554,,0.8,1777854639
All Pools,GMX - USDt,0.3,False,0.0036,0.36999,,0.89,1777854639
All Pools,GATOR - AMI,0.3,False,0.00358,4.442,,0.07,1777854639
All Pools,Psychic - Checkmate,0.3,False,0.00351,61.3,,0.01,1777854639
All Pools,AVAX - USDR,0.3,False,0.00348,2.955,,0.11,1777854639
All Pools,GG - AVAX,0.3,False,0.00347,0.15853,,2.0,1777854639
All Pools,Psychic - Equal,0.3,False,0.00347,61.16,,0.01,1777854639
All Pools,BTCBR - USDC,0.3,False,0.00347,0.20023,,1.58,1777854639
All Pools,Psychic - Abracadabra,0.3,False,0.00345,61.14,,0.01,1777854639
All Pools,WETH.e - STATIK,0.3,False,0.00345,1.348,,0.23,1777854639
All Pools,Equal - BLACK,0.3,False,0.00344,2.245,,0.14,1777854639
All Pools,Abracadabra - BLACK,0.3,False,0.00342,2.254,,0.14,1777854639
All Pools,Psychic - PlotTwist,0.3,False,0.00341,62.52,,0.0,1777854639
All Pools,AVXT - POLAR,0.3,False,0.00341,0.44179,,0.7,1777854639
All Pools,3ULL - USDt,0.3,False,0.0034,2.508,,0.12,1777854639
All Pools,Psychic - KatzJoel,0.3,False,0.00325,61.14,,0.0,1777854639
All Pools,NXPC - USDC,0.3,False,0.00321,0.71444,,0.41,1777854639
All Pools,Psychic - Hexagon,0.3,False,0.00318,61.16,,0.0,1777854639
All Pools,Hexagon - BLACK,0.3,False,0.00314,2.247,,0.13,1777854639
All Pools,HCT - AVAX,0.3,False,0.00314,3.331,,0.09,1777854639
All Pools,JOE - REDWOLF,0.3,False,0.00303,3.907,,0.07,1777854639
All Pools,USDC.e - TT,0.3,False,0.00297,2.003,,0.14,1777854639
All Pools,DCAU - DCAR,0.3,False,0.00296,0.28496,,0.95,1777854639
All Pools,PNG - USDT.e,0.3,False,0.00276,0.88519,,0.28,1777854639
All Pools,SB - DAI.e,0.3,False,0.00275,0.12776,,1.96,1777854639
All Pools,MU - SOL,0.3,False,0.0027,1.314,,0.19,1777854639
All Pools,MIM - EDG,0.3,False,0.00263,7.825,,0.03,1777854639
All Pools,AVAX - EDG,0.3,False,0.00263,3.099,,0.08,1777854639
All Pools,xJOE - AVAX,0.3,False,0.00263,2.733,,0.09,1777854639
All Pools,BUSD - USDT.e,0.3,False,0.00262,0.07772,,3.08,1777854639
All Pools,USDT.e - NORTH,0.3,False,0.00259,26.61,,0.01,1777854639
All Pools,AVAX - NORTH,0.3,False,0.00258,2.09,,0.11,1777854639
All Pools,ARENA - AMI,0.3,False,0.00256,1.381,,0.17,1777854639
All Pools,BGLD - USDT.e,0.3,False,0.00253,16.92,,0.01,1777854639
All Pools,BGLD - AVAX,0.3,False,0.00252,4.332,,0.05,1777854639
All Pools,ARENA - JUICY,0.3,False,0.00245,0.0335,,6.68,1777854639
All Pools,USDT.e - iBONE,0.3,False,0.00245,4.797,,0.05,1777854639
All Pools,AVAX - iBONE,0.3,False,0.00245,5.36,,0.04,1777854639
All Pools,BSGG - AVAX,0.3,False,0.0024,3.816,,0.06,1777854639
All Pools,KOKSAL - USDC,0.3,False,0.00239,4.738,,0.05,1777854639
All Pools,KOKSAL - AVAX,0.3,False,0.00239,3.478,,0.06,1777854639
All Pools,MIM - VYBE,0.3,False,0.00228,3.714,,0.06,1777854639
All Pools,AVAX - VYBE,0.3,False,0.00228,3.233,,0.06,1777854639
All Pools,TEDDY - AVAX,0.3,False,0.00226,16.66,,0.01,1777854639
All Pools,Psychic - Turtle,0.3,False,0.00223,61.18,,0.0,1777854639
All Pools,Psychic - Self,0.3,False,0.00222,63.17,,0.0,1777854639
All Pools,Self - BLACK,0.3,False,0.0022,0.98978,,0.2,1777854639
All Pools,YEEHAW - HIGHER,0.3,False,0.00219,0.44867,,0.44,1777854639
All Pools,STG - JOE,0.3,False,0.00218,0.16551,,1.2,1777854639
All Pools,XPOW - USDt,0.3,False,0.00216,1.387,,0.14,1777854639
All Pools,XPOW - AVAX,0.3,False,0.00216,117.55,,0.0,1777854639
All Pools,JPYC - AVAX,0.3,False,0.00199,0.27248,,0.67,1777854639
All Pools,WITCH - USDC,0.3,False,0.00196,1.714,,0.1,1777854639
All Pools,WITCH - AVAX,0.3,False,0.00195,2.732,,0.07,1777854639
All Pools,GATOR - ARENA,0.3,False,0.00195,1.958,,0.09,1777854639
All Pools,DUA - USDC,0.3,False,0.00192,11.53,,0.02,1777854639
All Pools,AVAX - DUA,0.3,False,0.00192,2.044,,0.09,1777854639
All Pools,WLRS - USDC,0.3,False,0.00191,4.025,,0.04,1777854639
All Pools,AKA - USDt,0.3,False,0.0019,2.917,,0.06,1777854639
All Pools,AKA - AVAX,0.3,False,0.0019,2.239,,0.08,1777854639
All Pools,USDC - MU,0.3,False,0.00189,0.34189,,0.5,1777854639
All Pools,HOWDY - KONG,0.3,False,0.00188,0.42052,,0.41,1777854639
All Pools,LIRA - BUSD,0.3,False,0.00184,0.08209,,2.05,1777854639
All Pools,SYN - WETH.e,0.3,False,0.0018,0.66196,,0.25,1777854639
All Pools,GGP - JUICY,0.3,False,0.0018,0.0342,,4.8,1777854639
All Pools,USDC.e - XAVA,0.3,False,0.0018,0.35765,,0.46,1777854639
All Pools,USDC - COSMIC,0.3,False,0.00179,54.18,,0.0,1777854639
All Pools,AVAX - COSMIC,0.3,False,0.00179,1.235,,0.13,1777854639
All Pools,GAINS - Always,0.3,False,0.00174,0.10365,,1.53,1777854639
All Pools,TokenZ - USDC,0.3,False,0.00171,3.767,,0.04,1777854639
All Pools,TokenZ - AVAX,0.3,False,0.00171,2.37,,0.07,1777854639
All Pools,MIM - PAR,0.3,False,0.0017,1.891,,0.08,1777854639
All Pools,AVAX - PAR,0.3,False,0.0017,2.339,,0.07,1777854639
All Pools,HERESY - MEOW,0.3,False,0.00167,0.27594,,0.55,1777854639
All Pools,sAVAX - USDC,0.3,False,0.00167,0.52756,,0.29,1777854639
All Pools,AVAX - MUG,0.3,False,0.00164,1.194,,0.13,1777854639
All Pools,AMI - EROL,0.3,False,0.0016,0.67182,,0.22,1777854639
All Pools,Balln - AMI,0.3,False,0.0016,0.60042,,0.24,1777854639
All Pools,RAIN - AVAX,0.3,False,0.00157,20.05,,0.01,1777854639
All Pools,TSD - AVAX,0.3,False,0.00157,319.12,,,1777854639
All Pools,COQ - RAIN,0.3,False,0.00156,0.18426,,0.77,1777854639
All Pools,BTC.b - MUG,0.3,False,0.00156,0.88305,,0.16,1777854639
All Pools,MIM - ICE,0.3,False,0.0015,0.98033,,0.14,1777854639
All Pools,AVAX - ICE,0.3,False,0.0015,147.24,,,1777854639
All Pools,EGG - USDT.e,0.3,False,0.00149,1.956,,0.07,1777854639
All Pools,EGG - AVAX,0.3,False,0.00149,1.661,,0.08,1777854639
All Pools,3ULL - USDC,0.3,False,0.00145,0.64844,,0.2,1777854639
All Pools,Anon - USDC,0.3,False,0.00141,1.02,,0.13,1777854639
All Pools,AVAX - KEESH,0.3,False,0.00138,1281.28,,,1777854639
All Pools,TIME - SPELL,0.3,False,0.00138,0.8319,,0.15,1777854639
All Pools,COQ - KEESH,0.3,False,0.00137,0.11952,,1.05,1777854639
All Pools,CANS - AMI,0.3,False,0.00135,0.22606,,0.55,1777854639
All Pools,MIM - TEMPO,0.3,False,0.00132,6.655,,0.02,1777854639
All Pools,TEMPO - AVAX,0.3,False,0.00132,1.057,,0.11,1777854639
All Pools,HUSKY - SNOWY,0.3,False,0.00131,0.43383,,0.28,1777854639
All Pools,QI - SNOWY,0.3,False,0.0013,0.79542,,0.15,1777854639
All Pools,TT - DAI.e,0.3,False,0.00129,1.91,,0.06,1777854639
All Pools,UST - WINE,0.3,False,0.00129,0.8675,,0.14,1777854639
All Pools,AVAX - WINE,0.3,False,0.00128,0.65861,,0.18,1777854639
All Pools,HUSKY - aXEN,0.3,False,0.00127,0.07063,,1.64,1777854639
All Pools,Naughty - HIGHER,0.3,False,0.00127,0.44745,,0.26,1777854639
All Pools,Naughty - AVAX,0.3,False,0.00126,236.14,,,1777854639
All Pools,GURS - MEAT,0.3,False,0.00125,0.03267,,3.48,1777854639
All Pools,PTOP1200 - TOPIA,0.3,False,0.00117,101.18,,0.0,1777854639
All Pools,SNTA - MIM,0.3,False,0.00114,0.98828,,0.1,1777854639
All Pools,ZUM - MEOW,0.3,False,0.00111,0.18064,,0.56,1777854639
All Pools,SYN - USDT.e,0.3,False,0.00106,0.64196,,0.15,1777854639
All Pools,Balln - HOWDY,0.3,False,0.00106,0.30232,,0.32,1777854639
All Pools,JOE - aDXN,0.3,False,0.00106,0.82236,,0.12,1777854639
All Pools,JOE - CNR,0.3,False,0.00106,1.04,,0.09,1777854639
All Pools,COQ - BOBS,0.3,False,0.00106,0.11914,,0.81,1777854639
All Pools,MUME - USDC,0.3,False,0.00106,0.0844,,1.14,1777854639
All Pools,LIRA - USDt,0.3,False,0.00103,0.07434,,1.27,1777854639
All Pools,GURS - UNIQOC,0.3,False,,0.40822,,0.22,1777854639
All Pools,AAVE.e - USDC.e,0.3,False,,1.251,,0.07,1777854639
All Pools,QI - USDC,0.3,False,,0.08779,,0.96,1777854639
All Pools,weETH - AVAX,0.3,False,,0.37729,,0.22,1777854639
All Pools,BEAM - MU,0.3,False,,1.063,,0.08,1777854639
All Pools,ROCO - USDT.e,0.3,False,,0.08447,,0.96,1777854639
All Pools,JOE - AVE,0.3,False,,1.775,,0.05,1777854639
All Pools,LAMA - AVAX,0.3,False,,11667.0,,,1777854639
All Pools,USDC - DAI.e,0.3,False,,2.01,,0.04,1777854639
All Pools,LAMA - JUICY,0.3,False,,0.01587,,4.87,1777854639
All Pools,STOMB - AVAX,0.3,False,,7806.95,,,1777854639
All Pools,AVAX - RUG,0.3,False,,0.52882,,0.15,1777854639
All Pools,COQ - BMC,0.3,False,,0.09425,,0.8,1777854639
All Pools,USDC - NXUSD,0.3,False,,3.485,,0.02,1777854639
All Pools,Always - KONG,0.3,False,,0.04249,,1.76,1777854639
All Pools,AVAX - NXUSD,0.3,False,,0.48202,,0.15,1777854639
All Pools,SeventeenSeventyFive - BLACK,0.3,False,,0.54075,,0.14,1777854639
All Pools,Satoshi - AVAX,0.3,False,,18.95,,0.0,1777854639
All Pools,LadyMary - Satoshi,0.3,False,,0.24246,,0.3,1777854639
All Pools,GAINS - MEOW,0.3,False,,0.21109,,0.34,1777854639
All Pools,BUSD - MU,0.3,False,,0.02566,,2.73,1777854639
All Pools,MIM - WBTC.e,0.3,False,,0.05566,,1.24,1777854639
All Pools,COQ - USDt,0.3,False,,0.0533,,1.21,1777854639
All Pools,USDT.e - CORN,0.3,False,,156.89,,,1777854639
All Pools,MAD - AVAX,0.3,False,,12.18,,0.01,1777854639
All Pools,COQ - MAD,0.3,False,,0.0606,,1.04,1777854639
All Pools,MUMO - AVAX,0.3,False,,0.17725,,0.35,1777854639
All Pools,3AC - NOCHILL,0.3,False,,0.18035,,0.34,1777854639
All Pools,JEWEL - AVAX,0.3,False,,0.22055,,0.28,1777854639
All Pools,CGS - USDC,0.3,False,,0.17764,,0.34,1777854639
All Pools,MUMO - MU,0.3,False,,0.6057,,0.1,1777854639
All Pools,MIM - sTHO,0.3,False,,498.63,,,1777854639
All Pools,WETH.e - MUi,0.3,False,,0.03009,,1.85,1777854639
All Pools,BRO - OSAK,0.3,False,,0.09377,,0.56,1777854639
All Pools,MUME - BUSD,0.3,False,,0.02818,,1.85,1777854639
All Pools,WETH.e - ETHM,0.3,False,,0.49741,,0.1,1777854639
All Pools,ETHM - USDC.e,0.3,False,,0.47785,,0.11,1777854639
All Pools,DoloresCannon - BLACK,0.3,False,,0.53993,,0.09,1777854639
All Pools,meGNX - aAvaAAVE,0.3,False,,0.03398,,1.37,1777854639
All Pools,AAVE.e - BTCBR,0.3,False,,0.20271,,0.23,1777854639
All Pools,MUME - USDC.e,0.3,False,,0.55181,,0.08,1777854639
All Pools,MUi - WINK,0.3,False,,0.01637,,2.54,1777854639
All Pools,AVAX - BIFI,0.3,False,,232.86,,,1777854639
All Pools,BINGO - AVAX,0.3,False,,1824.97,,,1777854639
All Pools,COQ - BINGO,0.3,False,,0.03056,,1.3,1777854639
All Pools,USDT.e - TUSK,0.3,False,,0.15128,,0.24,1777854639
All Pools,AVAX - TUSK,0.3,False,,2.461,,0.01,1777854639
All Pools,WETH.e - FEED,0.3,False,,0.07161,,0.48,1777854639
All Pools,SHOE - COQ,0.3,False,,0.03656,,0.85,1777854639
All Pools,HUSKY - TRESR,0.3,False,,0.05056,,0.59,1777854639
All Pools,UNI.e - AVAX,0.3,False,,0.03105,,0.96,1777854639
All Pools,COQ - STRAMI,0.3,False,,0.0362,,0.81,1777854639
All Pools,BLZZ - USDT.e,0.3,False,,0.1299,,0.22,1777854639
All Pools,BLZZ - AVAX,0.3,False,,7778.64,,,1777854639
All Pools,GENI - USDC.e,0.3,False,,0.1216,,0.24,1777854639
All Pools,GEGGS - AVAX,0.3,False,,0.04034,,0.67,1777854639
All Pools,ROCO - SMRT,0.3,False,,0.02535,,1.01,1777854639
All Pools,AVAX - EGS,0.3,False,,909.86,,,1777854639
All Pools,COQ - EGS,0.3,False,,0.02164,,1.04,1777854639
All Pools,USDC - PENDLE,0.3,False,,0.04475,,0.49,1777854639
All Pools,USDT.e - SPRT,0.3,False,,0.09385,,0.23,1777854639
All Pools,AVAX - SPRT,0.3,False,,54.2,,,1777854639
All Pools,BANG - AVAX,0.3,False,,0.56075,,0.04,1777854639
All Pools,BANG - COQ,0.3,False,,0.02549,,0.82,1777854639
All Pools,USDC - MUME,0.3,False,,0.04482,,0.46,1777854639
All Pools,MUME - MU,0.3,False,,0.74266,,0.03,1777854639
All Pools,AVAX - SQRCAT,0.3,False,,5904.8,,,1777854639
All Pools,COQ - SQRCAT,0.3,False,,0.02692,,0.69,1777854639
All Pools,Always - AMI,0.3,False,,0.00777,,2.38,1777854639
All Pools,LAMBO - AVAX,0.3,False,,0.00828,,2.2,1777854639
All Pools,Now - AVAX,0.3,False,,0.02878,,0.59,1777854639
All Pools,Now - BLACK,0.3,False,,0.19204,,0.09,1777854639
All Pools,DYP - AVAX,0.3,False,,68.01,,,1777854639
All Pools,COQ - CANS,0.3,False,,0.01308,,1.16,1777854639
All Pools,Quet - WETH.e,0.3,False,,0.0238,,0.63,1777854639
All Pools,Quet - AVAX,0.3,False,,0.14603,,0.1,1777854639
All Pools,ABOB - AVAX,0.3,False,,819.07,,,1777854639
All Pools,COQ - ABOB,0.3,False,,0.01552,,0.91,1777854639
All Pools,WETH.e - GMX,0.3,False,,0.03193,,0.44,1777854639
All Pools,AVAX - MOANI,0.3,False,,0.00135,,10.29,1777854639
All Pools,MUi - MU,0.3,False,,0.08268,,0.16,1777854639
All Pools,COQ - MUi,0.3,False,,0.01601,,0.8,1777854639
All Pools,WETH.e - LINK.e,0.3,False,,0.14555,,0.09,1777854639
All Pools,MUi - LINK.e,0.3,False,,0.01728,,0.72,1777854639
All Pools,AVAX - ncash,0.3,False,,0.00911,,1.35,1777854639
All Pools,SHEN - REDWOLF,0.3,False,,0.00309,,2.79,1777854639
All Pools,COQ - MUG,0.3,False,,0.00522,,1.53,1777854639
All Pools,UST - USDT.e,0.3,False,,0.00981,,0.76,1777854639
All Pools,LAMBO - ROTI,0.3,False,,0.24875,,0.02,1777854639
All Pools,AVAX - DOG,0.3,False,,67.69,,,1777854639
All Pools,GURS - DOG,0.3,False,,,,5.39,1777854639
All Pools,GURS - COQ,0.3,False,,0.00487,,0.85,1777854639
All Pools,aAvaWAVAX - AVAX,0.3,False,,0.25469,,0.0,1777854639
All Pools,FATE - USDC,0.3,False,,606920.0,,,1777854639
All Pools,MIM - JOE,0.3,False,,0.00725,,,1777854639
All Pools,SeventeenSeventyFive - SaintGermain,0.3,False,0.0,0.0,0.0,0.0,1777854639
All Pools,[i]Lluminati - Chrism,0.3,False,0.0,0.0,0.0,0.0,1777854639
All Pools,DoloresCannon - SaintGermain,0.3,False,0.0,0.0,0.0,0.0,1777854639
All Pools,ElvisJackpot - SaintGermain,0.3,False,0.0,0.0,0.0,0.0,1777854639
All Pools,SaintGermain - WhoLovesYou,0.3,False,0.0,0.0,0.0,0.0,1777854639
All Pools,AUSD - USDC,0.01,False,10148468.0,4182348.0,1014.9,8.86,1777858238
All Pools,AUSD - USDt,0.01,False,10090173.0,3456571.0,1009.07,10.66,1777858238
All Pools,AVAX - USDC,0.05,False,2278598.0,3843129.0,1164.23,11.06,1777858238
All Pools,BTC.b - USDC,0.05,False,265737.0,798998.0,135.59,6.19,1777858238
All Pools,USDC.e - O3,0.3,False,225259.0,345312695.0,563.15,0.06,1777858238
All Pools,AVAX - USDC,0.2,False,51253.0,202158.0,102.84,18.57,1777858238
All Pools,GUN - AVAX,0.25,False,43884.0,126608.0,113.48,32.72,1777858238
All Pools,sAVAX - AVAX,0.01,False,41752.0,185375.0,4.181,0.82,1777858238
All Pools,ARENA - AVAX,0.01,False,39581.0,175875.0,3.957,0.82,1777858238
All Pools,GUN - AVAX,0.1,False,37929.0,39384.0,40.49,37.53,1777858238
All Pools,USDC - XAVA,0.3,False,33872.0,610918.0,84.68,5.06,1777858238
All Pools,NXPC - AVAX,0.3,False,32846.0,235837.0,82.11,12.71,1777858238
All Pools,AVAX - BTC.b,0.05,False,27733.0,575024.0,14.56,0.92,1777858238
All Pools,DAI.e - USDC,0.02,False,20179.0,29534.0,3.872,4.79,1777858238
All Pools,USDt - USDC,0.005,False,20113.0,695260.0,1.408,0.07,1777858238
All Pools,USDT.e - USDC,0.02,False,18834.0,48822.0,3.771,2.82,1777858238
All Pools,WBTC - BTC.b,0.03,False,17536.0,83412.0,5.327,2.33,1777858238
All Pools,COQ - AVAX,0.3,False,15103.0,600087.0,37.76,2.3,1777858238
All Pools,QI - AVAX,0.3,False,14857.0,240959.0,37.14,5.63,1777858238
All Pools,AVAX - USDt,0.2,False,12612.0,129285.0,25.36,7.16,1777858238
All Pools,FOLKS - AVAX,0.25,False,12393.0,34439.0,31.58,33.47,1777858238
All Pools,AVAX - USDT.e,0.3,False,8960.12,547543.0,22.4,1.49,1777858238
All Pools,AAVE.e - AVAX,0.3,False,8829.14,298395.0,22.07,2.7,1777858238
All Pools,USDT.e - USDt,0.02,False,8646.18,44253.0,1.731,1.43,1777858238
All Pools,JOE - AVAX,0.3,False,7775.17,518075.0,19.44,1.37,1777858238
All Pools,MIM - AVAX,0.3,False,7771.67,556730.0,19.43,1.27,1777858238
All Pools,AVAX - USDC,0.3,False,7587.41,403061.0,18.97,1.72,1777858238
All Pools,XAUt0 - USDt,0.04,False,7342.25,39018.0,3.245,3.04,1777858238
All Pools,USDC.e - AVAX,0.3,False,7311.5,425653.0,18.28,1.57,1777858238
All Pools,WBTC.e - BTC.b,0.03,False,6045.93,325976.0,1.862,0.21,1777858238
All Pools,EURC - USDC,0.03,False,4374.45,13116.0,1.435,3.99,1777858238
All Pools,JOE - USDC.e,0.3,False,4153.16,336551.0,10.38,1.13,1777858238
All Pools,LCPEDU - USDt,0.8,False,3918.87,9626335.0,62.83,0.24,1777858238
All Pools,ORNG - AVAX,0.3,False,3002.46,27449.0,7.506,9.98,1777858238
All Pools,FLD - AVAX,0.3,False,2718.62,51264.0,6.797,4.84,1777858238
All Pools,JPYC - USDC,0.04,False,2451.6,4469.66,1.536,12.54,1777858238
All Pools,WETH.e - AVAX,0.3,False,2405.15,489657.0,6.013,0.45,1777858238
All Pools,DAI.e - USDC,0.02,False,2206.21,2404.11,0.4263,6.47,1777858238
All Pools,BEAM - AVAX,0.3,False,2186.22,93218.0,5.466,2.14,1777858238
All Pools,HEFE - AVAX,0.3,False,1978.81,20667.0,4.947,8.74,1777858238
All Pools,BEAM - USDC,0.3,False,1944.58,72256.0,4.861,2.46,1777858238
All Pools,BEAM - AVAX,0.25,False,1934.72,20053.0,4.87,8.87,1777858238
All Pools,WBTC.e - AVAX,0.3,False,1660.89,170116.0,4.152,0.89,1777858238
All Pools,XAVA - AVAX,0.8,False,1590.36,224128.0,12.81,2.09,1777858238
All Pools,USDT.e - USDC,0.02,False,1561.89,884.22,0.16027,6.62,1777858238
All Pools,USDt - USDC,0.01,False,1469.4,181681.0,0.11749,0.02,1777858238
All Pools,ZRO - AVAX,0.25,False,1436.23,2243.48,11.54,187.78,1777858238
All Pools,SOL - AVAX,0.3,False,1311.72,428185.0,3.279,0.28,1777858238
All Pools,SolvBTC - BTC.b,0.04,False,1258.36,246761.0,1.091,0.16,1777858238
All Pools,XAVA - AVAX,0.25,False,1239.7,3138.4,3.136,36.47,1777858238
All Pools,BTC.b - AVAX,0.3,False,1209.69,140385.0,3.024,0.79,1777858238
All Pools,AVAX - avUSD,0.25,False,1124.17,2309.66,2.828,44.7,1777858238
All Pools,USDt - AVAX,0.3,False,1022.55,44701.0,2.556,2.09,1777858238
All Pools,AVAX - JUICE,0.3,False,1012.93,15655.0,2.532,5.9,1777858238
All Pools,SIERRA - USDC,0.1,False,994.7,39741.0,0.99564,0.91,1777858238
All Pools,JOE - USDT.e,0.3,False,927.55,67521.0,2.319,1.25,1777858238
All Pools,LINK.e - AVAX,0.3,False,899.18,47878.0,2.248,1.71,1777858238
All Pools,AUSD - AVAX,0.1,False,898.82,39047.0,0.90962,0.85,1777858238
All Pools,SHRAP - AVAX,0.8,False,813.87,13369.0,8.455,23.08,1777858238
All Pools,MUON - AVAX,0.3,False,726.62,46682.0,1.817,1.42,1777858238
All Pools,AVAX - ALVA,0.3,False,704.49,1260.61,1.761,50.99,1777858238
All Pools,JOE - USDC,0.3,False,658.75,40202.0,1.647,1.5,1777858238
All Pools,AVAX - DAI.e,0.3,False,593.73,33885.0,1.484,1.6,1777858238
All Pools,USDt - INFRA.e,0.3,False,536.2,24389.0,1.341,2.01,1777858238
All Pools,GOC - AVAX,0.3,False,526.67,0.19771,1.317,243071.71,1777858238
All Pools,NXUSD - WXT,0.3,False,504.27,774368.0,1.261,0.06,1777858238
All Pools,sAVAX - JACK,0.3,False,456.98,292845.0,1.142,0.14,1777858238
All Pools,SB - AVAX,0.3,False,450.07,6851.38,1.125,5.99,1777858238
All Pools,AARB - AVAX,0.3,False,439.33,0.18058,1.098,221999.64,1777858238
All Pools,ARC - AVAX,0.3,False,439.02,0.18052,1.098,221921.1,1777858238
All Pools,UTAO - AVAX,0.3,False,433.74,0.17942,1.084,220586.91,1777858238
All Pools,AVAX - XAVA,0.3,False,422.42,15823.0,1.056,2.44,1777858238
All Pools,WETH.e - USDC,0.15,False,395.87,10044.0,0.60011,2.18,1777858238
All Pools,NOCHILL - AVAX,0.3,False,388.39,88620.0,0.97097,0.4,1777858238
All Pools,JOE - AVAX,0.25,False,383.37,11204.0,0.96541,3.15,1777858238
All Pools,XSEED - AVAX,0.3,False,376.1,12272.0,0.94024,2.8,1777858238
All Pools,w3ULL - AVAX,0.3,False,360.7,63933.0,0.90175,0.51,1777858238
All Pools,QI - AVAX,0.25,False,304.53,14865.0,0.76297,1.87,1777858238
All Pools,UST - AVAX,0.3,False,295.89,7638.87,0.73972,3.53,1777858238
All Pools,AVAX - UST,0.3,False,260.97,8846.46,0.65243,2.69,1777858238
All Pools,MEAT - AVAX,0.3,False,253.3,5321.5,0.63324,4.34,1777858238
All Pools,HUNDRED - USDC,0.3,False,218.56,521219.0,0.5464,0.04,1777858238
All Pools,APIX - ID,0.3,False,189.73,24823.0,0.47432,0.7,1777858238
All Pools,MIM - SB,0.3,False,189.52,5690.78,0.47379,3.04,1777858238
All Pools,AVAX - JUICY,0.3,False,172.09,2996.91,0.43023,5.24,1777858238
All Pools,WBTC.e - BTC.b,0.03,False,165.75,678.93,0.07197,3.87,1777858238
All Pools,USDC.e - USDC,0.3,False,164.36,482586.0,0.41091,0.03,1777858238
All Pools,STG - USDC,0.3,False,146.56,1443.38,0.36641,9.27,1777858238
All Pools,GMX - AVAX,0.3,False,138.38,4854.13,0.34596,2.6,1777858238
All Pools,HERESY - AVAX,0.3,False,137.25,21676.0,0.34313,0.58,1777858238
All Pools,ALOT - AVAX,0.3,False,134.85,223935.0,0.33712,0.05,1777858238
All Pools,YAK - AVAX,0.3,False,126.84,109576.0,0.31711,0.11,1777858238
All Pools,AVAX - CLY,0.3,False,126.75,58509.0,0.31687,0.2,1777858238
All Pools,WETH.e - USDC.e,0.3,False,115.25,12246.0,0.28811,0.86,1777858238
All Pools,APIX - USDt,0.3,False,113.34,6891.0,0.28335,1.5,1777858238
All Pools,KIMBO - AVAX,0.3,False,109.12,63688.0,0.2728,0.16,1777858238
All Pools,SOL - AVAX,0.1,False,108.74,1071.32,0.11269,3.84,1777858238
All Pools,XETA - USDC,0.3,False,104.6,6567.22,0.26151,1.45,1777858238
All Pools,PTOP800 - AVAX,0.1,False,86.63,596.96,0.08694,5.32,1777858238
All Pools,EVO - AVAX,0.3,False,86.05,13596.0,0.21512,0.58,1777858238
All Pools,LUNA - USDC.e,0.3,False,83.59,876.15,0.20896,8.71,1777858238
All Pools,STG - AVAX,0.3,False,80.62,1426.05,0.20154,5.16,1777858238
All Pools,PTOP800 - USDC,0.1,False,75.7,648.97,0.07602,4.28,1777858238
All Pools,GGP - AVAX,0.3,False,74.96,91611.0,0.1874,0.07,1777858238
All Pools,PRIME - AVAX,0.4,False,70.0,109595.0,0.88946,0.3,1777858238
All Pools,PTOP1100 - AVAX,0.1,False,64.76,360.33,0.0651,6.59,1777858238
All Pools,PTOP1100 - USDC,0.1,False,62.92,661.82,0.06303,3.48,1777858238
All Pools,MIM - USDt,0.03,False,62.86,9.65,0.01999,75.62,1777858238
All Pools,JOE - AVAX,0.15,False,59.8,68747.0,0.09192,0.05,1777858238
All Pools,FITFI - USDT.e,0.3,False,55.71,372.01,0.13928,13.67,1777858238
All Pools,APIX - USDC,0.3,False,53.01,3443.14,0.13252,1.4,1777858238
All Pools,SWORLD - AVAX,0.3,False,49.38,6953.41,0.12346,0.65,1777858238
All Pools,CDK - AVAX,0.25,False,48.94,5696.33,0.19133,1.23,1777858238
All Pools,CAT - AVAX,0.3,False,46.43,1889.23,0.11609,2.24,1777858238
All Pools,AVAX - RISE,0.3,False,45.82,59266.0,0.11455,0.07,1777858238
All Pools,gOHM - AVAX,0.3,False,45.47,138129.0,0.11369,0.03,1777858238
All Pools,APIX - ARENA,0.3,False,44.22,2316.35,0.11056,1.74,1777858238
All Pools,PTOP1200 - AVAX,0.1,False,35.02,673.53,0.03506,1.9,1777858238
All Pools,PTOP1200 - USDC,0.1,False,34.71,194.42,0.03491,6.55,1777858238
All Pools,GENI - USDC,0.3,False,29.49,1478.99,0.07373,1.82,1777858238
All Pools,GUN - BLSEYE🎯,0.3,False,26.86,943.73,0.06716,2.6,1777858238
All Pools,HUSKY - AVAX,0.3,False,26.68,3629.19,0.0667,0.67,1777858238
All Pools,UST - USDC.e,0.3,False,23.53,750.5,0.05883,2.86,1777858238
All Pools,USDt - ncash,0.3,False,23.32,1126.16,0.05831,1.89,1777858238
All Pools,BLSEYE🎯 - AVAX,0.3,False,22.11,5925.66,0.05528,0.34,1777858238
All Pools,GLCH - AVAX,0.3,False,21.76,0.19837,0.0544,10009.39,1777858238
All Pools,GURS - AVAX,0.3,False,21.66,7565.75,0.05414,0.26,1777858238
All Pools,Balln - AVAX,0.3,False,21.63,4234.35,0.05409,0.47,1777858238
All Pools,KINGSHIT - AVAX,0.3,False,21.62,1.815,0.05404,1086.77,1777858238
All Pools,gOHM - FRAX,0.3,False,21.53,3569.38,0.05382,0.55,1777858238
All Pools,PNG - AVAX,0.3,False,20.74,1051.66,0.05185,1.8,1777858238
All Pools,ROCO - AVAX,0.3,False,20.47,1278.57,0.05117,1.46,1777858238
All Pools,PTOP800 - BTC.b,0.1,False,19.82,992.37,0.0211,0.78,1777858238
All Pools,BOOTY - AVAX,0.3,False,19.12,2112.1,0.04781,0.83,1777858238
All Pools,BLIZZ - AVAX,0.3,False,18.75,868.92,0.04687,1.97,1777858238
All Pools,BOI - AVAX,0.3,False,18.66,72.25,0.04665,23.57,1777858238
All Pools,HAT - AVAX,0.3,False,17.93,9548.23,0.04484,0.17,1777858238
All Pools,GUN - AVAX,0.3,False,17.28,441.52,0.04319,3.57,1777858238
All Pools,POLAR - AVAX,0.3,False,17.12,1827.26,0.0428,0.85,1777858238
All Pools,MEOW - AVAX,0.3,False,15.58,10411.0,0.03895,0.14,1777858238
All Pools,CAPY - ARENA,0.3,False,15.41,31236.0,0.03852,0.05,1777858238
All Pools,BUSD - AVAX,0.3,False,15.16,414.92,0.03789,3.33,1777858238
All Pools,COQ - AVAX,0.8,False,15.06,10238.0,0.12104,0.43,1777858238
All Pools,EGG - AVAX,0.3,False,14.97,23016.0,0.03743,0.06,1777858238
All Pools,AVAX - FRAX,0.3,False,14.91,1012.43,0.03728,1.34,1777858238
All Pools,ZRO - AVAX,0.3,False,14.02,195.84,0.03506,6.53,1777858238
All Pools,APIX - LAMBO,0.3,False,13.75,554.16,0.03437,2.26,1777858238
All Pools,USDt - USDC,0.02,False,12.8,2234.54,0.00256,0.04,1777858238
All Pools,ggAVAX - AVAX,0.04,False,12.3,365.13,0.00126,0.13,1777858238
All Pools,ORNG - JUCI,0.3,False,12.29,502.12,0.03071,2.23,1777858238
All Pools,XROSS - ORNG,0.3,False,12.28,479.35,0.0307,2.34,1777858238
All Pools,MIM - WETH.e,0.3,False,11.83,1451.92,0.02958,0.74,1777858238
All Pools,HATCHY - AVAX,0.3,False,11.65,9635.04,0.02912,0.11,1777858238
All Pools,MAI - AVAX,0.3,False,11.39,1794.94,0.02847,0.58,1777858238
All Pools,Psychic - AVAX,0.3,False,11.38,1172.39,0.02846,0.89,1777858238
All Pools,AVAX - DOMI,0.3,False,11.12,17104.0,0.02781,0.06,1777858238
All Pools,Ush - AVAX,0.3,False,10.84,2810.66,0.02709,0.35,1777858238
All Pools,SHRAP - DOMI,0.3,False,10.71,303.97,0.02677,3.21,1777858238
All Pools,ORNG - MOOM,0.3,False,10.4,399.53,0.026,2.38,1777858238
All Pools,SECOND - USDC,0.3,False,10.22,7198.82,0.02556,0.13,1777858238
All Pools,SECOND - AVAX,0.3,False,10.22,1752.94,0.02556,0.53,1777858238
All Pools,AVAX - HON,0.3,False,10.21,89970.0,0.02553,0.01,1777858238
All Pools,COMET - AVAX,0.3,False,10.19,487.0,0.02549,1.91,1777858238
All Pools,agEUR - USDC,0.3,False,10.18,63.91,0.02545,14.54,1777858238
All Pools,SYN - AVAX,0.3,False,9.989,2707.44,0.02497,0.34,1777858238
All Pools,RGOGLZ - USDC,0.3,False,9.793,1580.01,0.02448,0.57,1777858238
All Pools,DATCM - ORNG,0.3,False,9.739,485.17,0.02435,1.83,1777858238
All Pools,YOU - ORNG,0.3,False,9.551,3213.3,0.02388,0.27,1777858238
All Pools,STRZ - AVAX,0.3,False,9.168,27.54,0.02292,30.38,1777858238
All Pools,BLSEYE🎯 - ARENA,0.3,False,8.799,1152.87,0.022,0.7,1777858238
All Pools,KINGSHIT - AVAX,0.3,False,8.355,4963.86,0.02089,0.15,1777858238
All Pools,MYST - AVAX,0.3,False,7.942,899.47,0.01986,0.81,1777858238
All Pools,ORNG - SAI,0.3,False,7.848,303.14,0.01962,2.36,1777858238
All Pools,Psychic - XAUt0,0.3,False,7.771,6985.72,0.01943,0.1,1777858238
All Pools,DCAU - AVAX,0.3,False,7.646,1256.28,0.01912,0.56,1777858238
All Pools,UST - USDC,0.3,False,7.355,478.68,0.01839,1.4,1777858238
All Pools,DCAU - USDT.e,0.3,False,7.193,5305.38,0.01798,0.12,1777858238
All Pools,ORNG - FLUX,0.3,False,6.61,355.62,0.01652,1.7,1777858238
All Pools,USDC.e - USDT.e,0.3,False,6.51,40261.0,0.01628,0.01,1777858238
All Pools,FITFI - AVAX,0.3,False,6.106,39.02,0.01527,14.28,1777858238
All Pools,WINK - AVAX,0.3,False,5.966,86.89,0.01491,6.27,1777858238
All Pools,AVAX - GEC,0.3,False,5.368,35828.0,0.01342,0.01,1777858238
All Pools,COQ - COQAI,0.3,False,4.906,27632.0,0.01226,0.02,1777858238
All Pools,AVAX - SPELL,0.3,False,4.718,2754.39,0.01179,0.16,1777858238
All Pools,FEED - AVAX,0.3,False,4.64,9156.07,0.0116,0.05,1777858238
All Pools,USDt - USDT.e,0.3,False,4.483,20384.0,0.01121,0.02,1777858238
All Pools,YUSD - AVAX,0.3,False,4.437,133.39,0.01109,3.04,1777858238
All Pools,AVAX - aXEN,0.3,False,4.265,76.13,0.01066,5.11,1777858238
All Pools,BLS - USDt,0.3,False,4.049,120.26,0.01012,3.07,1777858238
All Pools,TECH - AVAX,0.3,False,4.004,13990.0,0.01001,0.03,1777858238
All Pools,Psychic - BLACK,0.3,False,3.865,461.31,0.00966,0.76,1777858238
All Pools,3QF - D - AVAX,0.3,False,3.707,1759.5,0.00927,0.19,1777858238
All Pools,3QF - D - WETH.e,0.3,False,3.696,3118.3,0.00924,0.11,1777858238
All Pools,AVAX - PEFI,0.3,False,3.582,4446.45,0.00895,0.07,1777858238
All Pools,USDC.e - DAI.e,0.3,False,3.5,22704.0,0.00875,0.01,1777858238
All Pools,avUSD - sAVAX,0.3,False,3.299,263.61,0.00825,1.14,1777858238
All Pools,Gravity - BLACK,0.3,False,2.999,1057.33,0.0075,0.26,1777858238
All Pools,GUDVBZ - AVAX,0.3,False,2.902,446.86,0.00726,0.59,1777858238
All Pools,BTC.b - TOPIA,0.3,False,2.854,306.76,0.00714,0.85,1777858238
All Pools,REDWOLF - AVAX,0.3,False,2.833,496.03,0.00708,0.52,1777858238
All Pools,MIM - USDC.e,0.3,False,2.792,1993.69,0.00698,0.13,1777858238
All Pools,MYST - USDC,0.3,False,2.76,255.11,0.0069,0.99,1777858238
All Pools,BLSEYE🎯 - BEAM,0.3,False,2.757,341.2,0.00689,0.74,1777858238
All Pools,COQ - BLSEYE🎯,0.3,False,2.563,210.15,0.00641,1.11,1777858238
All Pools,AVAX - ELK,0.3,False,2.554,1696.91,0.00639,0.14,1777858238
All Pools,AVAX - PENDLE,0.3,False,2.541,7617.79,0.00635,0.03,1777858238
All Pools,LUNA - AVAX,0.3,False,2.496,21.9,0.00624,10.4,1777858238
All Pools,LINK.e - USDT.e,0.3,False,2.471,232.42,0.00618,0.97,1777858238
All Pools,FollowTheWhiteRabbit - BLACK,0.3,False,2.471,1167.91,0.00618,0.19,1777858238
All Pools,Trinity - BLACK,0.3,False,2.262,554.69,0.00565,0.37,1777858238
All Pools,USDT.e - CLY,0.3,False,2.15,259.71,0.00537,0.76,1777858238
All Pools,67 - AVAX,0.3,False,2.022,26.03,0.00505,7.09,1777858238
All Pools,JPYC - USDC,0.3,False,2.017,350.8,0.00504,0.52,1777858238
All Pools,ISA - USDC.e,0.3,False,2.005,485.7,0.00501,0.38,1777858238
All Pools,Now - BLACK,0.3,False,2.002,439.81,0.00501,0.42,1777858238
All Pools,SVETA - AVAX,0.3,False,1.97,1391.71,0.00493,0.13,1777858238
All Pools,MaryMagdalene - AVAX,0.3,False,1.923,223.47,0.00481,0.79,1777858238
All Pools,ISA - AVAX,0.3,False,1.879,1443.81,0.0047,0.12,1777858238
All Pools,AAVE.e - REDWOLF,0.3,False,1.877,160.77,0.00469,1.07,1777858238
All Pools,Trinity - AVAX,0.3,False,1.867,1018.98,0.00467,0.17,1777858238
All Pools,AVAX - USDT,0.3,False,1.808,1970.55,0.00452,0.08,1777858238
All Pools,SHOE - AVAX,0.3,False,1.683,659.41,0.00421,0.23,1777858238
All Pools,LINK.e - USDC.e,0.3,False,1.673,193.57,0.00418,0.79,1777858238
All Pools,PIZZA - AVAX,0.3,False,1.671,510.38,0.00418,0.3,1777858238
All Pools,SWIFT - USDC.e,0.3,False,1.658,535.57,0.00414,0.28,1777858238
All Pools,WETH - USDC.e,0.3,False,1.647,226.79,0.00412,0.66,1777858238
All Pools,LUNA - USDC.e,0.3,False,1.643,324.61,0.00411,0.46,1777858238
All Pools,APOW - AVAX,0.3,False,1.639,1066.38,0.0041,0.14,1777858238
All Pools,SHOE - BTC.b,0.3,False,1.633,841.56,0.00408,0.18,1777858238
All Pools,BRO - AVAX,0.3,False,1.588,138609.0,0.00397,0.0,1777858238
All Pools,BRO - COQ,0.3,False,1.581,204.34,0.00395,0.71,1777858238
All Pools,YAK - USDC.e,0.3,False,1.58,218.37,0.00395,0.66,1777858238
All Pools,Gravity - AVAX,0.3,False,1.523,335.68,0.00381,0.41,1777858238
All Pools,GENI - AVAX,0.3,False,1.522,73.59,0.00381,1.89,1777858238
All Pools,USDC - SHRAP,0.3,False,1.521,29.38,0.0038,4.72,1777858238
All Pools,HUSKY - JOE,0.3,False,1.4,182.03,0.0035,0.7,1777858238
All Pools,UST - USDT.e,0.3,False,1.382,42.6,0.00346,2.96,1777858238
All Pools,FollowTheWhiteRabbit - AVAX,0.3,False,1.359,163.8,0.0034,0.76,1777858238
All Pools,JOE - USDT,0.3,False,1.301,359.37,0.00325,0.33,1777858238
All Pools,DPS - USDC,0.3,False,1.267,1937.96,0.00317,0.06,1777858238
All Pools,DPS - AVAX,0.3,False,1.267,220.52,0.00317,0.52,1777858238
All Pools,PNG - JOE,0.3,False,1.263,171.37,0.00316,0.67,1777858238
All Pools,XAUt0 - Gravity,0.3,False,1.234,398.7,0.00308,0.28,1777858238
All Pools,USDT.e - DAI.e,0.3,False,1.185,7318.09,0.00296,0.01,1777858238
All Pools,SWIFT - AVAX,0.3,False,1.185,304.35,0.00296,0.36,1777858238
All Pools,CAI - AVAX,0.3,False,1.171,1792.18,0.00293,0.06,1777858238
All Pools,REDWOLF - USDC,0.3,False,1.129,202.12,0.00282,0.51,1777858238
All Pools,WETH.e - USDT.e,0.3,False,1.127,166.67,0.00282,0.62,1777858238
All Pools,SWIFT - WETH.e,0.3,False,1.07,1612.94,0.00267,0.06,1777858238
All Pools,sAVAX - COQ,0.3,False,1.024,92.58,0.00256,1.01,1777858238
All Pools,rloop - AVAX,0.3,False,0.99149,6242.24,0.00248,0.01,1777858238
All Pools,AVAX - $SICKO,0.3,False,0.9861,9.92,0.00247,9.07,1777858238
All Pools,AVAX - ONION,0.3,False,0.9685,180.28,0.00242,0.49,1777858238
All Pools,VPND - AVAX,0.3,False,0.96513,25413.0,0.00241,0.0,1777858238
All Pools,ROY - AVAX,0.3,False,0.96256,4956.24,0.00241,0.02,1777858238
All Pools,FERT - AVAX,0.3,False,0.94064,801.15,0.00235,0.11,1777858238
All Pools,MAGICK - USDC,0.3,False,0.93899,239.61,0.00235,0.36,1777858238
All Pools,MAGICK - AVAX,0.3,False,0.93869,351.23,0.00235,0.24,1777858238
All Pools,USDC.e - AVVO,0.3,False,0.92652,249.17,0.00232,0.34,1777858238
All Pools,USDC.e - MU,0.3,False,0.90558,13445.0,0.00226,0.01,1777858238
All Pools,MaryMagdalene - XAUt0,0.3,False,0.90443,1944.87,0.00226,0.04,1777858238
All Pools,APOW - USDC,0.3,False,0.88837,167.87,0.00222,0.48,1777858238
All Pools,AVAX - AMI,0.3,False,0.87604,535.2,0.00219,0.15,1777858238
All Pools,XAUt0 - Now,0.3,False,0.85555,714.12,0.00214,0.11,1777858238
All Pools,LUNA - AVAX,0.3,False,0.82793,141.41,0.00207,0.53,1777858238
All Pools,FXS - AVAX,0.3,False,0.78455,435.77,0.00196,0.16,1777858238
All Pools,FTOMB - AVAX,0.3,False,0.76118,9972.15,0.0019,0.01,1777858238
All Pools,YETI - AVAX,0.3,False,0.75555,923.7,0.00189,0.07,1777858238
All Pools,AVAX - IMPACT2,0.3,False,0.75384,167.46,0.00188,0.41,1777858238
All Pools,APOW - USDt,0.3,False,0.75068,167.39,0.00188,0.41,1777858238
All Pools,TRESR - AVAX,0.3,False,0.74487,14688.0,0.00186,0.0,1777858238
All Pools,AVAX - ARENA,0.3,False,0.7138,79.83,0.00178,0.82,1777858238
All Pools,AVAX - KONG,0.3,False,0.69118,7362.15,0.00173,0.01,1777858238
All Pools,SMRTr - AVAX,0.3,False,0.68994,36260.0,0.00172,0.0,1777858238
All Pools,SMRTr - USDC.e,0.3,False,0.68938,124.9,0.00172,0.5,1777858238
All Pools,GUN - AMI,0.3,False,0.67878,22.28,0.0017,2.78,1777858238
All Pools,AVAX - SHRAP,0.3,False,0.66499,18.37,0.00166,3.3,1777858238
All Pools,BLS - SHRAP,0.3,False,0.66373,10.45,0.00166,5.8,1777858238
All Pools,Now - AVAX,0.3,False,0.65524,265.44,0.00164,0.23,1777858238
All Pools,GAINS - AVAX,0.3,False,0.64004,40.22,0.0016,1.45,1777858238
All Pools,LF - AVAX,0.3,False,0.60035,288.89,0.0015,0.19,1777858238
All Pools,MIM - LF,0.3,False,0.60005,901.99,0.0015,0.06,1777858238
All Pools,CANS - AVAX,0.3,False,0.59496,12.8,0.00149,4.24,1777858238
All Pools,Trinity - Psychic,0.3,False,0.5876,538.94,0.00147,0.1,1777858238
All Pools,DCAR - USDC,0.3,False,0.58661,55.8,0.00147,0.96,1777858238
All Pools,USDC - SDOG,0.3,False,0.58188,482.17,0.00145,0.11,1777858238
All Pools,MONEY - AVAX,0.3,False,0.57594,623.34,0.00144,0.08,1777858238
All Pools,HUSKY - AMI,0.3,False,0.55309,85.43,0.00138,0.59,1777858238
All Pools,DCAU - USDC,0.3,False,0.55263,151.11,0.00138,0.33,1777858238
All Pools,USDC.e - ONION,0.3,False,0.54897,384.56,0.00137,0.13,1777858238
All Pools,COQ - JUICE,0.3,False,0.54491,47.73,0.00136,1.04,1777858238
All Pools,AVAX - TheGospelOfMary,0.3,False,0.53441,157.09,0.00134,0.31,1777858238
All Pools,KIWI - AVAX,0.3,False,0.53077,114.8,0.00133,0.42,1777858238
All Pools,KIWI - USDC,0.3,False,0.52236,309.07,0.00131,0.15,1777858238
All Pools,AMPL - AVAX,0.3,False,0.51174,340.0,0.00128,0.14,1777858238
All Pools,AVAXAI - USDC,0.3,False,0.5076,1704.15,0.00127,0.03,1777858238
All Pools,MIM - PEFI,0.3,False,0.50119,202.94,0.00125,0.23,1777858238
All Pools,AVAX - MU,0.3,False,0.49914,88.38,0.00125,0.52,1777858238
All Pools,GOOD - AVAX,0.3,False,0.48924,149.87,0.00122,0.3,1777858238
All Pools,LadyMary - AVAX,0.3,False,0.47966,362.01,0.0012,0.12,1777858238
All Pools,HEFE - GAINS,0.3,False,0.47629,5.718,0.00119,7.6,1777858238
All Pools,AVAX - AVVO,0.3,False,0.47527,299.26,0.00119,0.14,1777858238
All Pools,PTOP900 - TOPIA,0.3,False,0.45979,102.13,0.00115,0.41,1777858238
All Pools,GOOD - COQ,0.3,False,0.45374,95.1,0.00113,0.44,1777858238
All Pools,LadyMary - FollowTheWhiteRabbit,0.3,False,0.45258,646.71,0.00113,0.06,1777858238
All Pools,BTC.b - oXAUT,0.3,False,0.44915,372.96,0.00112,0.11,1777858238
All Pools,oXAUT - AVAX,0.3,False,0.44906,516.04,0.00112,0.08,1777858238
All Pools,BNB - AVAX,0.3,False,0.44528,4055.83,0.00111,0.01,1777858238
All Pools,LINDA - AVAX,0.3,False,0.44423,2080.88,0.00111,0.02,1777858238
All Pools,USDC - aXEN,0.3,False,0.43992,9.096,0.0011,4.41,1777858238
All Pools,DAI.e - ONION,0.3,False,0.43694,351.24,0.00109,0.11,1777858238
All Pools,HAREM - AVAX,0.3,False,0.43134,140.38,0.00108,0.28,1777858238
All Pools,gOHM - SB,0.3,False,0.42109,15.37,0.00105,2.5,1777858238
All Pools,USDT.e - MU,0.3,False,0.41419,254.72,0.00104,0.15,1777858238
All Pools,BrideOfChrist - AVAX,0.3,False,0.41215,88.6,0.00103,0.42,1777858238
All Pools,BTC.b - IMPACT2,0.3,False,0.41077,1256.94,0.00103,0.03,1777858238
All Pools,USDC.e - WXT,0.3,False,0.40952,289.81,0.00102,0.13,1777858238
All Pools,MaryMagdalene - FollowTheWhiteRabbit,0.3,False,0.40605,205.88,0.00102,0.18,1777858238
All Pools,ZRO - USDC,0.3,False,0.40074,5.563,0.001,6.57,1777858238
All Pools,UNIQOC - AVAX,0.3,False,0.39897,1123.5,,0.03,1777858238
All Pools,UNIQOC - COQ,0.3,False,0.39618,53.46,,0.68,1777858238
All Pools,DREGG - AVAX,0.3,False,0.39357,177.79,,0.2,1777858238
All Pools,DREGG - USDT.e,0.3,False,0.3935,542.64,,0.07,1777858238
All Pools,AVAX - SOCK,0.3,False,0.38686,3261.09,,0.01,1777858238
All Pools,USDC - SOCK,0.3,False,0.3862,480.5,,0.07,1777858238
All Pools,AVAX - TIME,0.3,False,0.38462,1195.78,,0.03,1777858238
All Pools,BANKSY - USDT.e,0.3,False,0.37643,1545.54,,0.02,1777858238
All Pools,BANKSY - AVAX,0.3,False,0.37636,170.75,,0.2,1777858238
All Pools,MIM - MU,0.3,False,0.37392,253.19,,0.13,1777858238
All Pools,WETH.e - ONION,0.3,False,0.36763,271.39,,0.12,1777858238
All Pools,USDC - GAU,0.3,False,0.36363,12196.0,,0.0,1777858238
All Pools,MIM - TIME,0.3,False,0.36204,121.37,,0.27,1777858238
All Pools,STATIK - AVAX,0.3,False,0.34391,43.92,,0.71,1777858238
All Pools,MM - USDC,0.3,False,0.33738,83.74,,0.37,1777858238
All Pools,USDT.e - ONION,0.3,False,0.33697,768.58,,0.04,1777858238
All Pools,HEFE - CANS,0.3,False,0.33631,4.176,,7.35,1777858238
All Pools,MM - AVAX,0.3,False,0.33532,132.76,,0.23,1777858238
All Pools,WBTC.e - USDT.e,0.3,False,0.33387,172.48,,0.18,1777858238
All Pools,AVAX - SMRT,0.3,False,0.32204,2314.88,,0.01,1777858238
All Pools,USDT - ETH,0.3,False,0.3173,211.09,,0.14,1777858238
All Pools,KALM - USDC,0.3,False,0.31055,84.45,,0.34,1777858238
All Pools,KALM - AVAX,0.3,False,0.31044,125.33,,0.23,1777858238
All Pools,HOWDY - AVAX,0.3,False,0.30793,20908.0,,0.0,1777858238
All Pools,USDT.e - SMRT,0.3,False,0.29784,105.94,,0.26,1777858238
All Pools,Psychic - Now,0.3,False,0.29648,630.58,,0.04,1777858238
All Pools,BTC.b - HOWDY,0.3,False,0.29073,183.6,,0.14,1777858238
All Pools,50 - USDC,0.3,False,0.28375,119.72,,0.22,1777858238
All Pools,50 - AVAX,0.3,False,0.28362,75.33,,0.34,1777858238
All Pools,OSAK - AVAX,0.3,False,0.28078,6114.2,,0.0,1777858238
All Pools,COQ - OX,0.3,False,0.27979,12203.0,,0.0,1777858238
All Pools,COQ - OSAK,0.3,False,0.27951,36.33,,0.7,1777858238
All Pools,KIMBO - CANS,0.3,False,0.26595,389.33,,0.06,1777858238
All Pools,AVAX - FRAX,0.3,False,0.26587,269.75,,0.09,1777858238
All Pools,MAXI - DAI.e,0.3,False,0.26468,234.52,,0.1,1777858238
All Pools,COQ - NOCHILL,0.3,False,0.25709,15.1,,1.55,1777858238
All Pools,FollowTheWhiteRabbit - TheGospelOfMary,0.3,False,0.25364,156.59,,0.15,1777858238
All Pools,FollowTheWhiteRabbit - LuciferMorningstar,0.3,False,0.25234,3616.87,,0.01,1777858238
All Pools,USDt - IMPACT2,0.3,False,0.25106,71.17,,0.32,1777858238
All Pools,JEWEL - USDC,0.3,False,0.24402,4483.02,,0.0,1777858238
All Pools,SOL - USDC,0.3,False,0.24373,23.98,,0.93,1777858238
All Pools,MU - DAI.e,0.3,False,0.23315,245.27,,0.09,1777858238
All Pools,MaryMagdalene - TheGospelOfMary,0.3,False,0.22466,268.71,,0.08,1777858238
All Pools,WETH.e - USDC,0.3,False,0.2227,22.62,,0.9,1777858238
All Pools,BUSD - USDC,0.3,False,0.2222,7.678,,2.64,1777858238
All Pools,VENG - AVAX,0.3,False,0.21857,60.07,,0.33,1777858238
All Pools,AVAX - SPT,0.3,False,0.21677,16.22,,1.22,1777858238
All Pools,WETH.e - REDWOLF,0.3,False,0.2122,101.34,,0.19,1777858238
All Pools,AVAX - ZUBAX,0.3,False,0.20872,115.47,,0.16,1777858238
All Pools,BrideOfChrist - FollowTheWhiteRabbit,0.3,False,0.20682,725.82,,0.03,1777858238
All Pools,ABC - AVAX,0.3,False,0.20114,1067.19,,0.02,1777858238
All Pools,Trinity - LuciferMorningstar,0.3,False,0.19907,346554916.0,,,1777858238
All Pools,miMatic - USDC.e,0.3,False,0.19883,23.08,,0.79,1777858238
All Pools,AI - AVAX,0.3,False,0.19533,4305.14,,0.0,1777858238
All Pools,BOI - MU,0.3,False,0.19115,1.149,,15.18,1777858238
All Pools,WBTC - AVAX,0.3,False,0.19056,40.31,,0.43,1777858238
All Pools,ZUBAX - USDT.e,0.3,False,0.18656,183.56,,0.09,1777858238
All Pools,WBTC.e - ONION,0.3,False,0.18655,405.08,,0.04,1777858238
All Pools,BTC.b - REDWOLF,0.3,False,0.18362,118.68,,0.14,1777858238
All Pools,NOCHILL - OX,0.3,False,0.18304,13090.0,,0.0,1777858238
All Pools,MaryMagdalene - Gravity,0.3,False,0.18139,131.22,,0.13,1777858238
All Pools,USDC - CHAM,0.3,False,0.17794,49.73,,0.33,1777858238
All Pools,Psychic - Meaning,0.3,False,0.17694,308.39,,0.05,1777858238
All Pools,Meaning - AVAX,0.3,False,0.1765,444.24,,0.04,1777858238
All Pools,- AMI,0.3,False,0.17328,12.92,,1.22,1777858238
All Pools,USDC - USD+,0.3,False,0.17105,32.67,,0.48,1777858238
All Pools,Gold - Now,0.3,False,0.16939,900.09,,0.02,1777858238
All Pools,Gold - AVAX,0.3,False,0.16936,88.13,,0.18,1777858238
All Pools,CQK - USDC,0.3,False,0.16846,34.87,,0.44,1777858238
All Pools,CQK - AVAX,0.3,False,0.16838,129.52,,0.12,1777858238
All Pools,USDC - yyAVAX,0.3,False,0.1683,14.1,,1.09,1777858238
All Pools,USDC - SPT,0.3,False,0.16237,40.51,,0.37,1777858238
All Pools,JOE - KRW,0.3,False,0.16234,234.91,,0.06,1777858238
All Pools,KRW - AVAX,0.3,False,0.16211,448.37,,0.03,1777858238
All Pools,BOI - AMI,0.3,False,0.16179,0.97616,,15.12,1777858238
All Pools,PTOP1000 - TOPIA,0.3,False,0.16114,100.55,,0.15,1777858238
All Pools,AVAX - SNOB,0.3,False,0.15953,957.89,,0.02,1777858238
All Pools,USDt - RUX,0.3,False,0.15924,15970.0,,,1777858238
All Pools,RUX - AVAX,0.3,False,0.15923,29.95,,0.49,1777858238
All Pools,COQ - AMI,0.3,False,0.15856,13.86,,1.04,1777858238
All Pools,BLSEYE🎯 - MEOW,0.3,False,0.15705,688.79,,0.02,1777858238
All Pools,COQ - BOOTY,0.3,False,0.1563,10.29,,1.39,1777858238
All Pools,HUSKY - MUG,0.3,False,0.15044,23.94,,0.57,1777858238
All Pools,HEFE - AMI,0.3,False,0.14722,1.724,,7.79,1777858238
All Pools,USDC.e - WISE,0.3,False,0.14572,45.62,,0.29,1777858238
All Pools,AVAX - WISE,0.3,False,0.1457,77.47,,0.17,1777858238
All Pools,$Crazy - AVAX,0.3,False,0.14483,1003.17,,0.01,1777858238
All Pools,AVAI - AVAX,0.3,False,0.14473,28.95,,0.46,1777858238
All Pools,Psychic - Ducks,0.3,False,0.14143,315.2,,0.04,1777858238
All Pools,Ducks - AVAX,0.3,False,0.14108,284.31,,0.05,1777858238
All Pools,WBTC.e - REDWOLF,0.3,False,0.13695,58.7,,0.21,1777858238
All Pools,COQ - bCASH,0.3,False,0.13693,17.91,,0.7,1777858238
All Pools,Priory - AVAX,0.3,False,0.13551,75.68,,0.16,1777858238
All Pools,FollowTheWhiteRabbit - Priory,0.3,False,0.1355,917.22,,0.01,1777858238
All Pools,UST - USDC,0.3,False,0.13481,4.35,,2.83,1777858238
All Pools,AVAX - LYLY,0.3,False,0.13473,71.1,,0.17,1777858238
All Pools,BrideOfChrist - BLACK,0.3,False,0.1345,32.88,,0.37,1777858238
All Pools,DéjàVu - Gravity,0.3,False,0.1273,206.95,,0.06,1777858238
All Pools,Psychic - Jjj,0.3,False,0.12555,315.33,,0.04,1777858238
All Pools,Jjj - AVAX,0.3,False,0.12528,284.64,,0.04,1777858238
All Pools,MaryMagdalene - BrideOfChrist,0.3,False,0.12494,119.38,,0.1,1777858238
All Pools,AVAX - ELK,0.3,False,0.12404,69.35,,0.16,1777858238
All Pools,WETH.e - SURE,0.3,False,0.12336,1077.74,,0.01,1777858238
All Pools,ElvisJackpot - BLACK,0.3,False,0.12213,17.52,,0.64,1777858238
All Pools,AVAX - XPOW,0.3,False,0.12033,39.4,,0.28,1777858238
All Pools,VELAI - AVAX,0.3,False,0.11947,0.32233,,33.82,1777858238
All Pools,USDC.e - SOL,0.3,False,0.11818,41.62,,0.26,1777858238
All Pools,RoselineBloodline - AVAX,0.3,False,0.11798,43.83,,0.25,1777858238
All Pools,miMatic - AVAX,0.3,False,0.11739,36.22,,0.3,1777858238
All Pools,Psychic - MeaningOfNumbers,0.3,False,0.11659,315.55,,0.03,1777858238
All Pools,AVAX - TOPIA,0.3,False,0.11653,518.65,,0.02,1777858238
All Pools,AVAX - MeaningOfNumbers,0.3,False,0.11634,284.54,,0.04,1777858238
All Pools,VEE - USDC,0.3,False,0.11627,32.01,,0.33,1777858238
All Pools,COQ - REDWOLF,0.3,False,0.11404,12.1,,0.86,1777858238
All Pools,AVAX - LuciferMorningstar,0.3,False,0.11309,14.42,,0.72,1777858238
All Pools,YEEHAW - AVAX,0.3,False,0.11236,31.44,,0.33,1777858238
All Pools,AVAX - CHAM,0.3,False,0.11063,32.47,,0.31,1777858238
All Pools,LUNA - LUNA,0.3,False,0.10864,2.449,,4.05,1777858238
All Pools,RPEPE - AVAX,0.3,False,0.10797,6285.7,,0.0,1777858238
All Pools,wsOHM - AVAX,0.3,False,0.10719,21.83,,0.45,1777858238
All Pools,Psychic - DéjàVu,0.3,False,0.1071,196.25,,0.05,1777858238
All Pools,Psychic - Xmas,0.3,False,0.10647,296.24,,0.03,1777858238
All Pools,Xmas - AVAX,0.3,False,0.10626,267.85,,0.04,1777858238
All Pools,AMI - TOPIA,0.3,False,0.10546,220.49,,0.04,1777858238
All Pools,TECH - OX,0.3,False,0.10529,4872.26,,0.0,1777858238
All Pools,WarpSpeed - AVAX,0.3,False,0.10421,137.04,,0.07,1777858238
All Pools,Gravity - WarpSpeed,0.3,False,0.10419,83.97,,0.11,1777858238
All Pools,Psychic - BlackAndGold,0.3,False,0.10413,315.03,,0.03,1777858238
All Pools,AVAX - BlackAndGold,0.3,False,0.10394,286.03,,0.03,1777858238
All Pools,AVAX - APOW,0.3,False,0.1028,38.95,,0.24,1777858238
All Pools,LINK.e - REDWOLF,0.3,False,0.10271,80.3,,0.12,1777858238
All Pools,HOST - DAI.e,0.3,False,0.10204,2580.35,,0.0,1777858238
All Pools,Psychic - Prometheus,0.3,False,0.10176,306.61,,0.03,1777858238
All Pools,AVAX - Prometheus,0.3,False,0.10156,277.77,,0.03,1777858238
All Pools,XAUt0 - ElvisJackpot,0.3,False,0.10152,330.99,,0.03,1777858238
All Pools,Orange - AVAX,0.3,False,0.10102,86.89,,0.11,1777858238
All Pools,WLRS - USDC.e,0.3,False,0.10096,4533.89,,0.0,1777858238
All Pools,WOO.e - AVAX,0.3,False,0.09893,103.63,,0.09,1777858238
All Pools,PTOP1100 - TOPIA,0.3,False,0.09871,149.75,,0.06,1777858238
All Pools,CGS - AVAX,0.3,False,0.09832,65.42,,0.14,1777858238
All Pools,CGS - USDC.e,0.3,False,0.09768,157.62,,0.06,1777858238
All Pools,COQ - LYLY,0.3,False,0.09757,14.93,,0.6,1777858238
All Pools,COQ - KOVIN,0.3,False,0.09748,12.73,,0.7,1777858238
All Pools,AVAX - ChristMark,0.3,False,0.09704,355.2,,0.02,1777858238
All Pools,TrumpTower - AVAX,0.3,False,0.09599,157.46,,0.06,1777858238
All Pools,TrumpTower - Gravity,0.3,False,0.09598,75.16,,0.12,1777858238
All Pools,AVAT - USDC,0.3,False,0.09472,40.29,,0.21,1777858238
All Pools,USDt - MILO,0.3,False,0.09457,16.94,,0.51,1777858238
All Pools,AVAX - MILO,0.3,False,0.09456,1129.26,,0.01,1777858238
All Pools,COQ - MCV,0.3,False,0.09189,9.573,,0.88,1777858238
All Pools,Psychic - MerryXmas,0.3,False,0.09141,290.36,,0.03,1777858238
All Pools,MerryXmas - AVAX,0.3,False,0.09121,262.66,,0.03,1777858238
All Pools,IMPACT2 - EURC,0.3,False,0.09003,46.78,,0.18,1777858238
All Pools,UNI.e - REDWOLF,0.3,False,0.08945,9.657,,0.85,1777858238
All Pools,DCAU - MIM,0.3,False,0.08869,310.8,,0.03,1777858238
All Pools,MIM - GRAPE,0.3,False,0.08861,2397.22,,0.0,1777858238
All Pools,WLRS - GRAPE,0.3,False,0.08859,78.33,,0.1,1777858238
All Pools,MIM - PAPA,0.3,False,0.08844,415.09,,0.02,1777858238
All Pools,FollowTheWhiteRabbit - DivineFeminine,0.3,False,0.08533,671.22,,0.01,1777858238
All Pools,Psychic - DiamondbackGall,0.3,False,0.08208,315.71,,0.02,1777858238
All Pools,DiamondbackGall - AVAX,0.3,False,0.08191,286.65,,0.03,1777858238
All Pools,NOCHILL - KET,0.3,False,0.08127,16.39,,0.45,1777858238
All Pools,AVAX - FORT,0.3,False,0.0802,38.91,,0.19,1777858238
All Pools,MIM - FORT,0.3,False,0.08016,18127.0,,,1777858238
All Pools,SURE - DAI.e,0.3,False,0.07996,27.85,,0.26,1777858238
All Pools,Psychic - Serpentarius,0.3,False,0.07995,320.59,,0.02,1777858238
All Pools,Serpentarius - AVAX,0.3,False,0.0798,290.25,,0.03,1777858238
All Pools,SUB - USDC,0.3,False,0.07914,13.24,,0.55,1777858238
All Pools,MIM - wsOHM,0.3,False,0.07815,1092.38,,0.01,1777858238
All Pools,Orange - DivineFeminine,0.3,False,0.07472,1094.04,,0.01,1777858238
All Pools,COQ - MU,0.3,False,0.07466,4.494,,1.52,1777858238
All Pools,AVAX - MUG,0.3,False,0.07372,346.97,,0.02,1777858238
All Pools,AVAX - SDOG,0.3,False,0.07269,10.08,,0.66,1777858238
All Pools,USDC - APOW,0.3,False,0.07091,20.07,,0.32,1777858238
All Pools,DFIAT - USDT.e,0.3,False,0.06991,27.9,,0.23,1777858238
All Pools,DFIAT - AVAX,0.3,False,0.0699,7394.72,,,1777858238
All Pools,AVAX - Nala,0.3,False,0.06978,25.24,,0.25,1777858238
All Pools,HEFE - HIGHER,0.3,False,0.06904,0.86475,,7.29,1777858238
All Pools,SLUSH - AVAX,0.3,False,0.06903,58.37,,0.11,1777858238
All Pools,SLUSH - USDT.e,0.3,False,0.06902,60.11,,0.1,1777858238
All Pools,AVVO - DAI.e,0.3,False,0.0681,39.22,,0.16,1777858238
All Pools,AVAT - AVAX,0.3,False,0.06781,21.21,,0.29,1777858238
All Pools,USDT.e - ZABU,0.3,False,0.06693,47.88,,0.13,1777858238
All Pools,USDC - XPOW,0.3,False,0.06621,20.14,,0.3,1777858238
All Pools,MU - COQAI,0.3,False,0.0662,6.45,,0.94,1777858238
All Pools,USDt - DXN,0.3,False,0.06619,215.47,,0.03,1777858238
All Pools,REDWOLF - SOL,0.3,False,0.0661,74.12,,0.08,1777858238
All Pools,AVAX - DUO,0.3,False,0.0658,70.42,,0.09,1777858238
All Pools,USDT.e - DUO,0.3,False,0.06579,57.42,,0.1,1777858238
All Pools,USDt - REDWOLF,0.3,False,0.06561,14.88,,0.4,1777858238
All Pools,SNP - AVAX,0.3,False,0.06461,11.41,,0.52,1777858238
All Pools,COQ - SNP,0.3,False,0.06431,26.03,,0.23,1777858238
All Pools,Psychic - Stolen,0.3,False,0.06364,84.58,,0.07,1777858238
All Pools,UST - UST,0.3,False,0.06272,1.823,,3.14,1777858238
All Pools,HIGHER - AVAX,0.3,False,0.06236,1.831,,3.11,1777858238
All Pools,WETH.e - yyAVAX,0.3,False,0.06223,19.05,,0.3,1777858238
All Pools,FollowTheWhiteRabbit - RoselineBloodline,0.3,False,0.06214,41.23,,0.14,1777858238
All Pools,PAPA - AVAX,0.3,False,0.06185,30.49,,0.19,1777858238
All Pools,MCV - AVAX,0.3,False,0.06175,394.97,,0.01,1777858238
All Pools,HOST - AVAX,0.3,False,0.0607,105.2,,0.05,1777858238
All Pools,USDC - LODE,0.3,False,0.06066,880.35,,0.01,1777858238
All Pools,USDT.e - XAVA,0.3,False,0.0605,11.24,,0.49,1777858238
All Pools,USDC - AMI,0.3,False,0.06029,0.66569,,8.26,1777858238
All Pools,AVAX - BLACK,0.3,False,0.05938,5.966,,0.91,1777858238
All Pools,Go - AVAX,0.3,False,0.05917,138.17,,0.04,1777858238
All Pools,MELT - AVAX,0.3,False,0.05891,24.54,,0.22,1777858238
All Pools,FITFI - USDC,0.3,False,0.05876,0.45088,,11.89,1777858238
All Pools,AVAX - ZABU,0.3,False,0.0583,29.78,,0.18,1777858238
All Pools,Gravity - TheGospelOfMary,0.3,False,0.05701,33.75,,0.15,1777858238
All Pools,Hopi - Now,0.3,False,0.05643,712.07,,0.01,1777858238
All Pools,Hopi - AVAX,0.3,False,0.05642,214.26,,0.02,1777858238
All Pools,MaryMagdalene - RoselineBloodline,0.3,False,0.05595,46.37,,0.11,1777858238
All Pools,METAG - AVAX,0.3,False,0.0555,24.03,,0.21,1777858238
All Pools,METAG - USDt,0.3,False,0.0555,15.98,,0.32,1777858238
All Pools,TOMB - USDC,0.3,False,0.05516,10.54,,0.48,1777858238
All Pools,Yellow - AVAX,0.3,False,0.05503,260.23,,0.02,1777858238
All Pools,Psychic - CommieSukey,0.3,False,0.05502,315.16,,0.02,1777858238
All Pools,Gravity - NaughtiusMaximus,0.3,False,0.05498,4.984,,1.01,1777858238
All Pools,CommieSukey - AVAX,0.3,False,0.05492,285.12,,0.02,1777858238
All Pools,USDt - XPOW,0.3,False,0.05417,20.09,,0.25,1777858238
All Pools,COQ - MEAT,0.3,False,0.05279,0.69953,,6.89,1777858238
All Pools,SOB - LUNA,0.3,False,0.05243,1.292,,3.7,1777858238
All Pools,Psychic - Yellow,0.3,False,0.05201,81.99,,0.06,1777858238
All Pools,AMI - JUICY,0.3,False,0.05198,0.91824,,5.17,1777858238
All Pools,AVAX - SantaGospel,0.3,False,0.05185,131.97,,0.04,1777858238
All Pools,SYMBIOT - AVAX,0.3,False,0.05001,90.6,,0.05,1777858238
All Pools,HEFE - Always,0.3,False,0.0497,0.83791,,5.41,1777858238
All Pools,SURE - USDC.e,0.3,False,0.04941,23.41,,0.19,1777858238
All Pools,QI - LYLY,0.3,False,0.04785,2.684,,1.63,1777858238
All Pools,SYMBIOT - DAI.e,0.3,False,0.04785,465.91,,0.01,1777858238
All Pools,ALOT - USDC.e,0.3,False,0.04771,9.214,,0.47,1777858238
All Pools,AVAX - GAU,0.3,False,0.04693,9.084,,0.47,1777858238
All Pools,Blue - AVAX,0.3,False,0.04618,258.08,,0.02,1777858238
All Pools,COQ - JUICY,0.3,False,0.046,0.69754,,6.02,1777858238
All Pools,Psychic - Nala,0.3,False,0.04504,266.38,,0.02,1777858238
All Pools,GAINS - MEAT,0.3,False,0.04497,0.97485,,4.21,1777858238
All Pools,AVAX - ETH,0.3,False,0.04411,16.32,,0.25,1777858238
All Pools,JOE - EXP,0.3,False,0.04274,13373100.0,,,1777858238
All Pools,Stolen - AVAX,0.3,False,0.04203,17.3,,0.22,1777858238
All Pools,Anon - AVAX,0.3,False,0.04165,13.88,,0.27,1777858238
All Pools,BTC.b - MU,0.3,False,0.04147,11.31,,0.33,1777858238
All Pools,Who - AVAX,0.3,False,0.04139,137.29,,0.03,1777858238
All Pools,Trinity - Stolen,0.3,False,0.04098,29.07,,0.13,1777858238
All Pools,AMI - COQAI,0.3,False,0.04009,4.112,,0.89,1777858238
All Pools,TOPIA - PTOP800,0.3,False,0.03947,145.11,,0.02,1777858238
All Pools,Psychic - Blue,0.3,False,0.03885,81.41,,0.04,1777858238
All Pools,GOOD - GAINS,0.3,False,0.03829,3.701,,0.94,1777858238
All Pools,REDWOLF - SHRAP,0.3,False,0.03799,1.193,,2.91,1777858238
All Pools,RUGPULL - MUG,0.3,False,0.03764,183.1,,0.02,1777858238
All Pools,FollowTheWhiteRabbit - StatueOfLiberty,0.3,False,0.03761,507.96,,0.01,1777858238
All Pools,StatueOfLiberty - AVAX,0.3,False,0.0376,14.61,,0.23,1777858238
All Pools,meGNX - AVAX,0.3,False,0.03724,17.28,,0.2,1777858238
All Pools,LIBRE - USDC.e,0.3,False,0.03709,14.75,,0.23,1777858238
All Pools,MELT - USDT.e,0.3,False,0.03679,30.68,,0.11,1777858238
All Pools,Psychic - Who,0.3,False,0.03677,73.72,,0.05,1777858238
All Pools,TruthClosure - BLACK,0.3,False,0.03671,25.58,,0.13,1777858238
All Pools,TruthClosure - AVAX,0.3,False,0.03671,11.44,,0.29,1777858238
All Pools,SURE - AVAX,0.3,False,0.03664,7.046,,0.47,1777858238
All Pools,Gravity - ChristMark,0.3,False,0.0363,15.37,,0.22,1777858238
All Pools,Psychic - Go,0.3,False,0.03609,73.49,,0.04,1777858238
All Pools,Gladiator - USDC,0.3,False,0.0359,561.71,,0.01,1777858238
All Pools,WINK - NOCHILL,0.3,False,0.03527,0.98912,,3.25,1777858238
All Pools,Psychic - ArniStitch,0.3,False,0.03501,315.32,,0.01,1777858238
All Pools,ArniStitch - AVAX,0.3,False,0.03495,284.42,,0.01,1777858238
All Pools,Chrism - BLACK,0.3,False,0.03389,2.354,,1.31,1777858238
All Pools,CNR - USDC,0.3,False,0.03342,4.804,,0.63,1777858238
All Pools,MIM - DAI.e,0.3,False,0.0328,52.16,,0.06,1777858238
All Pools,FITFI - USDC.e,0.3,False,0.03239,0.24262,,12.18,1777858238
All Pools,GAS - AVAX,0.3,False,0.03215,226.28,,0.01,1777858238
All Pools,NOCHILL - AMI,0.3,False,0.03215,6.056,,0.48,1777858238
All Pools,GAINS - COQ,0.3,False,0.03213,1.981,,1.48,1777858238
All Pools,USDt - APOW,0.3,False,0.03195,20.07,,0.15,1777858238
All Pools,USDt - NEMO,0.3,False,0.03143,96.3,,0.03,1777858238
All Pools,AVAX - NEMO,0.3,False,0.03143,7.701,,0.37,1777858238
All Pools,CNR - USDt,0.3,False,0.03071,4.821,,0.58,1777858238
All Pools,AVAX - Strength,0.3,False,0.03012,139.15,,0.02,1777858238
All Pools,BLUB - AVAX,0.0,False,0.02976,46.77,0.0,0.0,1777858238
All Pools,FLAKE - USDT.e,0.3,False,0.02939,50.93,,0.05,1777858238
All Pools,FLAKE - AVAX,0.3,False,0.02939,21.24,,0.13,1777858238
All Pools,Psychic - SantaGospel,0.3,False,0.02909,73.18,,0.04,1777858238
All Pools,SLIME - USDt,0.3,False,0.02906,7.286,,0.36,1777858238
All Pools,SLIME - AVAX,0.3,False,0.02905,21305.0,,,1777858238
All Pools,wsOHM - USDC.e,0.3,False,0.02905,42.17,,0.06,1777858238
All Pools,LIRA - AVAX,0.3,False,0.02893,13.05,,0.2,1777858238
All Pools,LoveYou - Gravity,0.3,False,0.02878,56.27,,0.05,1777858238
All Pools,LoveYou - AVAX,0.3,False,0.02876,60.66,,0.04,1777858238
All Pools,QI - REDWOLF,0.3,False,0.02862,1.562,,1.67,1777858238
All Pools,SOB - AVAX,0.3,False,0.02831,541.73,,0.0,1777858238
All Pools,AVAX - STRAW,0.3,False,0.02822,15.71,,0.16,1777858238
All Pools,NaughtiusMaximus - Seventeen,0.3,False,0.02793,848.74,,0.0,1777858238
All Pools,USDC - BVAX,0.3,False,0.02791,30.47,,0.08,1777858238
All Pools,MaryMagdalene - LadyMary,0.3,False,0.02765,17.25,,0.15,1777858238
All Pools,AVAX - NaughtiusMaximus,0.3,False,0.02746,439.28,,0.01,1777858238
All Pools,MIM - USDC,0.3,False,0.0272,76.7,,0.03,1777858238
All Pools,DAI.e - STRAW,0.3,False,0.02696,34.42,,0.07,1777858238
All Pools,Stolen - BLACK,0.3,False,0.02693,5.3,,0.46,1777858238
All Pools,LoveIsTheKey - AVAX,0.3,False,0.02675,14.8,,0.16,1777858238
All Pools,LoveIsTheKey - BLACK,0.3,False,0.02675,7.842,,0.31,1777858238
All Pools,YEEHAW - USDC,0.3,False,0.02671,12.66,,0.19,1777858238
All Pools,AVAX - MICRO,0.3,False,0.02658,23.46,,0.1,1777858238
All Pools,COQ - MICRO,0.3,False,0.02643,3.682,,0.66,1777858238
All Pools,aDXN - AVAX,0.3,False,0.02628,3.599,,0.67,1777858238
All Pools,WINK - MU,0.3,False,0.02627,0.51492,,4.66,1777858238
All Pools,KrisKringle - Gravity,0.3,False,0.02626,77.35,,0.03,1777858238
All Pools,KrisKringle - AVAX,0.3,False,0.02625,25.88,,0.09,1777858238
All Pools,USDC - WSPP,0.3,False,0.02568,43.76,,0.05,1777858238
All Pools,Orange - BLACK,0.3,False,0.02552,4.064,,0.57,1777858238
All Pools,AVAX - EROL,0.0,False,0.02487,73.84,0.0,0.0,1777858238
All Pools,Trinity - Nala,0.3,False,0.02485,40.07,,0.06,1777858238
All Pools,GURS - ARENA,0.3,False,0.02401,7.294,,0.3,1777858238
All Pools,SMRT - XAVA,0.3,False,0.02383,2.842,,0.77,1777858238
All Pools,MAI - TOMB,0.3,False,0.0236,130.05,,0.02,1777858238
All Pools,BTC.b - USDC,0.3,False,0.02356,4.664,,0.46,1777858238
All Pools,YEEHAW - BTC.b,0.3,False,0.02345,126.89,,0.02,1777858238
All Pools,JPYC - USDC.e,0.3,False,0.02335,4.785,,0.45,1777858238
All Pools,Go - BLACK,0.3,False,0.02315,4.756,,0.44,1777858238
All Pools,Gil - AVAX,0.3,False,0.02308,17.05,,0.12,1777858238
All Pools,Matter - AVAX,0.3,False,0.02291,79.5,,0.03,1777858238
All Pools,Orange - Matter,0.3,False,0.02287,8944.4,,,1777858238
All Pools,BLACK - SantaGospel,0.3,False,0.02281,4.723,,0.44,1777858238
All Pools,MEAT - MU,0.3,False,0.02281,0.49529,,4.2,1777858238
All Pools,AAVE.e - meGNX,0.3,False,0.02271,3.999,,0.52,1777858238
All Pools,NineHundred - AVAX,0.3,False,0.0225,137.57,,0.01,1777858238
All Pools,JOE - ZABU,0.3,False,0.0224,18.33,,0.11,1777858238
All Pools,Strength - BLACK,0.3,False,0.02219,4.762,,0.43,1777858238
All Pools,AVAX - BLANC,0.3,False,0.02216,21.63,,0.09,1777858238
All Pools,MIM - BLANC,0.3,False,0.02215,8362.81,,,1777858238
All Pools,MELT - USDC.e,0.3,False,0.02213,30.98,,0.07,1777858238
All Pools,BTC.b - GMX,0.3,False,0.02206,1.526,,1.32,1777858238
All Pools,MIM - SPELL,0.3,False,0.02205,7.597,,0.26,1777858238
All Pools,Gil - DAI.e,0.3,False,0.02204,28.57,,0.07,1777858238
All Pools,Yellow - BLACK,0.3,False,0.02173,4.765,,0.42,1777858238
All Pools,HIGHER - AMI,0.3,False,0.02147,3.265,,0.6,1777858238
All Pools,DivineFeminine - AVAX,0.3,False,0.02131,6.13,,0.32,1777858238
All Pools,Psychic - NeatestQuackery,0.3,False,0.02046,316.16,,0.01,1777858238
All Pools,NeatestQuackery - AVAX,0.3,False,0.02043,284.96,,0.01,1777858238
All Pools,Mungo - AVAX,0.3,False,0.02042,40.72,,0.05,1777858238
All Pools,DéjàVu - Mungo,0.3,False,0.02037,182.1,,0.01,1777858238
All Pools,NOCHILL - REDWOLF,0.3,False,0.02021,3.501,,0.53,1777858238
All Pools,JOE - QI,0.3,False,0.02014,0.93698,,1.96,1777858238
All Pools,BENIS - NOCHILL,0.3,False,0.01976,4.869,,0.37,1777858238
All Pools,PNG - REDWOLF,0.3,False,0.01972,4.232,,0.43,1777858238
All Pools,Blue - BLACK,0.3,False,0.01963,4.784,,0.37,1777858238
All Pools,Who - BLACK,0.3,False,0.01961,4.734,,0.38,1777858238
All Pools,AVAX - Always,0.3,False,0.01948,0.58049,,3.06,1777858238
All Pools,wMEMO - AVAX,0.3,False,0.0194,13.59,,0.13,1777858238
All Pools,Hydrogen - BLACK,0.3,False,0.01904,4.78,,0.36,1777858238
All Pools,NineHundred - BLACK,0.3,False,0.01897,4.748,,0.36,1777858238
All Pools,Gladiator - AVAX,0.3,False,0.01817,3.667,,0.45,1777858238
All Pools,USDC.e - UST,0.3,False,0.01798,1.72,,0.95,1777858238
All Pools,Gladiator - AMI,0.3,False,0.01779,367.81,,0.0,1777858238
All Pools,Chrism - ChristMark,0.3,False,0.01747,179.3,,0.01,1777858238
All Pools,MAJIN - AVAX,0.3,False,0.01744,4327.78,,,1777858238
All Pools,Psychic - NineHundred,0.3,False,0.01735,72.9,,0.02,1777858238
All Pools,ELE - AVAX,0.3,False,0.01665,122.81,,0.01,1777858238
All Pools,DCAR - AVAX,0.3,False,0.01653,1.086,,1.39,1777858238
All Pools,aDXN - aXEN,0.3,False,0.01653,0.60415,,2.5,1777858238
All Pools,ElvisJackpot - Gravity,0.3,False,0.01633,19.03,,0.08,1777858238
All Pools,GRELF[ava] - AVAX,0.3,False,0.01632,1132.84,,0.0,1777858238
All Pools,BNZ - WINK,0.3,False,0.01626,0.47207,,3.14,1777858238
All Pools,REDWOLF - ODDZ,0.3,False,0.0162,1.53,,0.97,1777858238
All Pools,USDT.e - EXP,0.3,False,0.01607,44264947.0,,,1777858238
All Pools,AVAX - IMPACT,0.3,False,0.01584,6.168,,0.23,1777858238
All Pools,AVAX - BOBS,0.3,False,0.01557,5427.99,,,1777858238
All Pools,KLO - USDT.e,0.3,False,0.01536,5.653,,0.25,1777858238
All Pools,ORNG - JUICE,0.3,False,0.01514,2.748,,0.5,1777858238
All Pools,AVAX - COFI,0.3,False,0.01481,606.11,,0.0,1777858238
All Pools,QI - USDC.e,0.3,False,0.01479,0.80598,,1.67,1777858238
All Pools,OH - AVAX,0.3,False,0.01472,92.95,,0.01,1777858238
All Pools,COQ - COFI,0.3,False,0.01472,1.821,,0.74,1777858238
All Pools,GMX - USDC,0.3,False,0.01464,0.89246,,1.5,1777858238
All Pools,DUO - USDT.e,0.3,False,0.01456,7.315,,0.18,1777858238
All Pools,GAINS - BOBS,0.3,False,0.01456,2.225,,0.6,1777858238
All Pools,RUG - USDT.e,0.3,False,0.01455,14.78,,0.09,1777858238
All Pools,wALGO - USDC,0.3,False,0.01435,2.801,,0.47,1777858238
All Pools,wALGO - AVAX,0.3,False,0.01435,159.72,,0.01,1777858238
All Pools,AVAX - WSPP,0.3,False,0.0142,2.947,,0.44,1777858238
All Pools,Yule - Seventeen,0.3,False,0.01393,272.75,,0.0,1777858238
All Pools,AVAX - GG,0.3,False,0.01378,9.354,,0.13,1777858238
All Pools,MIM - GG,0.3,False,0.01378,291.41,,0.0,1777858238
All Pools,LINK.e - MU,0.3,False,0.01375,7.394,,0.17,1777858238
All Pools,WETH.e - meGNX,0.3,False,0.01355,6.551,,0.19,1777858238
All Pools,AVAX - LoveWins,0.3,False,0.01352,7.73,,0.16,1777858238
All Pools,FollowTheWhiteRabbit - LoveWins,0.3,False,0.01352,150.94,,0.01,1777858238
All Pools,USDT.e - TMT,0.3,False,0.01344,26.21,,0.05,1777858238
All Pools,AVAX - TMT,0.3,False,0.01343,7.097,,0.17,1777858238
All Pools,NOCHILL - MU,0.3,False,0.01343,2.181,,0.56,1777858238
All Pools,USDC.e - RUG,0.3,False,0.01329,24.9,,0.05,1777858238
All Pools,AVAX - EROL,0.3,False,0.01319,39.0,,0.03,1777858238
All Pools,KIMBO - COQ,0.3,False,0.01317,1.665,,0.72,1777858238
All Pools,Trinity - Yule,0.3,False,0.01312,1.43,,0.84,1777858238
All Pools,ChristMark - ChristIAmYou,0.3,False,0.01294,26.15,,0.05,1777858238
All Pools,BLACK - ChristIAmYou,0.3,False,0.0128,2.283,,0.51,1777858238
All Pools,COQ - ARENA,0.3,False,0.01274,1.208,,0.96,1777858238
All Pools,WBTC.e - USDC.e,0.3,False,0.01261,8.942,,0.13,1777858238
All Pools,GAINS - Degen,0.3,False,0.01254,2.011,,0.57,1777858238
All Pools,Degen - AVAX,0.3,False,0.0125,1984.02,,,1777858238
All Pools,Hydrogen - AVAX,0.3,False,0.01208,258.15,,0.0,1777858238
All Pools,JOE - ZUBAX,0.3,False,0.01146,9.027,,0.12,1777858238
All Pools,AVAX - QUASI,0.3,False,0.01123,582.71,,0.0,1777858238
All Pools,GAINS - QUASI,0.3,False,0.01118,1.392,,0.73,1777858238
All Pools,[i]Lluminati - BLACK,0.3,False,0.01114,2.309,,0.44,1777858238
All Pools,COQ - ZUM,0.3,False,0.01113,1.099,,0.92,1777858238
All Pools,ICUBE - USDT.e,0.3,False,0.0107,108.04,,0.01,1777858238
All Pools,ICUBE - AVAX,0.3,False,0.01069,6.311,,0.15,1777858238
All Pools,MIM - UNIV,0.3,False,0.01059,20.19,,0.05,1777858238
All Pools,UNIV - AVAX,0.3,False,0.01059,10.09,,0.1,1777858238
All Pools,Psychic - Turtle,0.3,False,0.01041,61.32,,0.02,1777858238
All Pools,Turtle - BLACK,0.3,False,0.01034,2.262,,0.42,1777858238
All Pools,USDC - USDT.e,0.3,False,0.01029,154.49,,0.01,1777858238
All Pools,MPL - USDt,0.3,False,0.01005,30.56,,0.03,1777858238
All Pools,MPL - AVAX,0.3,False,0.01005,6.091,,0.15,1777858238
All Pools,BENIS - AVAX,0.3,False,0.00998,15.37,,0.06,1777858238
All Pools,XIO - USDC,0.3,False,0.00998,24.51,,0.04,1777858238
All Pools,XIO - AVAX,0.3,False,0.00997,2.794,,0.33,1777858238
All Pools,WDAO - MIM,0.3,False,0.00986,23.34,,0.04,1777858238
All Pools,WDAO - AVAX,0.3,False,0.00986,19.43,,0.05,1777858238
All Pools,GG - AVAX,0.3,False,0.00973,12.21,,0.07,1777858238
All Pools,MIM - GG,0.3,False,0.00973,23.3,,0.04,1777858238
All Pools,Psychic - Numbers,0.3,False,0.00963,61.32,,0.01,1777858238
All Pools,Numbers - BLACK,0.3,False,0.00956,2.259,,0.39,1777858238
All Pools,Psychic - Luck,0.3,False,0.00952,61.33,,0.01,1777858238
All Pools,Psychic - Mirror,0.3,False,0.00949,61.29,,0.01,1777858238
All Pools,BLACK - Luck,0.3,False,0.00946,2.256,,0.38,1777858238
All Pools,USDT.e - AVVO,0.3,False,0.00945,4.01,,0.21,1777858238
All Pools,TRYB - USDC.e,0.3,False,0.00942,31.32,,0.03,1777858238
All Pools,Mirror - BLACK,0.3,False,0.00942,2.273,,0.38,1777858238
All Pools,SHERPA - AVAX,0.3,False,0.00936,129.32,,0.01,1777858238
All Pools,Trinity - FourFourFour,0.3,False,0.00936,4.867,,0.18,1777858238
All Pools,HIGHER - HOWDY,0.3,False,0.00935,1.504,,0.57,1777858238
All Pools,FourFourFour - BLACK,0.3,False,0.00933,6.06,,0.14,1777858238
All Pools,BANKSY - USDC.e,0.3,False,0.00911,31.19,,0.03,1777858238
All Pools,BANKSY - AVAX,0.3,False,0.00911,23.09,,0.04,1777858238
All Pools,KIMBO - AMI,0.3,False,0.009,4.265,,0.19,1777858238
All Pools,XAVA - HON,0.3,False,0.00894,1.861,,0.44,1777858238
All Pools,AVAX - TT,0.3,False,0.00872,1.914,,0.42,1777858238
All Pools,BTC.b - IMPACT,0.3,False,0.00862,0.62329,,1.26,1777858238
All Pools,KIWI - USDt,0.3,False,0.00859,20.35,,0.04,1777858238
All Pools,KIMBO - GAINS,0.3,False,0.00855,1.348,,0.58,1777858238
All Pools,Psychic - Finish,0.3,False,0.00831,61.28,,0.01,1777858238
All Pools,Psychic - Bonfire,0.3,False,0.00831,61.32,,0.01,1777858238
All Pools,Finish - BLACK,0.3,False,0.00827,2.272,,0.33,1777858238
All Pools,Bonfire - BLACK,0.3,False,0.00826,2.259,,0.33,1777858238
All Pools,GURS - NOCHILL,0.3,False,0.00821,1.953,,0.38,1777858238
All Pools,Psychic - WhoWhoWho,0.3,False,0.00805,61.29,,0.01,1777858238
All Pools,WhoWhoWho - BLACK,0.3,False,0.008,2.271,,0.32,1777858238
All Pools,Psychic - Thick,0.3,False,0.00797,61.3,,0.01,1777858238
All Pools,SatoshiNakamoto - Psychic,0.3,False,0.00795,61.32,,0.01,1777858238
All Pools,Psychic - Strength,0.3,False,0.00794,74.23,,0.01,1777858238
All Pools,Psychic - Alphabet,0.3,False,0.00793,61.33,,0.01,1777858238
All Pools,Psychic - Oracle,0.3,False,0.00791,61.32,,0.01,1777858238
All Pools,Thick - BLACK,0.3,False,0.00791,2.266,,0.32,1777858238
All Pools,AVAX - LODE,0.3,False,0.0079,1.014,,0.71,1777858238
All Pools,SatoshiNakamoto - BLACK,0.3,False,0.00789,2.258,,0.32,1777858238
All Pools,Alphabet - BLACK,0.3,False,0.00788,2.254,,0.32,1777858238
All Pools,Oracle - BLACK,0.3,False,0.00786,2.26,,0.32,1777858238
All Pools,Psychic - Codes,0.3,False,0.00777,61.33,,0.01,1777858238
All Pools,Psychic - PennyTrinity,0.3,False,0.00776,61.34,,0.01,1777858238
All Pools,Codes - BLACK,0.3,False,0.00771,2.255,,0.31,1777858238
All Pools,Psychic - Penny,0.3,False,0.00771,61.32,,0.01,1777858238
All Pools,PennyTrinity - BLACK,0.3,False,0.00771,2.252,,0.31,1777858238
All Pools,Penny - BLACK,0.3,False,0.00768,2.259,,0.31,1777858238
All Pools,RUGPULL - AVAX,0.3,False,0.00768,2.936,,0.24,1777858238
All Pools,MIM - RUG,0.3,False,0.00762,22.91,,0.03,1777858238
All Pools,MUMO - USDC,0.3,False,0.00761,8.219,,0.08,1777858238
All Pools,Psychic - Verse,0.3,False,0.00752,61.29,,0.01,1777858238
All Pools,Eye - Psychic,0.3,False,0.00751,61.32,,0.01,1777858238
All Pools,BLACK - Verse,0.3,False,0.00747,2.269,,0.3,1777858238
All Pools,USDT.e - BOREA,0.3,False,0.00747,26.44,,0.03,1777858238
All Pools,AVAX - BOREA,0.3,False,0.00746,6.612,,0.1,1777858238
All Pools,Eye - BLACK,0.3,False,0.00746,2.258,,0.3,1777858238
All Pools,Psychic - Gematria,0.3,False,0.00744,61.32,,0.01,1777858238
All Pools,MIM - AUSD,0.3,False,0.00742,34.81,,0.02,1777858238
All Pools,bECH - AVAX,0.3,False,0.00741,21.36,,0.03,1777858238
All Pools,BLACK - Gematria,0.3,False,0.00739,2.257,,0.3,1777858238
All Pools,KOVIN - AVAX,0.3,False,0.00735,3149.74,,,1777858238
All Pools,Psychic - Crypt,0.3,False,0.00724,61.27,,0.01,1777858238
All Pools,FINANCE - NOCHILL,0.3,False,0.00723,484.14,,0.0,1777858238
All Pools,USDt - IMPACT,0.3,False,0.00722,3.326,,0.2,1777858238
All Pools,Crypt - BLACK,0.3,False,0.0072,2.275,,0.29,1777858238
All Pools,Psychic - OneOneOne,0.3,False,0.00718,61.32,,0.01,1777858238
All Pools,USDC - OK,0.3,False,0.00718,1.185,,0.55,1777858238
All Pools,Psychic - Architect,0.3,False,0.00716,61.32,,0.01,1777858238
All Pools,USDR - USDC,0.3,False,0.00716,41.02,,0.02,1777858238
All Pools,Psychic - daVinci,0.3,False,0.00714,61.31,,0.01,1777858238
All Pools,OneOneOne - BLACK,0.3,False,0.00713,2.259,,0.29,1777858238
All Pools,Psychic - Gematria,0.3,False,0.00713,61.32,,0.01,1777858238
All Pools,Psychic - RefZip,0.3,False,0.00712,61.31,,0.01,1777858238
All Pools,Architect - BLACK,0.3,False,0.00712,2.258,,0.29,1777858238
All Pools,Psychic - Qubit,0.3,False,0.0071,61.28,,0.01,1777858238
All Pools,daVinci - BLACK,0.3,False,0.00709,2.261,,0.29,1777858238
All Pools,Psychic - Blessings,0.3,False,0.00708,61.28,,0.01,1777858238
All Pools,Gematria - BLACK,0.3,False,0.00708,2.258,,0.29,1777858238
All Pools,Psychic - Solved,0.3,False,0.00708,61.32,,0.01,1777858238
All Pools,RefZip - BLACK,0.3,False,0.00707,2.261,,0.29,1777858238
All Pools,Psychic - IAmThatIAm,0.3,False,0.00706,61.32,,0.01,1777858238
All Pools,Qubit - BLACK,0.3,False,0.00706,2.274,,0.28,1777858238
All Pools,FLOT - AVAX,0.3,False,0.00705,4253.9,,,1777858238
All Pools,Psychic - Confusion,0.3,False,0.00705,61.32,,0.01,1777858238
All Pools,Blessings - BLACK,0.3,False,0.00704,2.273,,0.28,1777858238
All Pools,Solved - BLACK,0.3,False,0.00703,2.258,,0.28,1777858238
All Pools,Psychic - TwinFlames,0.3,False,0.00703,62.01,,0.01,1777858238
All Pools,BLACK - IAmThatIAm,0.3,False,0.00702,2.257,,0.28,1777858238
All Pools,SaintGermain - BLACK,0.3,False,0.00701,2.463,,0.26,1777858238
All Pools,FLOT - COQ,0.3,False,0.00701,0.77436,,0.83,1777858238
All Pools,AUSD - HUSKY,0.3,False,0.00701,0.75714,,0.84,1777858238
All Pools,Confusion - BLACK,0.3,False,0.007,2.258,,0.28,1777858238
All Pools,Psychic - TrumpCard,0.3,False,0.00699,61.33,,0.01,1777858238
All Pools,Psychic - Hydrogen,0.3,False,0.00699,81.74,,0.01,1777858238
All Pools,BLACK - TwinFlames,0.3,False,0.00698,2.291,,0.28,1777858238
All Pools,Choice - Psychic,0.3,False,0.00698,61.29,,0.01,1777858238
All Pools,Psychic - YouAndI,0.3,False,0.00694,61.31,,0.01,1777858238
All Pools,TrumpCard - BLACK,0.3,False,0.00694,2.254,,0.28,1777858238
All Pools,Choice - BLACK,0.3,False,0.00694,2.269,,0.28,1777858238
All Pools,YouAndI - BLACK,0.3,False,0.00691,2.26,,0.28,1777858238
All Pools,Loyalty - Psychic,0.3,False,0.00686,61.28,,0.01,1777858238
All Pools,Loyalty - BLACK,0.3,False,0.00683,2.272,,0.27,1777858238
All Pools,SUB - AVAX,0.3,False,0.00682,20.51,,0.03,1777858238
All Pools,Psychic - BiTonic,0.3,False,0.00681,61.32,,0.01,1777858238
All Pools,Psychic - TheArcher,0.3,False,0.00681,61.32,,0.01,1777858238
All Pools,Psychic - Artemis,0.3,False,0.00678,61.27,,0.01,1777858238
All Pools,BiTonic - BLACK,0.3,False,0.00677,2.256,,0.27,1777858238
All Pools,TheArcher - BLACK,0.3,False,0.00676,2.259,,0.27,1777858238
All Pools,Artemis - BLACK,0.3,False,0.00673,2.278,,0.27,1777858238
All Pools,Psychic - Six,0.3,False,0.00657,61.32,,0.01,1777858238
All Pools,Psychic - Nine,0.3,False,0.00654,61.3,,0.01,1777858238
All Pools,Six - BLACK,0.3,False,0.00653,2.259,,0.26,1777858238
All Pools,USDt - USDC.e,0.3,False,0.00653,14.19,,0.04,1777858238
All Pools,Psychic - ElmoSunkGematria,0.3,False,0.00652,61.33,,0.01,1777858238
All Pools,Spider - Psychic,0.3,False,0.0065,61.28,,0.01,1777858238
All Pools,BLACK - Nine,0.3,False,0.0065,2.266,,0.26,1777858238
All Pools,Psychic - Zero,0.3,False,0.00648,61.3,,0.01,1777858238
All Pools,BLACK - ElmoSunkGematria,0.3,False,0.00648,2.254,,0.26,1777858238
All Pools,Spider - BLACK,0.3,False,0.00646,2.273,,0.26,1777858238
All Pools,WETH.e - MU,0.3,False,0.00644,2.047,,0.29,1777858238
All Pools,Zero - BLACK,0.3,False,0.00644,2.267,,0.26,1777858238
All Pools,Psychic - Lock,0.3,False,0.00631,61.3,,0.01,1777858238
All Pools,ABC - AMI,0.3,False,0.00629,3.892,,0.15,1777858238
All Pools,BTC.b - MUMO,0.3,False,0.00629,4.771,,0.12,1777858238
All Pools,Lock - BLACK,0.3,False,0.00627,2.266,,0.25,1777858238
All Pools,Psychic - KekiusMaximus,0.3,False,0.0062,61.32,,0.01,1777858238
All Pools,Psychic - Time,0.3,False,0.00619,61.32,,0.01,1777858238
All Pools,Psychic - SevenSevenSeven,0.3,False,0.00617,61.33,,0.01,1777858238
All Pools,KekiusMaximus - BLACK,0.3,False,0.00616,2.258,,0.25,1777858238
All Pools,Time - BLACK,0.3,False,0.00616,2.256,,0.25,1777858238
All Pools,SevenSevenSeven - BLACK,0.3,False,0.00614,2.256,,0.25,1777858238
All Pools,Psychic - BirthingCode,0.3,False,0.0061,61.32,,0.01,1777858238
All Pools,Flection - Psychic,0.3,False,0.00607,61.32,,0.01,1777858238
All Pools,BirthingCode - BLACK,0.3,False,0.00606,2.256,,0.25,1777858238
All Pools,Flection - BLACK,0.3,False,0.00603,2.256,,0.24,1777858238
All Pools,Psychic - LordJesusChrist,0.3,False,0.00602,58.74,,0.01,1777858238
All Pools,Psychic - Diamonds,0.3,False,0.006,61.32,,0.01,1777858238
All Pools,LordJesusChrist - BLACK,0.3,False,0.00599,2.178,,0.25,1777858238
All Pools,Diamonds - BLACK,0.3,False,0.00596,2.257,,0.24,1777858238
All Pools,KLO - AVAX,0.3,False,0.00595,14722.0,,,1777858238
All Pools,SYN - REDWOLF,0.3,False,0.00594,2.558,,0.21,1777858238
All Pools,MELT - USDC.e,0.3,False,0.00593,6.995,,0.08,1777858238
All Pools,MELT - AVAX,0.3,False,0.00592,1122.14,,,1777858238
All Pools,Psychic - Happy,0.3,False,0.0059,61.32,,0.01,1777858238
All Pools,USDT.e - GOT,0.3,False,0.00589,12.83,,0.04,1777858238
All Pools,AVAX - GOT,0.3,False,0.00588,5.206,,0.1,1777858238
All Pools,Happy - BLACK,0.3,False,0.00587,2.254,,0.24,1777858238
All Pools,USDC.e - WOLF,0.3,False,0.00585,8.737,,0.06,1777858238
All Pools,AVAX - WOLF,0.3,False,0.00584,73.22,,0.01,1777858238
All Pools,GURS - HOWDY,0.3,False,0.00581,1.85,,0.29,1777858238
All Pools,Psychic - [In]finity,0.3,False,0.00579,61.3,,0.01,1777858238
All Pools,[In]finity - BLACK,0.3,False,0.00576,2.265,,0.23,1777858238
All Pools,LUNA - USDC,0.3,False,0.00574,1.395,,0.38,1777858238
All Pools,AVAX - NADO,0.3,False,0.00572,7.695,,0.07,1777858238
All Pools,MIM - NADO,0.3,False,0.00572,1161.41,,,1777858238
All Pools,BNZ - AVAX,0.3,False,0.0057,61.49,,0.01,1777858238
All Pools,WETH.e - JOE,0.3,False,0.00567,0.03721,,13.9,1777858238
All Pools,Psychic - Alice,0.3,False,0.00566,61.29,,0.01,1777858238
All Pools,Psychic - WhoWho,0.3,False,0.00566,61.32,,0.01,1777858238
All Pools,Psychic - Sequence,0.3,False,0.00564,61.33,,0.01,1777858238
All Pools,BLACK - Alice,0.3,False,0.00563,2.266,,0.23,1777858238
All Pools,WhoWho - BLACK,0.3,False,0.00561,2.255,,0.23,1777858238
All Pools,Sequence - BLACK,0.3,False,0.00561,2.253,,0.23,1777858238
All Pools,KIMBO - KOVIN,0.3,False,0.00559,5.263,,0.1,1777858238
All Pools,NOCHILL - WAIFU,0.3,False,0.00549,162.34,,0.0,1777858238
All Pools,Psychic - Partment,0.3,False,0.00548,61.3,,0.01,1777858238
All Pools,BLACK - Partment,0.3,False,0.00545,2.263,,0.22,1777858238
All Pools,GAINS - KONG,0.3,False,0.00542,0.74212,,0.67,1777858238
All Pools,AVAX - AMONKS,0.3,False,0.0054,1574.01,,,1777858238
All Pools,REDWOLF - AMONKS,0.3,False,0.00539,7.149,,0.07,1777858238
All Pools,Psychic - Chrism,0.3,False,0.00534,63.53,,0.01,1777858238
All Pools,WETH - AVAX,0.3,False,0.00525,1.323,,0.36,1777858238
All Pools,Psychic - Line,0.3,False,0.00524,62.09,,0.01,1777858238
All Pools,Psychic - Who,0.3,False,0.00522,61.33,,0.01,1777858238
All Pools,Line - BLACK,0.3,False,0.00521,1.949,,0.24,1777858238
All Pools,ZUM - NOCHILL,0.3,False,0.0052,1.247,,0.38,1777858238
All Pools,Who - BLACK,0.3,False,0.00519,2.253,,0.21,1777858238
All Pools,WETH.e - BTCBR,0.3,False,0.00512,0.05955,,7.85,1777858238
All Pools,JOE - USDt,0.3,False,0.00511,0.83965,,0.55,1777858238
All Pools,Psychic - Ups,0.3,False,0.00509,61.33,,0.01,1777858238
All Pools,MIM - LIFE,0.3,False,0.00508,66.81,,0.01,1777858238
All Pools,LIFE - AVAX,0.3,False,0.00508,7.176,,0.06,1777858238
All Pools,JOE - aXEN,0.3,False,0.00507,0.23559,,1.96,1777858238
All Pools,JOE - CRA,0.3,False,0.00506,10.88,,0.04,1777858238
All Pools,BLACK - Ups,0.3,False,0.00506,2.252,,0.21,1777858238
All Pools,CRA - AVAX,0.3,False,0.00505,9945.42,,,1777858238
All Pools,COQ - EGG,0.3,False,0.00501,0.57901,,0.79,1777858238
All Pools,GAINS - DWC,0.3,False,0.005,0.96318,,0.47,1777858238
All Pools,AVAX - DWC,0.3,False,0.00499,5949.49,,,1777858238
All Pools,GLOBA - AVAX,0.3,False,0.00499,50.59,,0.01,1777858238
All Pools,Milk - USDT.e,0.3,False,0.00498,14.43,,0.03,1777858238
All Pools,Milk - AVAX,0.3,False,0.00498,6.58,,0.07,1777858238
All Pools,USDC.e - SPADE,0.3,False,0.00494,16.13,,0.03,1777858238
All Pools,AVAX - SPADE,0.3,False,0.00494,6.004,,0.08,1777858238
All Pools,3ULL - AVAX,0.3,False,0.00485,46.73,,0.01,1777858238
All Pools,GLOBA - DAI.e,0.3,False,0.00477,52.06,,0.01,1777858238
All Pools,GAINS - BAWLS,0.3,False,0.00469,0.9113,,0.47,1777858238
All Pools,BAWLS - AVAX,0.3,False,0.00467,16.24,,0.03,1777858238
All Pools,HIGHER - NOCHILL,0.3,False,0.00457,0.34416,,1.21,1777858238
All Pools,AAVE.e - USDT.e,0.3,False,0.00449,2.581,,0.16,1777858238
All Pools,COQ - SHEN,0.3,False,0.00449,0.48254,,0.85,1777858238
All Pools,LUNA - USDt,0.3,False,0.00448,1.323,,0.31,1777858238
All Pools,SHEN - AVAX,0.3,False,0.00442,56.18,,0.01,1777858238
All Pools,XETA - AVAX,0.3,False,0.00441,0.24987,,1.61,1777858238
All Pools,ARENA - MU,0.3,False,0.00434,3.295,,0.12,1777858238
All Pools,gOHM - JOE,0.3,False,0.0043,3.913,,0.1,1777858238
All Pools,SYN - USDC.e,0.3,False,0.00427,1.201,,0.32,1777858238
All Pools,GAINS - KOVIN,0.3,False,0.0042,0.63759,,0.6,1777858238
All Pools,Psychic - Number,0.3,False,0.00419,61.34,,0.01,1777858238
All Pools,Psychic - Vampire,0.3,False,0.00418,61.33,,0.01,1777858238
All Pools,Psychic - Aquarius,0.3,False,0.00417,61.29,,0.01,1777858238
All Pools,BEAM - MU,0.3,False,0.00416,1.073,,0.35,1777858238
All Pools,Number - BLACK,0.3,False,0.00416,2.248,,0.17,1777858238
All Pools,Vampire - BLACK,0.3,False,0.00414,2.252,,0.17,1777858238
All Pools,Aquarius - BLACK,0.3,False,0.00413,2.265,,0.17,1777858238
All Pools,SBR - AVAX,0.3,False,0.00407,7.236,,0.05,1777858238
All Pools,MIM - SBR,0.3,False,0.00407,39.56,,0.01,1777858238
All Pools,WOLF - USDT.e,0.3,False,0.00402,4.053,,0.09,1777858238
All Pools,WOLF - AVAX,0.3,False,0.00401,69.81,,0.01,1777858238
All Pools,Psychic - TrueStory,0.3,False,0.00397,61.33,,0.01,1777858238
All Pools,TrueStory - BLACK,0.3,False,0.00393,2.251,,0.16,1777858238
All Pools,Psychic - Seminole,0.3,False,0.00389,61.28,,0.01,1777858238
All Pools,MIM - WOHM,0.3,False,0.00387,85.76,,0.0,1777858238
All Pools,AVAX - WOHM,0.3,False,0.00386,3.345,,0.11,1777858238
All Pools,Psychic - PoPo,0.3,False,0.00386,61.33,,0.01,1777858238
All Pools,Seminole - BLACK,0.3,False,0.00384,2.268,,0.15,1777858238
All Pools,Psychic - James,0.3,False,0.00382,61.34,,0.01,1777858238
All Pools,PoPo - BLACK,0.3,False,0.00382,2.251,,0.15,1777858238
All Pools,GURS - AMI,0.3,False,0.00382,1.98,,0.18,1777858238
All Pools,LUNA - USDC,0.3,False,0.00382,0.12947,,2.69,1777858238
All Pools,Psychic - FinityFinity,0.3,False,0.0038,61.33,,0.01,1777858238
All Pools,EHCNALAVA - AVAX,0.3,False,0.00379,1496.39,,,1777858238
All Pools,KIMBO - EHCNALAVA,0.3,False,0.00379,2.834,,0.12,1777858238
All Pools,James - BLACK,0.3,False,0.00378,2.248,,0.15,1777858238
All Pools,FinityFinity - BLACK,0.3,False,0.00377,2.249,,0.15,1777858238
All Pools,WINK - AMI,0.3,False,0.00375,0.11714,,2.92,1777858238
All Pools,Psychic - QuetzalCoatl,0.3,False,0.00373,61.33,,0.01,1777858238
All Pools,AVAX - BAVA,0.3,False,0.00371,11.25,,0.03,1777858238
All Pools,QuetzalCoatl - BLACK,0.3,False,0.00369,2.251,,0.15,1777858238
All Pools,AVAX - OK,0.3,False,0.00368,1.934,,0.17,1777858238
All Pools,WETH.e - USDR,0.3,False,0.00368,2.782,,0.12,1777858238
All Pools,YEEHAW - AMI,0.3,False,0.00367,9.422,,0.04,1777858238
All Pools,GAINS - TECH,0.3,False,0.00366,0.60993,,0.55,1777858238
All Pools,GMX - JOE,0.3,False,0.00363,0.41669,,0.79,1777858238
All Pools,GMX - USDt,0.3,False,0.0036,0.36998,,0.89,1777858238
All Pools,GATOR - AMI,0.3,False,0.00358,4.457,,0.07,1777858238
All Pools,Psychic - Checkmate,0.3,False,0.00351,61.46,,0.01,1777858238
All Pools,AVAX - USDR,0.3,False,0.00348,2.957,,0.11,1777858238
All Pools,GG - AVAX,0.3,False,0.00347,0.15869,,2.0,1777858238
All Pools,Psychic - Equal,0.3,False,0.00347,61.33,,0.01,1777858238
All Pools,BTCBR - USDC,0.3,False,0.00347,0.20023,,1.58,1777858238
All Pools,Checkmate - BLACK,0.3,False,0.00346,2.257,,0.14,1777858238
All Pools,Psychic - Abracadabra,0.3,False,0.00345,61.3,,0.01,1777858238
All Pools,WETH.e - STATIK,0.3,False,0.00345,1.348,,0.23,1777858238
All Pools,Equal - BLACK,0.3,False,0.00344,2.252,,0.14,1777858238
All Pools,Abracadabra - BLACK,0.3,False,0.00342,2.261,,0.14,1777858238
All Pools,Psychic - PlotTwist,0.3,False,0.00341,62.69,,0.0,1777858238
All Pools,AVXT - POLAR,0.3,False,0.00341,0.44179,,0.7,1777858238
All Pools,3ULL - USDt,0.3,False,0.0034,2.508,,0.12,1777858238
All Pools,PlotTwist - BLACK,0.3,False,0.00338,2.3,,0.13,1777858238
All Pools,Psychic - KatzJoel,0.3,False,0.00325,61.3,,0.0,1777858238
All Pools,KatzJoel - BLACK,0.3,False,0.00322,2.262,,0.13,1777858238
All Pools,NXPC - USDC,0.3,False,0.00321,0.71318,,0.41,1777858238
All Pools,Psychic - Hexagon,0.3,False,0.00318,61.32,,0.0,1777858238
All Pools,Hexagon - BLACK,0.3,False,0.00314,2.254,,0.13,1777858238
All Pools,HCT - AVAX,0.3,False,0.00314,3.334,,0.09,1777858238
All Pools,NOCHILL - ARENA,0.3,False,0.00309,0.43753,,0.64,1777858238
All Pools,JOE - REDWOLF,0.3,False,0.00303,3.922,,0.07,1777858238
All Pools,USDC.e - TT,0.3,False,0.00297,2.003,,0.14,1777858238
All Pools,DCAU - DCAR,0.3,False,0.00296,0.28496,,0.95,1777858238
All Pools,PNG - USDT.e,0.3,False,0.00276,0.88658,,0.28,1777858238
All Pools,SB - DAI.e,0.3,False,0.00275,0.12804,,1.96,1777858238
All Pools,XOMB - USDT.e,0.3,False,0.00273,2.408,,0.1,1777858238
All Pools,XOMB - AVAX,0.3,False,0.00273,21.23,,0.01,1777858238
All Pools,MU - SOL,0.3,False,0.0027,1.318,,0.19,1777858238
All Pools,MIM - EDG,0.3,False,0.00263,7.828,,0.03,1777858238
All Pools,AVAX - EDG,0.3,False,0.00263,3.102,,0.08,1777858238
All Pools,xJOE - AVAX,0.3,False,0.00263,2.736,,0.09,1777858238
All Pools,BUSD - USDT.e,0.3,False,0.00262,0.07777,,3.08,1777858238
All Pools,USDT.e - NORTH,0.3,False,0.00259,26.63,,0.01,1777858238
All Pools,AVAX - NORTH,0.3,False,0.00258,2.093,,0.11,1777858238
All Pools,ARENA - AMI,0.3,False,0.00256,1.377,,0.17,1777858238
All Pools,BGLD - USDT.e,0.3,False,0.00253,16.93,,0.01,1777858238
All Pools,BGLD - AVAX,0.3,False,0.00252,4.337,,0.05,1777858238
All Pools,ARENA - JUICY,0.3,False,0.00245,0.03335,,6.71,1777858238
All Pools,USDT.e - iBONE,0.3,False,0.00245,4.8,,0.05,1777858238
All Pools,AVAX - iBONE,0.3,False,0.00245,5.366,,0.04,1777858238
All Pools,BSGG - AVAX,0.3,False,0.0024,3.82,,0.06,1777858238
All Pools,KOKSAL - USDC,0.3,False,0.00239,4.738,,0.05,1777858238
All Pools,KOKSAL - AVAX,0.3,False,0.00239,3.481,,0.06,1777858238
All Pools,MIM - VYBE,0.3,False,0.00228,3.716,,0.06,1777858238
All Pools,AVAX - VYBE,0.3,False,0.00228,3.236,,0.06,1777858238
All Pools,TEDDY - AVAX,0.3,False,0.00226,16.68,,0.01,1777858238
All Pools,Psychic - Self,0.3,False,0.00222,63.34,,0.0,1777858238
All Pools,Self - BLACK,0.3,False,0.0022,0.99288,,0.2,1777858238
All Pools,YEEHAW - HIGHER,0.3,False,0.00219,0.44899,,0.44,1777858238
All Pools,STG - JOE,0.3,False,0.00218,0.16597,,1.2,1777858238
All Pools,XPOW - USDt,0.3,False,0.00216,1.387,,0.14,1777858238
All Pools,XPOW - AVAX,0.3,False,0.00216,117.67,,0.0,1777858238
All Pools,JPYC - AVAX,0.3,False,0.00199,0.27275,,0.67,1777858238
All Pools,WITCH - USDC,0.3,False,0.00196,1.714,,0.1,1777858238
All Pools,WITCH - AVAX,0.3,False,0.00195,2.735,,0.07,1777858238
All Pools,GATOR - ARENA,0.3,False,0.00195,1.94,,0.09,1777858238
All Pools,SYN - USDT.e,0.3,False,0.00193,0.64267,,0.27,1777858238
All Pools,DUA - USDC,0.3,False,0.00192,11.53,,0.02,1777858238
All Pools,AVAX - DUA,0.3,False,0.00192,2.046,,0.09,1777858238
All Pools,WLRS - USDC,0.3,False,0.00191,4.025,,0.04,1777858238
All Pools,AKA - USDt,0.3,False,0.0019,2.917,,0.06,1777858238
All Pools,AKA - AVAX,0.3,False,0.0019,2.241,,0.08,1777858238
All Pools,USDC - MU,0.3,False,0.00189,0.34288,,0.5,1777858238
All Pools,HOWDY - KONG,0.3,False,0.00188,0.41888,,0.41,1777858238
All Pools,LIRA - BUSD,0.3,False,0.00184,0.08209,,2.05,1777858238
All Pools,SYN - WETH.e,0.3,False,0.0018,0.66265,,0.25,1777858238
All Pools,GGP - JUICY,0.3,False,0.0018,0.0342,,4.8,1777858238
All Pools,USDC.e - XAVA,0.3,False,0.0018,0.35943,,0.46,1777858238
All Pools,USDC - COSMIC,0.3,False,0.00179,54.18,,0.0,1777858238
All Pools,AVAX - COSMIC,0.3,False,0.00179,1.236,,0.13,1777858238
All Pools,GAINS - Always,0.3,False,0.00174,0.10365,,1.53,1777858238
All Pools,TokenZ - USDC,0.3,False,0.00171,3.767,,0.04,1777858238
All Pools,TokenZ - AVAX,0.3,False,0.00171,2.372,,0.07,1777858238
All Pools,MIM - PAR,0.3,False,0.0017,1.892,,0.08,1777858238
All Pools,AVAX - PAR,0.3,False,0.0017,2.342,,0.07,1777858238
All Pools,HERESY - MEOW,0.3,False,0.00167,0.27594,,0.55,1777858238
All Pools,sAVAX - USDC,0.3,False,0.00167,0.52925,,0.29,1777858238
All Pools,AVAX - MUG,0.3,False,0.00164,1.195,,0.13,1777858238
All Pools,AMI - EROL,0.3,False,0.0016,0.67291,,0.22,1777858238
All Pools,Balln - AMI,0.3,False,0.0016,0.60139,,0.24,1777858238
All Pools,RAIN - AVAX,0.3,False,0.00157,20.07,,0.01,1777858238
All Pools,TSD - AVAX,0.3,False,0.00157,319.44,,,1777858238
All Pools,COQ - RAIN,0.3,False,0.00156,0.18409,,0.77,1777858238
All Pools,BTC.b - MUG,0.3,False,0.00156,0.8839,,0.16,1777858238
All Pools,MIM - ICE,0.3,False,0.0015,0.9807,,0.14,1777858238
All Pools,AVAX - ICE,0.3,False,0.0015,147.39,,,1777858238
All Pools,EGG - USDT.e,0.3,False,0.00149,1.957,,0.07,1777858238
All Pools,EGG - AVAX,0.3,False,0.00149,1.663,,0.08,1777858238
All Pools,3ULL - USDC,0.3,False,0.00145,0.64844,,0.2,1777858238
All Pools,Anon - USDC,0.3,False,0.00141,1.02,,0.13,1777858238
All Pools,TIME - SPELL,0.3,False,0.00138,0.82483,,0.15,1777858238
All Pools,CANS - AMI,0.3,False,0.00135,0.22643,,0.54,1777858238
All Pools,MIM - TEMPO,0.3,False,0.00132,6.657,,0.02,1777858238
All Pools,TEMPO - AVAX,0.3,False,0.00132,1.058,,0.11,1777858238
All Pools,HUSKY - SNOWY,0.3,False,0.00131,0.43403,,0.27,1777858238
All Pools,QI - SNOWY,0.3,False,0.0013,0.7986,,0.15,1777858238
All Pools,TT - DAI.e,0.3,False,0.00129,1.914,,0.06,1777858238
All Pools,UST - WINE,0.3,False,0.00129,0.8675,,0.14,1777858238
All Pools,AVAX - WINE,0.3,False,0.00128,0.65926,,0.18,1777858238
All Pools,Naughty - HIGHER,0.3,False,0.00127,0.44745,,0.26,1777858238
All Pools,Naughty - AVAX,0.3,False,0.00126,236.37,,,1777858238
All Pools,GURS - MEAT,0.3,False,0.00125,0.03267,,3.48,1777858238
All Pools,PTOP1200 - TOPIA,0.3,False,0.00117,101.32,,0.0,1777858238
All Pools,SNTA - MIM,0.3,False,0.00114,0.98903,,0.1,1777858238
All Pools,ZUM - MEOW,0.3,False,0.00111,0.18064,,0.56,1777858238
All Pools,Balln - HOWDY,0.3,False,0.00106,0.30232,,0.32,1777858238
All Pools,JOE - aDXN,0.3,False,0.00106,0.82463,,0.12,1777858238
All Pools,JOE - CNR,0.3,False,0.00106,1.043,,0.09,1777858238
All Pools,COQ - BOBS,0.3,False,0.00106,0.11903,,0.81,1777858238
All Pools,MUME - USDC,0.3,False,0.00106,0.0844,,1.14,1777858238
All Pools,LIRA - USDt,0.3,False,0.00103,0.07429,,1.27,1777858238
All Pools,GURS - UNIQOC,0.3,False,,0.40822,,0.22,1777858238
All Pools,AVAX - KEESH,0.3,False,,1282.55,,,1777858238
All Pools,COQ - KEESH,0.3,False,,0.11941,,0.74,1777858238
All Pools,AAVE.e - USDC.e,0.3,False,,1.25,,0.07,1777858238
All Pools,RD - USDC.e,0.3,False,,7.097,,0.01,1777858238
All Pools,QI - USDC,0.3,False,,0.08815,,0.96,1777858238
All Pools,weETH - AVAX,0.3,False,,0.37766,,0.22,1777858238
All Pools,ROCO - USDT.e,0.3,False,,0.08453,,0.96,1777858238
All Pools,JOE - AVE,0.3,False,,1.78,,0.04,1777858238
All Pools,LAMA - AVAX,0.3,False,,11671.0,,,1777858238
All Pools,USDC - DAI.e,0.3,False,,2.015,,0.04,1777858238
All Pools,LAMA - JUICY,0.3,False,,0.01587,,4.87,1777858238
All Pools,AVAX - RUG,0.3,False,,0.52902,,0.15,1777858238
All Pools,COQ - BMC,0.3,False,,0.0942,,0.8,1777858238
All Pools,USDC - NXUSD,0.3,False,,3.485,,0.02,1777858238
All Pools,Always - KONG,0.3,False,,0.04233,,1.76,1777858238
All Pools,AVAX - NXUSD,0.3,False,,0.48225,,0.15,1777858238
All Pools,SeventeenSeventyFive - BLACK,0.3,False,,0.54244,,0.14,1777858238
All Pools,WhoLovesYou - BLACK,0.3,False,,0.54184,,0.14,1777858238
All Pools,GAINS - MEOW,0.3,False,,0.21109,,0.34,1777858238
All Pools,BUSD - MU,0.3,False,,0.02574,,2.72,1777858238
All Pools,MIM - WBTC.e,0.3,False,,0.0558,,1.23,1777858238
All Pools,COQ - USDt,0.3,False,,0.05322,,1.21,1777858238
All Pools,USDT.e - CORN,0.3,False,,156.89,,,1777858238
All Pools,MAD - AVAX,0.3,False,,12.19,,0.01,1777858238
All Pools,COQ - MAD,0.3,False,,0.06054,,1.04,1777858238
All Pools,MUMO - AVAX,0.3,False,,0.17732,,0.35,1777858238
All Pools,3AC - NOCHILL,0.3,False,,0.18035,,0.34,1777858238
All Pools,JEWEL - AVAX,0.3,False,,0.22063,,0.28,1777858238
All Pools,CGS - USDC,0.3,False,,0.17764,,0.34,1777858238
All Pools,MUMO - MU,0.3,False,,0.60746,,0.1,1777858238
All Pools,MIM - sTHO,0.3,False,,498.63,,,1777858238
All Pools,WETH.e - MUi,0.3,False,,0.03011,,1.85,1777858238
All Pools,MUME - BUSD,0.3,False,,0.02818,,1.85,1777858238
All Pools,WETH.e - ETHM,0.3,False,,0.4977,,0.1,1777858238
All Pools,ETHM - USDC.e,0.3,False,,0.47789,,0.11,1777858238
All Pools,DoloresCannon - BLACK,0.3,False,,0.54162,,0.09,1777858238
All Pools,meGNX - aAvaAAVE,0.3,False,,0.03398,,1.37,1777858238
All Pools,AAVE.e - BTCBR,0.3,False,,0.20243,,0.23,1777858238
All Pools,MUME - USDC.e,0.3,False,,0.55187,,0.08,1777858238
All Pools,HUSKY - aXEN,0.3,False,,0.07066,,0.61,1777858238
All Pools,MUi - WINK,0.3,False,,0.01637,,2.54,1777858238
All Pools,YEEHAW - MU,0.3,False,,0.285,,0.14,1777858238
All Pools,YEEHAW - ARENA,0.3,False,,2.316,,0.02,1777858238
All Pools,AVAX - BIFI,0.3,False,,232.95,,,1777858238
All Pools,HUSKY - SMRTr,0.3,False,,0.06885,,0.59,1777858238
All Pools,BINGO - AVAX,0.3,False,,1825.63,,,1777858238
All Pools,COQ - BINGO,0.3,False,,0.03053,,1.31,1777858238
All Pools,USDT.e - TUSK,0.3,False,,0.15138,,0.24,1777858238
All Pools,AVAX - TUSK,0.3,False,,2.462,,0.01,1777858238
All Pools,WETH.e - FEED,0.3,False,,0.07165,,0.48,1777858238
All Pools,SHOE - COQ,0.3,False,,0.03652,,0.85,1777858238
All Pools,HUSKY - TRESR,0.3,False,,0.05058,,0.59,1777858238
All Pools,UNI.e - AVAX,0.3,False,,0.03107,,0.96,1777858238
All Pools,COQ - STRAMI,0.3,False,,0.03617,,0.81,1777858238
All Pools,BLZZ - USDT.e,0.3,False,,0.12999,,0.22,1777858238
All Pools,BLZZ - AVAX,0.3,False,,7781.48,,,1777858238
All Pools,GENI - USDC.e,0.3,False,,0.12161,,0.24,1777858238
All Pools,GEGGS - AVAX,0.3,False,,0.04036,,0.66,1777858238
All Pools,ROCO - SMRT,0.3,False,,0.02538,,1.01,1777858238
All Pools,AVAX - EGS,0.3,False,,910.19,,,1777858238
All Pools,COQ - EGS,0.3,False,,0.02162,,1.04,1777858238
All Pools,USDC - PENDLE,0.3,False,,0.04475,,0.49,1777858238
All Pools,USDT.e - SPRT,0.3,False,,0.09392,,0.23,1777858238
All Pools,AVAX - SPRT,0.3,False,,54.22,,,1777858238
All Pools,BANG - AVAX,0.3,False,,0.56095,,0.04,1777858238
All Pools,BANG - COQ,0.3,False,,0.02547,,0.82,1777858238
All Pools,USDC - MUME,0.3,False,,0.04482,,0.46,1777858238
All Pools,MUME - MU,0.3,False,,0.74483,,0.03,1777858238
All Pools,AVAX - SQRCAT,0.3,False,,5906.95,,,1777858238
All Pools,COQ - SQRCAT,0.3,False,,0.02689,,0.69,1777858238
All Pools,Always - AMI,0.3,False,,0.00779,,2.38,1777858238
All Pools,LAMBO - AVAX,0.3,False,,0.00828,,2.19,1777858238
All Pools,Now - AVAX,0.3,False,,0.02879,,0.59,1777858238
All Pools,Now - BLACK,0.3,False,,0.19234,,0.09,1777858238
All Pools,DYP - AVAX,0.3,False,,68.03,,,1777858238
All Pools,COQ - CANS,0.3,False,,0.01307,,1.16,1777858238
All Pools,Quet - WETH.e,0.3,False,,0.02381,,0.63,1777858238
All Pools,Quet - AVAX,0.3,False,,0.14608,,0.1,1777858238
All Pools,ABOB - AVAX,0.3,False,,819.37,,,1777858238
All Pools,COQ - ABOB,0.3,False,,0.01551,,0.91,1777858238
All Pools,WETH.e - GMX,0.3,False,,0.03195,,0.44,1777858238
All Pools,AVAX - MOANI,0.3,False,,0.00135,,10.29,1777858238
All Pools,JOE - AMI,0.3,False,,0.25468,,0.05,1777858238
All Pools,MUi - MU,0.3,False,,0.08293,,0.16,1777858238
All Pools,COQ - MUi,0.3,False,,0.01599,,0.8,1777858238
All Pools,WETH.e - LINK.e,0.3,False,,0.14577,,0.09,1777858238
All Pools,MUi - LINK.e,0.3,False,,0.0173,,0.72,1777858238
All Pools,AVAX - ncash,0.3,False,,0.00912,,1.35,1777858238
All Pools,$Td - AMI,0.3,False,,40.54,,,1777858238
All Pools,$Td - NICK,0.3,False,,0.00192,,5.26,1777858238
All Pools,SHEN - REDWOLF,0.3,False,,0.00309,,2.78,1777858238
All Pools,COQ - MUG,0.3,False,,0.00522,,1.53,1777858238
All Pools,UST - USDT.e,0.3,False,,0.00981,,0.76,1777858238
All Pools,LAMBO - ROTI,0.3,False,,0.24875,,0.02,1777858238
All Pools,AVAX - DOG,0.3,False,,67.72,,,1777858238
All Pools,GURS - DOG,0.3,False,,,,5.39,1777858238
All Pools,GURS - COQ,0.3,False,,0.00486,,0.85,1777858238
All Pools,aAvaWAVAX - AVAX,0.3,False,,0.25465,,0.0,1777858238
All Pools,FATE - USDC,0.3,False,,606920.0,,,1777858238
All Pools,MIM - JOE,0.3,False,,0.00727,,,1777858238
All Pools,SaintGermain - WhoLovesYou,0.3,False,0.0,0.0,0.0,0.0,1777858238
All Pools,[i]Lluminati - Chrism,0.3,False,0.0,0.0,0.0,0.0,1777858238
All Pools,ElvisJackpot - SaintGermain,0.3,False,0.0,0.0,0.0,0.0,1777858238
All Pools,DoloresCannon - SaintGermain,0.3,False,0.0,0.0,0.0,0.0,1777858238
All Pools,SeventeenSeventyFive - SaintGermain,0.3,False,0.0,0.0,0.0,0.0,1777858238
All Pools,AUSD - USDC,0.01,False,10121471.0,4182867.0,1012.2,8.83,1777861818
All Pools,AUSD - USDt,0.01,False,10095989.0,3453524.0,1009.65,10.67,1777861818
All Pools,AVAX - USDC,0.05,False,2389219.0,3839918.0,1261.42,11.99,1777861818
All Pools,BTC.b - USDC,0.05,False,278306.0,802775.0,142.8,6.49,1777861818
All Pools,USDC.e - O3,0.3,False,225259.0,345312700.0,563.15,0.06,1777861818
All Pools,AVAX - USDC,0.2,False,52415.0,203999.0,105.22,18.83,1777861818
All Pools,GUN - AVAX,0.25,False,47258.0,125977.0,122.18,35.4,1777861818
All Pools,sAVAX - AVAX,0.01,False,46248.0,187139.0,4.63,0.9,1777861818
All Pools,GUN - AVAX,0.1,False,40116.0,39696.0,42.97,39.51,1777861818
All Pools,ARENA - AVAX,0.01,False,39709.0,176373.0,3.97,0.82,1777861818
All Pools,USDC - XAVA,0.3,False,36389.0,614898.0,90.97,5.4,1777861818
All Pools,NXPC - AVAX,0.3,False,32588.0,239471.0,81.47,12.42,1777861818
All Pools,AVAX - BTC.b,0.05,False,29851.0,580296.0,15.71,0.99,1777861818
All Pools,USDt - USDC,0.005,False,20159.0,694134.0,1.411,0.07,1777861818
All Pools,USDT.e - USDC,0.02,False,19340.0,48825.0,3.872,2.89,1777861818
All Pools,DAI.e - USDC,0.02,False,19147.0,29613.0,3.676,4.53,1777861818
All Pools,WBTC - BTC.b,0.03,False,17536.0,83475.0,5.327,2.33,1777861818
All Pools,COQ - AVAX,0.3,False,14723.0,613649.0,36.81,2.19,1777861818
All Pools,QI - AVAX,0.3,False,14279.0,245764.0,35.7,5.3,1777861818
All Pools,FOLKS - AVAX,0.25,False,13630.0,34605.0,34.73,36.64,1777861818
All Pools,AVAX - USDt,0.2,False,13493.0,130230.0,27.16,7.61,1777861818
All Pools,AVAX - USDT.e,0.3,False,10951.0,554062.0,27.38,1.8,1777861818
All Pools,MIM - AVAX,0.3,False,9666.57,564534.0,24.17,1.56,1777861818
All Pools,AVAX - USDC,0.3,False,9492.04,407533.0,23.73,2.13,1777861818
All Pools,JOE - AVAX,0.3,False,8904.59,529668.0,22.26,1.53,1777861818
All Pools,AAVE.e - AVAX,0.3,False,8830.02,305188.0,22.08,2.64,1777861818
All Pools,USDC.e - AVAX,0.3,False,8742.46,431843.0,21.86,1.85,1777861818
All Pools,USDT.e - USDt,0.02,False,8182.06,44142.0,1.638,1.35,1777861818
All Pools,XAUt0 - USDt,0.04,False,7915.92,39002.0,3.488,3.26,1777861818
All Pools,WBTC.e - BTC.b,0.03,False,6148.67,330150.0,1.89,0.21,1777861818
All Pools,JOE - USDC.e,0.3,False,5465.65,341476.0,13.66,1.46,1777861818
All Pools,EURC - USDC,0.03,False,4308.96,13134.0,1.417,3.94,1777861818
All Pools,LCPEDU - USDt,0.8,False,3918.87,9626335.0,62.83,0.24,1777861818
All Pools,ORNG - AVAX,0.3,False,3073.39,27924.0,7.683,10.04,1777861818
All Pools,FLD - AVAX,0.3,False,2827.94,52272.0,7.07,4.94,1777861818
All Pools,JPYC - USDC,0.04,False,2431.34,4478.65,1.528,12.45,1777861818
All Pools,BEAM - AVAX,0.3,False,2410.04,94727.0,6.025,2.32,1777861818
All Pools,WETH.e - AVAX,0.3,False,2366.66,500953.0,5.917,0.43,1777861818
All Pools,BEAM - AVAX,0.25,False,2163.66,20148.0,5.451,9.87,1777861818
All Pools,DAI.e - USDC,0.02,False,2084.22,2410.86,0.40307,6.1,1777861818
All Pools,HEFE - AVAX,0.3,False,1980.13,21048.0,4.95,8.58,1777861818
All Pools,BEAM - USDC,0.3,False,1953.86,72621.0,4.885,2.46,1777861818
All Pools,XAVA - AVAX,0.8,False,1684.72,226233.0,13.58,2.19,1777861818
All Pools,USDT.e - USDC,0.02,False,1655.92,884.26,0.16996,7.02,1777861818
All Pools,SOL - AVAX,0.3,False,1621.55,437966.0,4.054,0.34,1777861818
All Pools,WBTC.e - AVAX,0.3,False,1613.2,173835.0,4.033,0.85,1777861818
All Pools,ZRO - AVAX,0.25,False,1514.61,2261.16,11.74,189.57,1777861818
All Pools,USDt - USDC,0.01,False,1507.33,181423.0,0.12053,0.02,1777861818
All Pools,JOE - USDT.e,0.3,False,1274.17,68331.0,3.185,1.7,1777861818
All Pools,SolvBTC - BTC.b,0.04,False,1258.36,246771.0,1.091,0.16,1777861818
All Pools,BTC.b - AVAX,0.3,False,1246.42,143116.0,3.116,0.79,1777861818
All Pools,XAVA - AVAX,0.25,False,1246.42,3173.48,3.153,36.26,1777861818
All Pools,AVAX - avUSD,0.25,False,1213.95,2330.19,3.051,47.78,1777861818
All Pools,USDt - AVAX,0.3,False,1169.87,45198.0,2.925,2.36,1777861818
All Pools,AVAX - JUICE,0.3,False,1001.01,16015.0,2.503,5.7,1777861818
All Pools,SIERRA - USDC,0.1,False,994.7,39741.0,0.99564,0.91,1777861818
All Pools,AUSD - AVAX,0.1,False,991.7,39401.0,1.011,0.94,1777861818
All Pools,SHRAP - AVAX,0.8,False,956.29,13249.0,9.661,26.61,1777861818
All Pools,LINK.e - AVAX,0.3,False,944.36,48870.0,2.361,1.76,1777861818
All Pools,JOE - USDC,0.3,False,826.75,40651.0,2.067,1.86,1777861818
All Pools,AVAX - ALVA,0.3,False,772.01,1254.06,1.93,56.17,1777861818
All Pools,MUON - AVAX,0.3,False,726.62,47200.0,1.817,1.4,1777861818
All Pools,AVAX - DAI.e,0.3,False,719.95,34323.0,1.8,1.91,1777861818
All Pools,USDt - INFRA.e,0.3,False,536.2,24389.0,1.341,2.01,1777861818
All Pools,GOC - AVAX,0.3,False,526.67,0.19991,1.317,240395.66,1777861818
All Pools,NXUSD - WXT,0.3,False,504.27,779035.0,1.261,0.06,1777861818
All Pools,AVAX - XAVA,0.3,False,467.85,16103.0,1.17,2.65,1777861818
All Pools,WETH.e - USDC,0.15,False,459.4,10048.0,0.69706,2.53,1777861818
All Pools,sAVAX - JACK,0.3,False,456.98,293220.0,1.142,0.14,1777861818
All Pools,SB - AVAX,0.3,False,456.43,7005.31,1.141,5.95,1777861818
All Pools,AARB - AVAX,0.3,False,439.33,0.18258,1.098,219569.54,1777861818
All Pools,ARC - AVAX,0.3,False,439.02,0.18251,1.098,219490.99,1777861818
All Pools,UTAO - AVAX,0.3,False,433.74,0.18142,1.084,218156.88,1777861818
All Pools,NOCHILL - AVAX,0.3,False,391.66,90656.0,0.97916,0.39,1777861818
All Pools,JOE - AVAX,0.25,False,390.73,11346.0,0.9838,3.16,1777861818
All Pools,XSEED - AVAX,0.3,False,376.1,12408.0,0.94024,2.77,1777861818
All Pools,w3ULL - AVAX,0.3,False,371.52,65425.0,0.92881,0.52,1777861818
All Pools,QI - AVAX,0.25,False,306.66,15134.0,0.76834,1.85,1777861818
All Pools,UST - AVAX,0.3,False,287.06,7780.88,0.71765,3.37,1777861818
All Pools,AVAX - UST,0.3,False,271.2,9032.98,0.67801,2.74,1777861818
All Pools,HUNDRED - USDC,0.3,False,218.56,521219.0,0.5464,0.04,1777861818
All Pools,MIM - SB,0.3,False,195.88,5771.53,0.4897,3.1,1777861818
All Pools,XETA - USDC,0.3,False,191.68,6451.04,0.4792,2.71,1777861818
All Pools,APIX - ID,0.3,False,189.73,24825.0,0.47432,0.7,1777861818
All Pools,STG - USDC,0.3,False,177.6,1473.55,0.44401,11.0,1777861818
All Pools,AVAX - JUICY,0.3,False,172.09,3030.16,0.43023,5.18,1777861818
All Pools,WETH.e - USDC.e,0.3,False,160.1,12434.0,0.40024,1.17,1777861818
All Pools,WBTC.e - BTC.b,0.03,False,145.35,686.95,0.06417,3.41,1777861818
All Pools,GMX - AVAX,0.3,False,138.53,4971.8,0.34633,2.54,1777861818
All Pools,HERESY - AVAX,0.3,False,137.25,21916.0,0.34313,0.57,1777861818
All Pools,ALOT - AVAX,0.3,False,134.86,228970.0,0.33715,0.05,1777861818
All Pools,YAK - AVAX,0.3,False,127.63,112231.0,0.31908,0.1,1777861818
All Pools,AVAX - CLY,0.3,False,127.47,59901.0,0.31867,0.19,1777861818
All Pools,USDC.e - USDC,0.3,False,125.25,484232.0,0.31311,0.02,1777861818
All Pools,APIX - USDt,0.3,False,124.49,6926.45,0.31124,1.64,1777861818
All Pools,MEAT - AVAX,0.3,False,121.11,5380.22,0.30277,2.05,1777861818
All Pools,SOL - AVAX,0.1,False,108.76,1082.22,0.11271,3.8,1777861818
All Pools,KIMBO - AVAX,0.3,False,108.39,64393.0,0.27098,0.15,1777861818
All Pools,PTOP800 - AVAX,0.1,False,89.72,603.4,0.09004,5.45,1777861818
All Pools,STG - AVAX,0.3,False,87.59,1471.91,0.21898,5.43,1777861818
All Pools,EVO - AVAX,0.3,False,86.05,13747.0,0.21512,0.57,1777861818
All Pools,PTOP800 - USDC,0.1,False,80.28,655.79,0.08072,4.49,1777861818
All Pools,GGP - AVAX,0.3,False,74.96,92627.0,0.1874,0.07,1777861818
All Pools,MIM - USDt,0.03,False,70.21,9.649,0.02265,85.67,1777861818
All Pools,PRIME - AVAX,0.4,False,70.0,109602.0,0.88946,0.3,1777861818
All Pools,LUNA - USDC.e,0.3,False,68.36,885.66,0.1709,7.04,1777861818
All Pools,gOHM - AVAX,0.3,False,65.24,141436.0,0.1631,0.04,1777861818
All Pools,PTOP1100 - AVAX,0.1,False,64.48,363.27,0.06484,6.51,1777861818
All Pools,PTOP1100 - USDC,0.1,False,62.69,666.82,0.06281,3.44,1777861818
All Pools,JOE - AVAX,0.15,False,61.07,69710.0,0.09381,0.05,1777861818
All Pools,APIX - USDC,0.3,False,59.16,3460.75,0.14791,1.56,1777861818
All Pools,FITFI - USDT.e,0.3,False,56.3,376.07,0.14074,13.66,1777861818
All Pools,SWORLD - AVAX,0.3,False,49.38,7030.7,0.12346,0.64,1777861818
All Pools,CDK - AVAX,0.25,False,48.94,5701.58,0.19133,1.22,1777861818
All Pools,CAT - AVAX,0.3,False,46.43,1910.21,0.11609,2.22,1777861818
All Pools,AVAX - RISE,0.3,False,45.82,59923.0,0.11455,0.07,1777861818
All Pools,APIX - ARENA,0.3,False,43.14,2354.91,0.10785,1.67,1777861818
All Pools,PTOP1200 - AVAX,0.1,False,33.47,681.42,0.0335,1.79,1777861818
All Pools,PTOP1200 - USDC,0.1,False,33.05,196.74,0.03325,6.17,1777861818
All Pools,GUN - BLSEYE🎯,0.3,False,31.39,952.55,0.07847,3.01,1777861818
All Pools,gOHM - FRAX,0.3,False,30.38,3611.92,0.07596,0.77,1777861818
All Pools,GENI - USDC,0.3,False,29.66,1490.02,0.07416,1.82,1777861818
All Pools,HUSKY - AVAX,0.3,False,26.68,3706.74,0.0667,0.66,1777861818
All Pools,BLSEYE🎯 - AVAX,0.3,False,26.52,6047.53,0.06629,0.4,1777861818
All Pools,USDt - ncash,0.3,False,26.0,1141.34,0.06499,2.08,1777861818
All Pools,PNG - AVAX,0.3,False,23.45,1069.36,0.05864,2.0,1777861818
All Pools,UST - USDC.e,0.3,False,22.62,758.65,0.05656,2.72,1777861818
All Pools,Balln - AVAX,0.3,False,21.85,4301.33,0.05462,0.46,1777861818
All Pools,GLCH - AVAX,0.3,False,21.76,0.20057,0.0544,9899.19,1777861818
All Pools,GURS - AVAX,0.3,False,21.65,7649.7,0.05413,0.26,1777861818
All Pools,KINGSHIT - AVAX,0.3,False,21.62,1.835,0.05404,1074.83,1777861818
All Pools,PTOP800 - BTC.b,0.1,False,21.28,1002.8,0.02256,0.82,1777861818
All Pools,GUN - AVAX,0.3,False,19.71,446.39,0.04927,4.03,1777861818
All Pools,ROCO - AVAX,0.3,False,19.64,1297.43,0.04911,1.38,1777861818
All Pools,BOOTY - AVAX,0.3,False,19.12,2135.55,0.04781,0.82,1777861818
All Pools,BLIZZ - AVAX,0.3,False,18.75,878.58,0.04687,1.95,1777861818
All Pools,BOI - AVAX,0.3,False,18.66,73.05,0.04665,23.31,1777861818
All Pools,AVAX - FRAX,0.3,False,18.35,1022.85,0.04587,1.64,1777861818
All Pools,HAT - AVAX,0.3,False,17.93,9654.36,0.04484,0.17,1777861818
All Pools,MIM - WETH.e,0.3,False,17.25,1473.41,0.04313,1.07,1777861818
All Pools,POLAR - AVAX,0.3,False,17.12,1847.6,0.0428,0.85,1777861818
All Pools,MEOW - AVAX,0.3,False,15.58,10527.0,0.03895,0.14,1777861818
All Pools,CAPY - ARENA,0.3,False,15.41,31592.0,0.03852,0.04,1777861818
All Pools,BUSD - AVAX,0.3,False,15.29,424.25,0.03824,3.29,1777861818
All Pools,COQ - AVAX,0.8,False,14.65,10326.0,0.11775,0.42,1777861818
All Pools,SECOND - AVAX,0.3,False,14.06,1787.49,0.03515,0.72,1777861818
All Pools,SECOND - USDC,0.3,False,14.06,7260.23,0.03514,0.18,1777861818
All Pools,ZRO - AVAX,0.3,False,14.02,199.96,0.03506,6.4,1777861818
All Pools,Psychic - AVAX,0.3,False,13.79,1193.55,0.03448,1.05,1777861818
All Pools,APIX - LAMBO,0.3,False,13.75,556.98,0.03437,2.25,1777861818
All Pools,AVAX - DOMI,0.3,False,13.6,17522.0,0.034,0.07,1777861818
All Pools,RGOGLZ - USDC,0.3,False,13.54,1601.5,0.03385,0.77,1777861818
All Pools,HATCHY - AVAX,0.3,False,13.51,9849.27,0.03377,0.13,1777861818
All Pools,TECH - AVAX,0.3,False,13.47,14263.0,0.03368,0.09,1777861818
All Pools,SHRAP - DOMI,0.3,False,12.92,305.67,0.0323,3.86,1777861818
All Pools,ORNG - JUCI,0.3,False,12.91,509.56,0.03227,2.31,1777861818
All Pools,USDt - USDC,0.02,False,12.77,2230.29,0.00256,0.04,1777861818
All Pools,MAI - AVAX,0.3,False,12.48,1834.49,0.0312,0.62,1777861818
All Pools,XROSS - ORNG,0.3,False,12.07,484.87,0.03018,2.27,1777861818
All Pools,Ush - AVAX,0.3,False,10.84,2841.85,0.02709,0.35,1777861818
All Pools,ORNG - MOOM,0.3,False,10.71,405.26,0.02676,2.41,1777861818
All Pools,DCAU - AVAX,0.3,False,10.6,1280.06,0.02649,0.76,1777861818
All Pools,AVAX - GEC,0.3,False,10.57,36271.0,0.02644,0.03,1777861818
All Pools,DATCM - ORNG,0.3,False,10.28,491.69,0.02571,1.91,1777861818
All Pools,AVAX - HON,0.3,False,10.21,90964.0,0.02553,0.01,1777861818
All Pools,COMET - AVAX,0.3,False,10.19,492.41,0.02549,1.89,1777861818
All Pools,YOU - ORNG,0.3,False,10.19,3251.51,0.02548,0.29,1777861818
All Pools,agEUR - USDC,0.3,False,10.18,63.91,0.02545,14.54,1777861818
All Pools,AVAXAI - USDC,0.3,False,10.12,1723.59,0.0253,0.54,1777861818
All Pools,DCAU - USDT.e,0.3,False,10.1,5350.88,0.02525,0.17,1777861818
All Pools,SYN - AVAX,0.3,False,9.989,2737.61,0.02497,0.33,1777861818
All Pools,Psychic - XAUt0,0.3,False,9.822,7038.57,0.02455,0.13,1777861818
All Pools,EGG - AVAX,0.3,False,9.566,23272.0,0.02392,0.04,1777861818
All Pools,STRZ - AVAX,0.3,False,9.168,27.85,0.02292,30.04,1777861818
All Pools,BLSEYE🎯 - ARENA,0.3,False,8.799,1177.17,0.022,0.68,1777861818
All Pools,MYST - AVAX,0.3,False,8.68,919.09,0.0217,0.86,1777861818
All Pools,KINGSHIT - AVAX,0.3,False,8.355,5018.94,0.02089,0.15,1777861818
All Pools,UST - USDC,0.3,False,8.083,483.42,0.02021,1.53,1777861818
All Pools,ORNG - SAI,0.3,False,7.053,306.87,0.01763,2.1,1777861818
All Pools,USDC.e - DAI.e,0.3,False,6.809,22825.0,0.01702,0.03,1777861818
All Pools,USDC.e - USDT.e,0.3,False,6.51,40431.0,0.01628,0.01,1777861818
All Pools,ORNG - FLUX,0.3,False,6.288,359.76,0.01572,1.59,1777861818
All Pools,FITFI - AVAX,0.3,False,6.16,39.84,0.0154,14.11,1777861818
All Pools,WINK - AVAX,0.3,False,5.966,87.86,0.01491,6.2,1777861818
All Pools,AVAX - PEFI,0.3,False,5.069,4548.59,0.01267,0.1,1777861818
All Pools,YUSD - AVAX,0.3,False,4.937,135.32,0.01234,3.33,1777861818
All Pools,COQ - COQAI,0.3,False,4.899,27817.0,0.01225,0.02,1777861818
All Pools,AVAX - SPELL,0.3,False,4.725,2789.29,0.01181,0.15,1777861818
All Pools,AVAX - ELK,0.3,False,4.586,1730.77,0.01146,0.24,1777861818
All Pools,avUSD - sAVAX,0.3,False,4.346,266.56,0.01086,1.49,1777861818
All Pools,USDt - USDT.e,0.3,False,4.184,20401.0,0.01046,0.02,1777861818
All Pools,BLS - USDt,0.3,False,4.147,120.27,0.01037,3.15,1777861818
All Pools,Psychic - BLACK,0.3,False,3.95,469.38,0.00987,0.77,1777861818
All Pools,3QF - D - AVAX,0.3,False,3.707,1779.14,0.00927,0.19,1777861818
All Pools,3QF - D - WETH.e,0.3,False,3.696,3155.55,0.00924,0.11,1777861818
All Pools,Gravity - BLACK,0.3,False,3.351,1074.58,0.00838,0.28,1777861818
All Pools,AVAX - aXEN,0.3,False,3.195,77.86,0.00799,3.74,1777861818
All Pools,REDWOLF - AVAX,0.3,False,3.104,506.79,0.00776,0.56,1777861818
All Pools,MYST - USDC,0.3,False,3.092,257.82,0.00773,1.09,1777861818
All Pools,LINK.e - USDT.e,0.3,False,2.962,234.82,0.00741,1.15,1777861818
All Pools,GUDVBZ - AVAX,0.3,False,2.902,451.83,0.00726,0.59,1777861818
All Pools,BLSEYE🎯 - BEAM,0.3,False,2.881,346.14,0.0072,0.76,1777861818
All Pools,BTC.b - TOPIA,0.3,False,2.854,313.04,0.00714,0.83,1777861818
All Pools,USDT.e - CLY,0.3,False,2.851,263.19,0.00713,0.99,1777861818
All Pools,MIM - USDC.e,0.3,False,2.792,2006.28,0.00698,0.13,1777861818
All Pools,FollowTheWhiteRabbit - BLACK,0.3,False,2.772,1183.62,0.00693,0.21,1777861818
All Pools,SWIFT - USDC.e,0.3,False,2.658,544.05,0.00665,0.45,1777861818
All Pools,ISA - USDC.e,0.3,False,2.625,492.54,0.00656,0.49,1777861818
All Pools,COQ - BLSEYE🎯,0.3,False,2.563,214.54,0.00641,1.09,1777861818
All Pools,AVAX - PENDLE,0.3,False,2.541,7702.56,0.00635,0.03,1777861818
All Pools,Trinity - BLACK,0.3,False,2.528,567.12,0.00632,0.41,1777861818
All Pools,ISA - AVAX,0.3,False,2.499,1475.32,0.00625,0.15,1777861818
All Pools,PNG - JOE,0.3,False,2.45,174.27,0.00613,1.28,1777861818
All Pools,WETH - USDC.e,0.3,False,2.435,230.66,0.00609,0.96,1777861818
All Pools,APOW - AVAX,0.3,False,2.344,1090.66,0.00586,0.2,1777861818
All Pools,YAK - USDC.e,0.3,False,2.259,221.97,0.00565,0.93,1777861818
All Pools,Now - BLACK,0.3,False,2.159,444.0,0.0054,0.44,1777861818
All Pools,Trinity - AVAX,0.3,False,2.117,1042.38,0.00529,0.19,1777861818
All Pools,LINK.e - USDC.e,0.3,False,2.024,196.08,0.00506,0.94,1777861818
All Pools,67 - AVAX,0.3,False,2.022,26.32,0.00505,7.01,1777861818
All Pools,JPYC - USDC,0.3,False,2.017,350.8,0.00504,0.52,1777861818
All Pools,LUNA - AVAX,0.3,False,2.012,22.3,0.00503,8.23,1777861818
All Pools,AAVE.e - REDWOLF,0.3,False,1.993,164.33,0.00498,1.11,1777861818
All Pools,SVETA - AVAX,0.3,False,1.97,1407.13,0.00493,0.13,1777861818
All Pools,SWIFT - WETH.e,0.3,False,1.963,1652.27,0.00491,0.11,1777861818
All Pools,LUNA - USDC.e,0.3,False,1.942,329.44,0.00486,0.54,1777861818
All Pools,MaryMagdalene - AVAX,0.3,False,1.923,225.94,0.00481,0.78,1777861818
All Pools,AVAX - FRAX,0.3,False,1.875,274.72,0.00469,0.62,1777861818
All Pools,DPS - AVAX,0.3,False,1.818,224.81,0.00454,0.74,1777861818
All Pools,DPS - USDC,0.3,False,1.818,1953.98,0.00454,0.08,1777861818
All Pools,AVAX - USDT,0.3,False,1.808,2015.45,0.00452,0.08,1777861818
All Pools,WETH.e - USDT.e,0.3,False,1.785,168.78,0.00446,0.97,1777861818
All Pools,CATWIF - AVAX,0.3,False,1.743,3293.19,0.00436,0.05,1777861818
All Pools,USDC - SHRAP,0.3,False,1.731,29.17,0.00433,5.42,1777861818
All Pools,FollowTheWhiteRabbit - AVAX,0.3,False,1.702,166.09,0.00425,0.94,1777861818
All Pools,GENI - AVAX,0.3,False,1.692,74.96,0.00423,2.06,1777861818
All Pools,SHOE - AVAX,0.3,False,1.683,666.71,0.00421,0.23,1777861818
All Pools,PIZZA - AVAX,0.3,False,1.671,516.06,0.00418,0.3,1777861818
All Pools,USDT.e - DAI.e,0.3,False,1.666,7336.96,0.00417,0.02,1777861818
All Pools,Gravity - AVAX,0.3,False,1.649,341.35,0.00412,0.44,1777861818
All Pools,SHOE - BTC.b,0.3,False,1.633,848.53,0.00408,0.18,1777861818
All Pools,REDWOLF - USDC,0.3,False,1.603,204.24,0.00401,0.72,1777861818
All Pools,BRO - AVAX,0.3,False,1.588,140151.0,0.00397,0.0,1777861818
All Pools,BRO - COQ,0.3,False,1.581,206.67,0.00395,0.7,1777861818
All Pools,HUSKY - JOE,0.3,False,1.4,185.94,0.0035,0.69,1777861818
All Pools,UST - USDT.e,0.3,False,1.332,42.95,0.00333,2.83,1777861818
All Pools,MAGICK - AVAX,0.3,False,1.319,358.87,0.0033,0.34,1777861818
All Pools,MAGICK - USDC,0.3,False,1.318,242.14,0.0033,0.5,1777861818
All Pools,JOE - USDT,0.3,False,1.301,367.59,0.00325,0.32,1777861818
All Pools,KLO - AVAX,0.3,False,1.293,14893.0,0.00323,0.01,1777861818
All Pools,SWIFT - AVAX,0.3,False,1.291,311.53,0.00323,0.38,1777861818
All Pools,XAUt0 - Gravity,0.3,False,1.234,401.26,0.00308,0.28,1777861818
All Pools,APOW - USDC,0.3,False,1.214,169.81,0.00304,0.65,1777861818
All Pools,USDC.e - AVVO,0.3,False,1.183,252.47,0.00296,0.43,1777861818
All Pools,CAI - AVAX,0.3,False,1.171,1812.0,0.00293,0.06,1777861818
All Pools,USDC.e - MU,0.3,False,1.137,13576.0,0.00284,0.01,1777861818
All Pools,APOW - USDt,0.3,False,1.13,169.33,0.00282,0.61,1777861818
All Pools,FXS - AVAX,0.3,False,1.115,444.78,0.00279,0.23,1777861818
All Pools,AVAX - ONION,0.3,False,1.105,184.35,0.00276,0.55,1777861818
All Pools,sAVAX - COQ,0.3,False,1.024,94.51,0.00256,0.99,1777861818
All Pools,LF - AVAX,0.3,False,1.0,294.95,0.0025,0.31,1777861818
All Pools,MIM - LF,0.3,False,0.99995,913.46,0.0025,0.1,1777861818
All Pools,rloop - AVAX,0.3,False,0.99149,6311.55,0.00248,0.01,1777861818
All Pools,USDT.e - ONION,0.3,False,0.99113,777.93,0.00248,0.12,1777861818
All Pools,AVAX - $SICKO,0.3,False,0.9861,10.03,0.00247,8.97,1777861818
All Pools,ROY - AVAX,0.3,False,0.96256,5011.18,0.00241,0.02,1777861818
All Pools,AVAX - IMPACT2,0.3,False,0.90955,171.2,0.00227,0.48,1777861818
All Pools,VPND - AVAX,0.3,False,0.90859,25696.0,0.00227,0.0,1777861818
All Pools,MaryMagdalene - XAUt0,0.3,False,0.90443,1946.17,0.00226,0.04,1777861818
All Pools,AVAX - AMI,0.3,False,0.90185,545.69,0.00225,0.15,1777861818
All Pools,SMRTr - AVAX,0.3,False,0.87739,37019.0,0.00219,0.0,1777861818
All Pools,SMRTr - USDC.e,0.3,False,0.87674,126.55,0.00219,0.63,1777861818
All Pools,XAUt0 - Now,0.3,False,0.85555,713.89,0.00214,0.11,1777861818
All Pools,MIM - PEFI,0.3,False,0.84961,205.92,0.00212,0.38,1777861818
All Pools,LUNA - AVAX,0.3,False,0.83893,144.61,0.0021,0.53,1777861818
All Pools,AVAX - SHRAP,0.3,False,0.80188,18.43,0.002,3.97,1777861818
All Pools,KIWI - AVAX,0.3,False,0.7923,117.09,0.00198,0.62,1777861818
All Pools,GUN - AMI,0.3,False,0.77583,22.46,0.00194,3.15,1777861818
All Pools,KIWI - USDC,0.3,False,0.77415,311.78,0.00194,0.23,1777861818
All Pools,FTOMB - AVAX,0.3,False,0.76118,10083.0,0.0019,0.01,1777861818
All Pools,WBTC.e - USDT.e,0.3,False,0.75583,174.46,0.00189,0.4,1777861818
All Pools,YETI - AVAX,0.3,False,0.75555,933.95,0.00189,0.07,1777861818
All Pools,WETH.e - ONION,0.3,False,0.74942,277.73,0.00187,0.25,1777861818
All Pools,TRESR - AVAX,0.3,False,0.74487,14851.0,0.00186,0.0,1777861818
All Pools,WBTC.e - ONION,0.3,False,0.74179,414.04,0.00185,0.16,1777861818
All Pools,BLS - SHRAP,0.3,False,0.73292,10.37,0.00183,6.45,1777861818
All Pools,DAI.e - ONION,0.3,False,0.72036,355.99,0.0018,0.18,1777861818
All Pools,Trinity - Psychic,0.3,False,0.70399,549.01,0.00176,0.12,1777861818
All Pools,AVAX - KONG,0.3,False,0.69118,7444.09,0.00173,0.01,1777861818
All Pools,AVAX - TIME,0.3,False,0.68515,1221.21,0.00171,0.05,1777861818
All Pools,USDC.e - ONION,0.3,False,0.67116,390.25,0.00168,0.16,1777861818
All Pools,Now - AVAX,0.3,False,0.65524,268.11,0.00164,0.22,1777861818
All Pools,GAINS - AVAX,0.3,False,0.6162,40.66,0.00154,1.38,1777861818
All Pools,DCAU - USDC,0.3,False,0.61319,152.28,0.00153,0.37,1777861818
All Pools,AVAX - MU,0.3,False,0.60322,89.93,0.00151,0.61,1777861818
All Pools,USDC - SDOG,0.3,False,0.60216,485.45,0.00151,0.11,1777861818
All Pools,CANS - AVAX,0.3,False,0.59496,12.94,0.00149,4.2,1777861818
All Pools,LadyMary - AVAX,0.3,False,0.58857,366.86,0.00147,0.15,1777861818
All Pools,USDC - SPT,0.3,False,0.58683,40.97,0.00147,1.31,1777861818
All Pools,DCAR - USDC,0.3,False,0.58661,55.8,0.00147,0.96,1777861818
All Pools,AVAX - AVVO,0.3,False,0.58516,305.54,0.00146,0.17,1777861818
All Pools,BANKSY - AVAX,0.3,False,0.58296,174.31,0.00146,0.31,1777861818
All Pools,BANKSY - USDT.e,0.3,False,0.58274,1561.8,0.00146,0.03,1777861818
All Pools,MONEY - AVAX,0.3,False,0.57594,630.29,0.00144,0.08,1777861818
All Pools,AVAX - ARENA,0.3,False,0.56247,81.65,0.00141,0.63,1777861818
All Pools,LadyMary - FollowTheWhiteRabbit,0.3,False,0.56163,650.1,0.0014,0.08,1777861818
All Pools,HUSKY - AMI,0.3,False,0.55309,87.03,0.00138,0.58,1777861818
All Pools,DREGG - AVAX,0.3,False,0.55176,181.62,0.00138,0.28,1777861818
All Pools,DREGG - USDT.e,0.3,False,0.55138,548.7,0.00138,0.09,1777861818
All Pools,USDT.e - MU,0.3,False,0.55086,256.55,0.00138,0.2,1777861818
All Pools,COQ - JUICE,0.3,False,0.54102,48.84,0.00135,1.01,1777861818
All Pools,AVAX - TheGospelOfMary,0.3,False,0.53441,158.83,0.00134,0.31,1777861818
All Pools,USDC - GAU,0.3,False,0.51916,12293.0,0.0013,0.0,1777861818
All Pools,AMPL - AVAX,0.3,False,0.51174,343.89,0.00128,0.14,1777861818
All Pools,MM - USDC,0.3,False,0.4879,84.64,0.00122,0.53,1777861818
All Pools,MIM - TIME,0.3,False,0.48657,122.95,0.00122,0.36,1777861818
All Pools,GOOD - AVAX,0.3,False,0.48647,151.53,0.00122,0.29,1777861818
All Pools,MM - AVAX,0.3,False,0.486,135.67,0.00121,0.33,1777861818
All Pools,USDC.e - WXT,0.3,False,0.48541,292.13,0.00121,0.15,1777861818
All Pools,HEFE - GAINS,0.3,False,0.47629,5.759,0.00119,7.55,1777861818
All Pools,FERT - AVAX,0.3,False,0.4636,810.03,0.00116,0.05,1777861818
All Pools,KALM - AVAX,0.3,False,0.4599,127.97,0.00115,0.33,1777861818
All Pools,KALM - USDC,0.3,False,0.45988,85.28,0.00115,0.49,1777861818
All Pools,PTOP900 - TOPIA,0.3,False,0.45979,104.47,0.00115,0.4,1777861818
All Pools,GOOD - COQ,0.3,False,0.45374,96.17,0.00113,0.43,1777861818
All Pools,Psychic - Now,0.3,False,0.45294,634.3,0.00113,0.07,1777861818
All Pools,BTC.b - oXAUT,0.3,False,0.44915,376.08,0.00112,0.11,1777861818
All Pools,oXAUT - AVAX,0.3,False,0.44906,521.79,0.00112,0.08,1777861818
All Pools,AVAX - SMRT,0.3,False,0.44683,2365.78,0.00112,0.02,1777861818
All Pools,BNB - AVAX,0.3,False,0.44528,4100.98,0.00111,0.01,1777861818
All Pools,LINDA - AVAX,0.3,False,0.44423,2103.95,0.00111,0.02,1777861818
All Pools,HAREM - AVAX,0.3,False,0.43134,141.94,0.00108,0.28,1777861818
All Pools,USDT.e - SMRT,0.3,False,0.4224,107.17,0.00106,0.36,1777861818
All Pools,gOHM - SB,0.3,False,0.42109,15.74,0.00105,2.44,1777861818
All Pools,50 - AVAX,0.3,False,0.41818,76.89,0.00105,0.5,1777861818
All Pools,50 - USDC,0.3,False,0.41817,120.86,0.00105,0.32,1777861818
All Pools,ZRO - USDC,0.3,False,0.41337,5.618,0.00103,6.71,1777861818
All Pools,BrideOfChrist - AVAX,0.3,False,0.41215,89.58,0.00103,0.42,1777861818
All Pools,BTC.b - IMPACT2,0.3,False,0.41077,1281.45,0.00103,0.03,1777861818
All Pools,MU - DAI.e,0.3,False,0.41025,247.31,0.00103,0.15,1777861818
All Pools,MaryMagdalene - FollowTheWhiteRabbit,0.3,False,0.40605,206.48,0.00102,0.18,1777861818
All Pools,FollowTheWhiteRabbit - LuciferMorningstar,0.3,False,0.40038,3640.05,0.001,0.01,1777861818
All Pools,UNIQOC - AVAX,0.3,False,0.39897,1136.0,,0.03,1777861818
All Pools,UNIQOC - COQ,0.3,False,0.39618,54.06,,0.67,1777861818
All Pools,AVAX - SOCK,0.3,False,0.38686,3297.47,,0.01,1777861818
All Pools,USDC - SOCK,0.3,False,0.3862,480.5,,0.07,1777861818
All Pools,STATIK - AVAX,0.3,False,0.38011,44.68,,0.78,1777861818
All Pools,USDt - IMPACT2,0.3,False,0.37568,71.96,,0.48,1777861818
All Pools,USDT - ETH,0.3,False,0.37489,216.21,,0.16,1777861818
All Pools,BTC.b - SPT,0.3,False,0.3726,40.05,,0.85,1777861818
All Pools,MAXI - DAI.e,0.3,False,0.37183,237.84,,0.14,1777861818
All Pools,JEWEL - USDC,0.3,False,0.35529,4539.01,,0.01,1777861818
All Pools,HEFE - CANS,0.3,False,0.33631,4.206,,7.3,1777861818
All Pools,MIM - MU,0.3,False,0.33082,255.53,,0.12,1777861818
All Pools,AVAX - ZUBAX,0.3,False,0.32464,118.04,,0.25,1777861818
All Pools,ABC - AVAX,0.3,False,0.31727,1091.77,,0.03,1777861818
All Pools,JOE - EXP,0.3,False,0.31012,13442371.0,,,1777861818
All Pools,WETH.e - USDC,0.3,False,0.30911,22.88,,1.23,1777861818
All Pools,HOWDY - AVAX,0.3,False,0.30793,21140.0,,0.0,1777861818
All Pools,USDC - aXEN,0.3,False,0.30551,9.201,,3.03,1777861818
All Pools,Trinity - LuciferMorningstar,0.3,False,0.30539,351846436.0,,,1777861818
All Pools,ZUBAX - USDT.e,0.3,False,0.30227,185.73,,0.15,1777861818
All Pools,SOL - USDC,0.3,False,0.29899,24.26,,1.12,1777861818
All Pools,BTC.b - HOWDY,0.3,False,0.29073,185.19,,0.14,1777861818
All Pools,HOST - DAI.e,0.3,False,0.28837,2612.3,,0.01,1777861818
All Pools,OSAK - AVAX,0.3,False,0.28078,6182.2,,0.0,1777861818
All Pools,COQ - OSAK,0.3,False,0.27951,36.74,,0.69,1777861818
All Pools,AVAX - SPT,0.3,False,0.27777,16.58,,1.53,1777861818
All Pools,COQ - OX,0.3,False,0.27563,12204.0,,0.0,1777861818
All Pools,KIMBO - CANS,0.3,False,0.26595,389.33,,0.06,1777861818
All Pools,WETH.e - REDWOLF,0.3,False,0.25755,103.62,,0.23,1777861818
All Pools,miMatic - USDC.e,0.3,False,0.25739,23.39,,1.0,1777861818
All Pools,COQ - NOCHILL,0.3,False,0.25709,15.46,,1.52,1777861818
All Pools,FollowTheWhiteRabbit - TheGospelOfMary,0.3,False,0.25364,157.05,,0.15,1777861818
All Pools,USDC - CHAM,0.3,False,0.25112,50.2,,0.46,1777861818
All Pools,CQK - AVAX,0.3,False,0.24331,132.38,,0.17,1777861818
All Pools,CQK - USDC,0.3,False,0.24328,35.25,,0.63,1777861818
All Pools,RUX - AVAX,0.3,False,0.24041,30.51,,0.72,1777861818
All Pools,USDt - RUX,0.3,False,0.24033,16092.0,,0.0,1777861818
All Pools,USDC - USD+,0.3,False,0.23367,32.99,,0.65,1777861818
All Pools,BUSD - USDC,0.3,False,0.23361,7.764,,2.75,1777861818
All Pools,AI - AVAX,0.3,False,0.22953,4359.48,,0.0,1777861818
All Pools,MaryMagdalene - TheGospelOfMary,0.3,False,0.22466,268.71,,0.08,1777861818
All Pools,VENG - AVAX,0.3,False,0.21857,60.73,,0.33,1777861818
All Pools,USDC - yyAVAX,0.3,False,0.21211,14.28,,1.36,1777861818
All Pools,BrideOfChrist - FollowTheWhiteRabbit,0.3,False,0.20682,727.94,,0.03,1777861818
All Pools,WETH.e - SURE,0.3,False,0.20405,1102.13,,0.02,1777861818
All Pools,BOI - MU,0.3,False,0.19115,1.156,,15.09,1777861818
All Pools,NOCHILL - OX,0.3,False,0.18304,13092.0,,0.0,1777861818
All Pools,AVAI - AVAX,0.3,False,0.18171,29.5,,0.56,1777861818
All Pools,MaryMagdalene - Gravity,0.3,False,0.18139,131.97,,0.13,1777861818
All Pools,AVAX - WISE,0.3,False,0.18088,79.03,,0.21,1777861818
All Pools,USDC.e - WISE,0.3,False,0.18085,46.19,,0.36,1777861818
All Pools,Psychic - Meaning,0.3,False,0.17694,310.53,,0.05,1777861818
All Pools,Meaning - AVAX,0.3,False,0.1765,449.2,,0.04,1777861818
All Pools,PTOP1100 - TOPIA,0.3,False,0.17392,152.31,,0.1,1777861818
All Pools,- AMI,0.3,False,0.17328,12.93,,1.22,1777861818
All Pools,AVAX - TOPIA,0.3,False,0.17093,530.73,,0.03,1777861818
All Pools,Gold - Now,0.3,False,0.16939,899.21,,0.02,1777861818
All Pools,Gold - AVAX,0.3,False,0.16936,89.11,,0.17,1777861818
All Pools,AVAX - XPOW,0.3,False,0.16815,40.21,,0.38,1777861818
All Pools,VEE - USDC,0.3,False,0.16712,32.36,,0.47,1777861818
All Pools,JOE - KRW,0.3,False,0.16234,237.4,,0.06,1777861818
All Pools,KRW - AVAX,0.3,False,0.16211,453.37,,0.03,1777861818
All Pools,BOI - AMI,0.3,False,0.16179,0.98441,,15.0,1777861818
All Pools,PTOP1000 - TOPIA,0.3,False,0.16114,102.9,,0.14,1777861818
All Pools,AVAX - SNOB,0.3,False,0.15953,968.56,,0.02,1777861818
All Pools,COQ - AMI,0.3,False,0.15856,14.14,,1.02,1777861818
All Pools,BLSEYE🎯 - MEOW,0.3,False,0.15705,690.17,,0.02,1777861818
All Pools,COQ - BOOTY,0.3,False,0.1563,10.41,,1.37,1777861818
All Pools,AVAX - APOW,0.3,False,0.15625,39.75,,0.36,1777861818
All Pools,YEEHAW - BTC.b,0.3,False,0.15538,129.21,,0.11,1777861818
All Pools,AVAX - CHAM,0.3,False,0.15351,33.14,,0.42,1777861818
All Pools,HUSKY - MUG,0.3,False,0.15044,24.42,,0.56,1777861818
All Pools,HOST - AVAX,0.3,False,0.14885,107.44,,0.13,1777861818
All Pools,HEFE - AMI,0.3,False,0.14722,1.751,,7.67,1777861818
All Pools,USDC.e - SOL,0.3,False,0.14661,41.84,,0.32,1777861818
All Pools,$Crazy - AVAX,0.3,False,0.14483,1014.28,,0.01,1777861818
All Pools,YEEHAW - AVAX,0.3,False,0.14242,32.1,,0.4,1777861818
All Pools,BTC.b - REDWOLF,0.3,False,0.14215,120.92,,0.11,1777861818
All Pools,Psychic - Ducks,0.3,False,0.14143,317.39,,0.04,1777861818
All Pools,Ducks - AVAX,0.3,False,0.14108,287.48,,0.04,1777861818
All Pools,CGS - AVAX,0.3,False,0.13869,66.8,,0.19,1777861818
All Pools,CGS - USDC.e,0.3,False,0.13868,159.73,,0.08,1777861818
All Pools,AVAT - USDC,0.3,False,0.13851,40.65,,0.31,1777861818
All Pools,SURE - DAI.e,0.3,False,0.1379,28.2,,0.45,1777861818
All Pools,WBTC.e - REDWOLF,0.3,False,0.13695,59.94,,0.21,1777861818
All Pools,COQ - bCASH,0.3,False,0.13693,18.11,,0.69,1777861818
All Pools,Priory - AVAX,0.3,False,0.13551,76.52,,0.16,1777861818
All Pools,FollowTheWhiteRabbit - Priory,0.3,False,0.1355,919.91,,0.01,1777861818
All Pools,BrideOfChrist - BLACK,0.3,False,0.1345,33.23,,0.37,1777861818
All Pools,UST - USDC,0.3,False,0.13168,4.383,,2.74,1777861818
All Pools,wsOHM - AVAX,0.3,False,0.13157,22.27,,0.54,1777861818
All Pools,AVAX - LYLY,0.3,False,0.13107,71.89,,0.17,1777861818
All Pools,LINK.e - REDWOLF,0.3,False,0.12972,81.92,,0.14,1777861818
All Pools,AVAX - MILO,0.3,False,0.12963,1155.24,,0.01,1777861818
All Pools,USDt - MILO,0.3,False,0.12958,17.15,,0.69,1777861818
All Pools,DéjàVu - Gravity,0.3,False,0.1273,208.13,,0.06,1777861818
All Pools,MIM - PAPA,0.3,False,0.12559,416.72,,0.03,1777861818
All Pools,Psychic - Jjj,0.3,False,0.12555,317.52,,0.04,1777861818
All Pools,Jjj - AVAX,0.3,False,0.12528,287.82,,0.04,1777861818
All Pools,MaryMagdalene - BrideOfChrist,0.3,False,0.12494,119.38,,0.1,1777861818
All Pools,AMI - TOPIA,0.3,False,0.12214,225.04,,0.05,1777861818
All Pools,ElvisJackpot - BLACK,0.3,False,0.12213,17.89,,0.62,1777861818
All Pools,IMPACT2 - EURC,0.3,False,0.12025,47.35,,0.23,1777861818
All Pools,miMatic - AVAX,0.3,False,0.11968,36.99,,0.3,1777861818
All Pools,VELAI - AVAX,0.3,False,0.11947,0.3259,,33.45,1777861818
All Pools,AVAX - ELK,0.3,False,0.11887,70.11,,0.15,1777861818
All Pools,AVAX - FORT,0.3,False,0.11855,39.37,,0.27,1777861818
All Pools,MIM - FORT,0.3,False,0.11846,18194.0,,,1777861818
All Pools,RoselineBloodline - AVAX,0.3,False,0.11798,44.32,,0.24,1777861818
All Pools,Psychic - MeaningOfNumbers,0.3,False,0.11659,317.74,,0.03,1777861818
All Pools,AVAX - MeaningOfNumbers,0.3,False,0.11634,287.87,,0.04,1777861818
All Pools,SUB - USDC,0.3,False,0.11554,13.39,,0.79,1777861818
All Pools,SYMBIOT - AVAX,0.3,False,0.11528,92.6,,0.11,1777861818
All Pools,COQ - REDWOLF,0.3,False,0.11404,12.37,,0.84,1777861818
All Pools,AVAX - LuciferMorningstar,0.3,False,0.11309,14.64,,0.71,1777861818
All Pools,SYMBIOT - DAI.e,0.3,False,0.11018,471.79,,0.02,1777861818
All Pools,WLRS - USDC.e,0.3,False,0.10827,4555.5,,0.0,1777861818
All Pools,RPEPE - AVAX,0.3,False,0.10797,6359.12,,0.0,1777861818
All Pools,Psychic - DéjàVu,0.3,False,0.1071,197.61,,0.05,1777861818
All Pools,Psychic - Xmas,0.3,False,0.10647,298.3,,0.03,1777861818
All Pools,Xmas - AVAX,0.3,False,0.10626,270.98,,0.04,1777861818
All Pools,DFIAT - AVAX,0.3,False,0.10508,7574.46,,0.0,1777861818
All Pools,DFIAT - USDT.e,0.3,False,0.10501,28.28,,0.34,1777861818
All Pools,WarpSpeed - AVAX,0.3,False,0.10421,138.63,,0.07,1777861818
All Pools,Gravity - WarpSpeed,0.3,False,0.10419,84.45,,0.11,1777861818
All Pools,Psychic - BlackAndGold,0.3,False,0.10413,317.22,,0.03,1777861818
All Pools,AVAX - BlackAndGold,0.3,False,0.10394,289.38,,0.03,1777861818
All Pools,Psychic - Prometheus,0.3,False,0.10176,308.74,,0.03,1777861818
All Pools,AVAX - Prometheus,0.3,False,0.10156,281.03,,0.03,1777861818
All Pools,XAUt0 - ElvisJackpot,0.3,False,0.10152,331.44,,0.03,1777861818
All Pools,TECH - OX,0.3,False,0.10111,4872.61,,0.0,1777861818
All Pools,Orange - AVAX,0.3,False,0.10102,87.89,,0.1,1777861818
All Pools,AVAT - AVAX,0.3,False,0.10076,21.65,,0.42,1777861818
All Pools,USDC - APOW,0.3,False,0.10075,20.26,,0.45,1777861818
All Pools,SLUSH - AVAX,0.3,False,0.09967,59.16,,0.15,1777861818
All Pools,AVVO - DAI.e,0.3,False,0.09962,39.69,,0.23,1777861818
All Pools,SLUSH - USDT.e,0.3,False,0.0996,60.27,,0.15,1777861818
All Pools,PAPA - AVAX,0.3,False,0.09904,30.87,,0.29,1777861818
All Pools,WOO.e - AVAX,0.3,False,0.09893,104.84,,0.09,1777861818
All Pools,FEED - AVAX,0.3,False,0.09878,9263.29,,,1777861818
All Pools,COQ - LYLY,0.3,False,0.09757,15.1,,0.59,1777861818
All Pools,COQ - KOVIN,0.3,False,0.09748,12.87,,0.69,1777861818
All Pools,AVAX - ChristMark,0.3,False,0.09704,359.32,,0.02,1777861818
All Pools,USDt - DXN,0.3,False,0.09703,215.86,,0.04,1777861818
All Pools,TrumpTower - AVAX,0.3,False,0.09599,159.3,,0.05,1777861818
All Pools,TrumpTower - Gravity,0.3,False,0.09598,75.59,,0.12,1777861818
All Pools,USDC - XPOW,0.3,False,0.0934,20.33,,0.42,1777861818
All Pools,MIM - wsOHM,0.3,False,0.09323,1105.48,,0.01,1777861818
All Pools,AVAX - SDOG,0.3,False,0.093,10.27,,0.83,1777861818
All Pools,USDT.e - ZABU,0.3,False,0.09299,48.5,,0.17,1777861818
All Pools,COQ - MCV,0.3,False,0.09189,9.682,,0.87,1777861818
All Pools,Psychic - MerryXmas,0.3,False,0.09141,292.37,,0.03,1777861818
All Pools,MerryXmas - AVAX,0.3,False,0.09121,265.74,,0.03,1777861818
All Pools,USDt - REDWOLF,0.3,False,0.0907,15.05,,0.55,1777861818
All Pools,USDT.e - EXP,0.3,False,0.08957,44245851.0,,,1777861818
All Pools,UNI.e - REDWOLF,0.3,False,0.08945,9.758,,0.84,1777861818
All Pools,AVAX - Nala,0.3,False,0.08882,25.81,,0.31,1777861818
All Pools,DCAU - MIM,0.3,False,0.08869,314.12,,0.03,1777861818
All Pools,MIM - GRAPE,0.3,False,0.08861,2404.17,,0.0,1777861818
All Pools,WLRS - GRAPE,0.3,False,0.08859,78.44,,0.1,1777861818
All Pools,AVAX - DUO,0.3,False,0.08587,71.29,,0.11,1777861818
All Pools,USDT.e - DUO,0.3,False,0.08583,57.5,,0.14,1777861818
All Pools,FollowTheWhiteRabbit - DivineFeminine,0.3,False,0.08533,673.18,,0.01,1777861818
All Pools,TOMB - USDC,0.3,False,0.08318,10.67,,0.71,1777861818
All Pools,Psychic - DiamondbackGall,0.3,False,0.08208,317.9,,0.02,1777861818
All Pools,DiamondbackGall - AVAX,0.3,False,0.08191,290.0,,0.03,1777861818
All Pools,METAG - AVAX,0.3,False,0.08048,24.56,,0.3,1777861818
All Pools,METAG - USDt,0.3,False,0.08043,16.15,,0.45,1777861818
All Pools,MELT - AVAX,0.3,False,0.08024,25.06,,0.29,1777861818
All Pools,Psychic - Serpentarius,0.3,False,0.07995,322.81,,0.02,1777861818
All Pools,Serpentarius - AVAX,0.3,False,0.0798,293.64,,0.02,1777861818
All Pools,AVAX - MUG,0.3,False,0.07714,354.51,,0.02,1777861818
All Pools,NOCHILL - KET,0.3,False,0.0762,16.59,,0.42,1777861818
All Pools,SURE - USDC.e,0.3,False,0.0757,23.74,,0.29,1777861818
All Pools,Orange - DivineFeminine,0.3,False,0.07472,1094.04,,0.01,1777861818
All Pools,USDt - XPOW,0.3,False,0.07471,20.29,,0.34,1777861818
All Pools,AVAX - ZABU,0.3,False,0.07463,30.49,,0.22,1777861818
All Pools,USDT.e - XAVA,0.3,False,0.07263,11.32,,0.59,1777861818
All Pools,AVAX - GAU,0.3,False,0.07037,9.264,,0.69,1777861818
All Pools,HEFE - HIGHER,0.3,False,0.06904,0.87104,,7.23,1777861818
All Pools,REDWOLF - SOL,0.3,False,0.0661,75.05,,0.08,1777861818
All Pools,SNP - AVAX,0.3,False,0.06461,11.54,,0.51,1777861818
All Pools,COQ - MU,0.3,False,0.06454,4.574,,1.29,1777861818
All Pools,LUNA - LUNA,0.3,False,0.06445,2.495,,2.36,1777861818
All Pools,COQ - SNP,0.3,False,0.06431,26.32,,0.22,1777861818
All Pools,Psychic - Stolen,0.3,False,0.06364,85.17,,0.07,1777861818
All Pools,MIM - USDC,0.3,False,0.06329,76.92,,0.08,1777861818
All Pools,UST - UST,0.3,False,0.06272,1.855,,3.08,1777861818
All Pools,HIGHER - AVAX,0.3,False,0.06236,1.852,,3.07,1777861818
All Pools,WETH.e - yyAVAX,0.3,False,0.06223,19.52,,0.29,1777861818
All Pools,FollowTheWhiteRabbit - RoselineBloodline,0.3,False,0.06214,41.35,,0.14,1777861818
All Pools,MCV - AVAX,0.3,False,0.06175,399.59,,0.01,1777861818
All Pools,Yellow - AVAX,0.3,False,0.06163,265.26,,0.02,1777861818
All Pools,USDC - LODE,0.3,False,0.06066,881.48,,0.01,1777861818
All Pools,USDC - AMI,0.3,False,0.06029,0.67131,,8.2,1777861818
All Pools,MU - COQAI,0.3,False,0.0599,6.474,,0.84,1777861818
All Pools,TruthClosure - BLACK,0.3,False,0.05982,25.92,,0.21,1777861818
All Pools,AVAX - BLACK,0.3,False,0.05938,6.099,,0.89,1777861818
All Pools,Go - AVAX,0.3,False,0.05917,139.77,,0.04,1777861818
All Pools,FITFI - USDC,0.3,False,0.05876,0.45543,,11.77,1777861818
All Pools,ALOT - USDC.e,0.3,False,0.05817,9.35,,0.57,1777861818
All Pools,LIBRE - USDC.e,0.3,False,0.05738,14.97,,0.35,1777861818
All Pools,Gravity - TheGospelOfMary,0.3,False,0.05701,33.95,,0.15,1777861818
All Pools,Hopi - Now,0.3,False,0.05643,711.37,,0.01,1777861818
All Pools,Hopi - AVAX,0.3,False,0.05642,216.75,,0.02,1777861818
All Pools,MaryMagdalene - RoselineBloodline,0.3,False,0.05595,46.37,,0.11,1777861818
All Pools,USDt - APOW,0.3,False,0.05549,20.27,,0.25,1777861818
All Pools,Psychic - CommieSukey,0.3,False,0.05502,317.34,,0.02,1777861818
All Pools,Gravity - NaughtiusMaximus,0.3,False,0.05498,5.013,,1.0,1777861818
All Pools,CommieSukey - AVAX,0.3,False,0.05492,288.46,,0.02,1777861818
All Pools,Blue - AVAX,0.3,False,0.05274,262.88,,0.02,1777861818
All Pools,GAS - AVAX,0.3,False,0.05272,231.64,,0.02,1777861818
All Pools,Psychic - Yellow,0.3,False,0.05201,83.19,,0.06,1777861818
All Pools,AMI - JUICY,0.3,False,0.05198,0.92605,,5.12,1777861818
All Pools,AVAX - SantaGospel,0.3,False,0.05185,133.51,,0.04,1777861818
All Pools,JOE - ZABU,0.3,False,0.05121,18.75,,0.25,1777861818
All Pools,AVAX - NEMO,0.3,False,0.05002,7.848,,0.58,1777861818
All Pools,USDt - NEMO,0.3,False,0.04999,97.06,,0.05,1777861818
All Pools,HEFE - Always,0.3,False,0.0497,0.84403,,5.37,1777861818
All Pools,MELT - USDT.e,0.3,False,0.04889,31.0,,0.14,1777861818
All Pools,Who - AVAX,0.3,False,0.04787,139.85,,0.03,1777861818
All Pools,YEEHAW - USDC,0.3,False,0.04698,12.78,,0.34,1777861818
All Pools,SLIME - AVAX,0.3,False,0.04659,21813.0,,,1777861818
All Pools,SLIME - USDt,0.3,False,0.04657,7.378,,0.58,1777861818
All Pools,Psychic - Nala,0.3,False,0.04504,271.09,,0.02,1777861818
All Pools,COQ - JUICY,0.3,False,0.0447,0.70551,,5.78,1777861818
All Pools,QI - LYLY,0.3,False,0.04417,2.708,,1.49,1777861818
All Pools,AVAX - ETH,0.3,False,0.04411,16.71,,0.24,1777861818
All Pools,Trinity - Nala,0.3,False,0.04388,40.98,,0.1,1777861818
All Pools,SURE - AVAX,0.3,False,0.04276,7.204,,0.54,1777861818
All Pools,AVAX - BLANC,0.3,False,0.04275,22.07,,0.18,1777861818
All Pools,MIM - BLANC,0.3,False,0.04271,8457.99,,,1777861818
All Pools,Gladiator - USDC,0.3,False,0.04217,565.42,,0.01,1777861818
All Pools,Apollyon - AVAX,0.3,False,0.04211,36.6,,0.1,1777861818
All Pools,Apollyon - LuciferMorningstar,0.3,False,0.04206,234303591.0,,,1777861818
All Pools,Stolen - AVAX,0.3,False,0.04203,17.5,,0.22,1777861818
All Pools,FLAKE - AVAX,0.3,False,0.04195,21.52,,0.18,1777861818
All Pools,FLAKE - USDT.e,0.3,False,0.04193,51.04,,0.07,1777861818
All Pools,Anon - AVAX,0.3,False,0.04165,14.05,,0.27,1777861818
All Pools,BTC.b - MU,0.3,False,0.04147,11.47,,0.33,1777861818
All Pools,Trinity - Stolen,0.3,False,0.04098,29.42,,0.13,1777861818
All Pools,REDWOLF - SHRAP,0.3,False,0.04042,1.202,,3.07,1777861818
All Pools,AMI - COQAI,0.3,False,0.04009,4.133,,0.89,1777861818
All Pools,TOPIA - PTOP800,0.3,False,0.03947,148.03,,0.02,1777861818
All Pools,CNR - USDC,0.3,False,0.0392,4.853,,0.74,1777861818
All Pools,Psychic - Blue,0.3,False,0.03885,82.53,,0.04,1777861818
All Pools,wsOHM - USDC.e,0.3,False,0.03833,42.69,,0.08,1777861818
All Pools,RUGPULL - MUG,0.3,False,0.03764,184.93,,0.02,1777861818
All Pools,FollowTheWhiteRabbit - StatueOfLiberty,0.3,False,0.03761,509.44,,0.01,1777861818
All Pools,StatueOfLiberty - AVAX,0.3,False,0.0376,14.78,,0.23,1777861818
All Pools,meGNX - AVAX,0.3,False,0.03724,17.49,,0.19,1777861818
All Pools,Psychic - Who,0.3,False,0.03677,74.75,,0.04,1777861818
All Pools,TruthClosure - AVAX,0.3,False,0.03671,11.6,,0.29,1777861818
All Pools,Gravity - ChristMark,0.3,False,0.0363,15.46,,0.21,1777861818
All Pools,Gil - AVAX,0.3,False,0.03619,17.25,,0.19,1777861818
All Pools,AVAX - STRAW,0.3,False,0.03615,15.9,,0.21,1777861818
All Pools,Psychic - Go,0.3,False,0.03609,74.0,,0.04,1777861818
All Pools,CNR - USDt,0.3,False,0.03601,4.874,,0.67,1777861818
All Pools,GOOD - GAINS,0.3,False,0.03551,3.701,,0.88,1777861818
All Pools,WINK - NOCHILL,0.3,False,0.03527,1.001,,3.22,1777861818
All Pools,Psychic - ArniStitch,0.3,False,0.03501,317.51,,0.01,1777861818
All Pools,ArniStitch - AVAX,0.3,False,0.03495,287.75,,0.01,1777861818
All Pools,Gil - DAI.e,0.3,False,0.03457,28.63,,0.11,1777861818
All Pools,DAI.e - STRAW,0.3,False,0.03453,34.49,,0.09,1777861818
All Pools,Chrism - BLACK,0.3,False,0.03389,2.404,,1.29,1777861818
All Pools,SOB - LUNA,0.3,False,0.0338,1.301,,2.37,1777861818
All Pools,MIM - DAI.e,0.3,False,0.0328,52.41,,0.06,1777861818
All Pools,FITFI - USDC.e,0.3,False,0.03239,0.2459,,12.02,1777861818
All Pools,NOCHILL - AMI,0.3,False,0.03215,6.179,,0.47,1777861818
All Pools,GAINS - COQ,0.3,False,0.03213,2.003,,1.46,1777861818
All Pools,wMEMO - AVAX,0.3,False,0.03178,13.88,,0.21,1777861818
All Pools,WBTC.e - USDC.e,0.3,False,0.03169,9.068,,0.32,1777861818
All Pools,MELT - USDC.e,0.3,False,0.03132,31.38,,0.09,1777861818
All Pools,USDC - WSPP,0.3,False,0.03098,44.05,,0.06,1777861818
All Pools,AVAX - Strength,0.3,False,0.03012,140.77,,0.02,1777861818
All Pools,BLUB - AVAX,0.0,False,0.02976,47.32,0.0,0.0,1777861818
All Pools,MIM - SPELL,0.3,False,0.02955,7.632,,0.35,1777861818
All Pools,BTC.b - USDC,0.3,False,0.02911,4.702,,0.56,1777861818
All Pools,Psychic - SantaGospel,0.3,False,0.02909,73.68,,0.04,1777861818
All Pools,NineHundred - AVAX,0.3,False,0.02897,140.17,,0.02,1777861818
All Pools,LIRA - AVAX,0.3,False,0.02893,13.2,,0.2,1777861818
All Pools,LoveYou - Gravity,0.3,False,0.02878,56.59,,0.05,1777861818
All Pools,LoveYou - AVAX,0.3,False,0.02876,61.37,,0.04,1777861818
All Pools,Yellow - BLACK,0.3,False,0.02834,4.852,,0.53,1777861818
All Pools,NaughtiusMaximus - Seventeen,0.3,False,0.02793,848.74,,0.0,1777861818
All Pools,MaryMagdalene - LadyMary,0.3,False,0.02765,17.29,,0.15,1777861818
All Pools,AVAX - NaughtiusMaximus,0.3,False,0.02746,444.4,,0.01,1777861818
All Pools,Stolen - BLACK,0.3,False,0.02693,5.356,,0.46,1777861818
All Pools,LoveIsTheKey - AVAX,0.3,False,0.02675,14.97,,0.16,1777861818
All Pools,LoveIsTheKey - BLACK,0.3,False,0.02675,7.924,,0.31,1777861818
All Pools,AVAX - MICRO,0.3,False,0.02658,23.73,,0.1,1777861818
All Pools,COQ - MICRO,0.3,False,0.02643,3.724,,0.65,1777861818
All Pools,WINK - MU,0.3,False,0.02627,0.51819,,4.63,1777861818
All Pools,KrisKringle - Gravity,0.3,False,0.02626,77.8,,0.03,1777861818
All Pools,KrisKringle - AVAX,0.3,False,0.02625,26.18,,0.09,1777861818
All Pools,Blue - BLACK,0.3,False,0.0262,4.867,,0.49,1777861818
All Pools,Who - BLACK,0.3,False,0.02609,4.817,,0.49,1777861818
All Pools,QI - REDWOLF,0.3,False,0.02597,1.592,,1.49,1777861818
All Pools,Hydrogen - BLACK,0.3,False,0.02557,4.865,,0.48,1777861818
All Pools,Orange - BLACK,0.3,False,0.02552,4.107,,0.57,1777861818
All Pools,NineHundred - BLACK,0.3,False,0.02544,4.832,,0.48,1777861818
All Pools,Gravity - HustleTappers,0.3,False,0.02526,24.04,,0.1,1777861818
All Pools,AVAX - HustleTappers,0.3,False,0.02525,55.64,,0.04,1777861818
All Pools,AVAX - EROL,0.0,False,0.02487,74.7,0.0,0.0,1777861818
All Pools,Gladiator - AVAX,0.3,False,0.02446,3.732,,0.6,1777861818
All Pools,SMRT - XAVA,0.3,False,0.02383,2.891,,0.75,1777861818
All Pools,MAI - TOMB,0.3,False,0.0236,133.1,,0.02,1777861818
All Pools,WhollySphere - Gravity,0.3,False,0.02358,22.93,,0.09,1777861818
All Pools,WhollySphere - AVAX,0.3,False,0.02357,50.85,,0.04,1777861818
All Pools,Gravity - McdonaldTrouped,0.3,False,0.02344,22.9,,0.09,1777861818
All Pools,McdonaldTrouped - AVAX,0.3,False,0.02343,50.78,,0.04,1777861818
All Pools,GAINS - MEAT,0.3,False,0.02341,0.97485,,2.19,1777861818
All Pools,AVAX - GG,0.3,False,0.02341,9.54,,0.22,1777861818
All Pools,MIM - GG,0.3,False,0.02339,294.78,,0.01,1777861818
All Pools,JPYC - USDC.e,0.3,False,0.02335,4.801,,0.44,1777861818
All Pools,Wingdings - Gravity,0.3,False,0.02318,21.89,,0.1,1777861818
All Pools,Wingdings - AVAX,0.3,False,0.02318,50.92,,0.04,1777861818
All Pools,Go - BLACK,0.3,False,0.02315,4.806,,0.44,1777861818
All Pools,FollowTheWhiteRabbit - TruthClosure,0.3,False,0.02314,45.59,,0.05,1777861818
All Pools,ELE - AVAX,0.3,False,0.02298,124.58,,0.02,1777861818
All Pools,Matter - AVAX,0.3,False,0.02291,80.42,,0.03,1777861818
All Pools,Orange - Matter,0.3,False,0.02287,8944.4,,,1777861818
All Pools,BLACK - SantaGospel,0.3,False,0.02281,4.772,,0.44,1777861818
All Pools,KLO - USDT.e,0.3,False,0.02277,5.663,,0.37,1777861818
All Pools,AAVE.e - meGNX,0.3,False,0.02271,4.046,,0.51,1777861818
All Pools,DrainTheSwamp - Gravity,0.3,False,0.02254,22.5,,0.09,1777861818
All Pools,DrainTheSwamp - AVAX,0.3,False,0.02254,37.54,,0.05,1777861818
All Pools,Strength - BLACK,0.3,False,0.02219,4.812,,0.42,1777861818
All Pools,BTC.b - GMX,0.3,False,0.02206,1.559,,1.29,1777861818
All Pools,RUG - USDT.e,0.3,False,0.02174,14.96,,0.13,1777861818
All Pools,GURS - ARENA,0.3,False,0.02171,7.379,,0.27,1777861818
All Pools,AVAX - IMPACT,0.3,False,0.0217,6.297,,0.31,1777861818
All Pools,HIGHER - AMI,0.3,False,0.02147,3.293,,0.6,1777861818
All Pools,JOE - ZUBAX,0.3,False,0.02143,9.224,,0.21,1777861818
All Pools,SOB - AVAX,0.3,False,0.02139,548.08,,0.0,1777861818
All Pools,DivineFeminine - AVAX,0.3,False,0.02131,6.198,,0.31,1777861818
All Pools,BANKSY - AVAX,0.3,False,0.02068,23.59,,0.08,1777861818
All Pools,BANKSY - USDC.e,0.3,False,0.02067,31.62,,0.06,1777861818
All Pools,Psychic - NeatestQuackery,0.3,False,0.02046,318.35,,0.01,1777861818
All Pools,NeatestQuackery - AVAX,0.3,False,0.02043,288.14,,0.01,1777861818
All Pools,Mungo - AVAX,0.3,False,0.02042,41.17,,0.05,1777861818
All Pools,GRELF[ava] - AVAX,0.3,False,0.02042,1149.47,,0.0,1777861818
All Pools,DéjàVu - Mungo,0.3,False,0.02037,182.1,,0.01,1777861818
All Pools,DUO - USDT.e,0.3,False,0.02032,7.344,,0.25,1777861818
All Pools,COQ - MEAT,0.3,False,0.02027,0.70744,,2.61,1777861818
All Pools,CodexKennyMin - AVAX,0.3,False,0.02023,25.05,,0.07,1777861818
All Pools,CodexKennyMin - FollowTheWhiteRabbit,0.3,False,0.02023,21.88,,0.08,1777861818
All Pools,NOCHILL - REDWOLF,0.3,False,0.02021,3.579,,0.52,1777861818
All Pools,wALGO - AVAX,0.3,False,0.01995,163.29,,0.01,1777861818
All Pools,wALGO - USDC,0.3,False,0.01994,2.832,,0.64,1777861818
All Pools,MPL - AVAX,0.3,False,0.0198,6.204,,0.29,1777861818
All Pools,AVAX - TMT,0.3,False,0.01979,7.183,,0.25,1777861818
All Pools,MPL - USDt,0.3,False,0.01979,30.78,,0.06,1777861818
All Pools,USDT.e - TMT,0.3,False,0.01978,26.26,,0.07,1777861818
All Pools,BENIS - NOCHILL,0.3,False,0.01976,4.926,,0.37,1777861818
All Pools,Satoshi - Gravity,0.3,False,0.01975,54.99,,0.03,1777861818
All Pools,Satoshi - AVAX,0.3,False,0.01974,19.16,,0.09,1777861818
All Pools,WDAO - AVAX,0.3,False,0.01974,19.84,,0.09,1777861818
All Pools,WDAO - MIM,0.3,False,0.01973,23.64,,0.08,1777861818
All Pools,PNG - REDWOLF,0.3,False,0.01972,4.301,,0.42,1777861818
All Pools,Gravity - Vaccinations,0.3,False,0.01963,61.74,,0.03,1777861818
All Pools,AVAX - Vaccinations,0.3,False,0.01963,18.41,,0.1,1777861818
All Pools,Gravity - Nakamoto,0.3,False,0.01954,61.9,,0.03,1777861818
All Pools,Nakamoto - AVAX,0.3,False,0.01954,18.42,,0.1,1777861818
All Pools,AVAX - WSPP,0.3,False,0.01951,2.999,,0.59,1777861818
All Pools,AVAX - Always,0.3,False,0.01948,0.58695,,3.03,1777861818
All Pools,ORNG - JUICE,0.3,False,0.01913,2.797,,0.62,1777861818
All Pools,MerryChristmas - Gravity,0.3,False,0.01913,61.95,,0.03,1777861818
All Pools,MerryChristmas - AVAX,0.3,False,0.01913,18.45,,0.09,1777861818
All Pools,bECH - AVAX,0.3,False,0.01912,21.84,,0.08,1777861818
All Pools,Hydrogen - AVAX,0.3,False,0.01862,262.92,,0.01,1777861818
All Pools,AVAX - WOLF,0.3,False,0.01817,74.89,,0.02,1777861818
All Pools,USDC.e - WOLF,0.3,False,0.01816,8.869,,0.19,1777861818
All Pools,GMX - USDC,0.3,False,0.01802,0.9041,,1.82,1777861818
All Pools,JOE - QI,0.3,False,0.01802,0.95531,,1.72,1777861818
All Pools,KIWI - USDt,0.3,False,0.01801,20.53,,0.08,1777861818
All Pools,USDC.e - UST,0.3,False,0.01798,1.743,,0.94,1777861818
All Pools,Gladiator - AMI,0.3,False,0.01779,373.37,,0.0,1777861818
All Pools,Chrism - ChristMark,0.3,False,0.01747,179.3,,0.01,1777861818
All Pools,MAJIN - AVAX,0.3,False,0.01744,4376.07,,,1777861818
All Pools,Psychic - NineHundred,0.3,False,0.01735,73.93,,0.02,1777861818
All Pools,WalkTheWalkNowJesus - Gravity,0.3,False,0.01719,25.39,,0.06,1777861818
All Pools,WalkTheWalkNowJesus - AVAX,0.3,False,0.01719,24.89,,0.06,1777861818
All Pools,GLOBA - AVAX,0.3,False,0.01718,51.67,,0.03,1777861818
All Pools,GG - AVAX,0.3,False,0.0171,12.47,,0.13,1777861818
All Pools,MIM - GG,0.3,False,0.01709,23.59,,0.07,1777861818
All Pools,QI - USDC.e,0.3,False,0.01671,0.81581,,1.87,1777861818
All Pools,DCAR - AVAX,0.3,False,0.01653,1.098,,1.37,1777861818
All Pools,GLOBA - DAI.e,0.3,False,0.01642,52.71,,0.03,1777861818
All Pools,ElvisJackpot - Gravity,0.3,False,0.01633,19.25,,0.08,1777861818
All Pools,BNZ - WINK,0.3,False,0.01626,0.47207,,3.14,1777861818
All Pools,REDWOLF - ODDZ,0.3,False,0.0162,1.546,,0.96,1777861818
All Pools,Trinity - FourFourFour,0.3,False,0.01607,4.968,,0.3,1777861818
All Pools,FourFourFour - BLACK,0.3,False,0.01602,6.202,,0.24,1777861818
All Pools,USDR - USDC,0.3,False,0.01573,41.07,,0.03,1777861818
All Pools,AVAX - BOBS,0.3,False,0.01557,5488.38,,,1777861818
All Pools,AVAX - COFI,0.3,False,0.01481,612.88,,0.0,1777861818
All Pools,OH - AVAX,0.3,False,0.01472,93.98,,0.01,1777861818
All Pools,COQ - COFI,0.3,False,0.01472,1.842,,0.73,1777861818
All Pools,GAINS - BOBS,0.3,False,0.01456,2.225,,0.6,1777861818
All Pools,aDXN - AVAX,0.3,False,0.01437,3.641,,0.36,1777861818
All Pools,SUB - AVAX,0.3,False,0.01422,20.97,,0.06,1777861818
All Pools,Yule - Seventeen,0.3,False,0.01393,272.75,,0.0,1777861818
All Pools,AVAX - Wormwood,0.3,False,0.0138,17.12,,0.07,1777861818
All Pools,Gravity - Wormwood,0.3,False,0.0138,15.37,,0.08,1777861818
All Pools,LINK.e - MU,0.3,False,0.01375,7.512,,0.17,1777861818
All Pools,XIO - AVAX,0.3,False,0.01369,2.827,,0.44,1777861818
All Pools,XIO - USDC,0.3,False,0.01368,24.53,,0.05,1777861818
All Pools,WETH.e - meGNX,0.3,False,0.01355,6.629,,0.19,1777861818
All Pools,AVAX - LoveWins,0.3,False,0.01352,7.816,,0.16,1777861818
All Pools,FollowTheWhiteRabbit - LoveWins,0.3,False,0.01352,151.38,,0.01,1777861818
All Pools,NOCHILL - MU,0.3,False,0.01343,2.221,,0.55,1777861818
All Pools,USDC.e - RUG,0.3,False,0.01329,25.27,,0.05,1777861818
All Pools,AVAX - EROL,0.3,False,0.01319,39.44,,0.03,1777861818
All Pools,KIMBO - COQ,0.3,False,0.01317,1.684,,0.71,1777861818
All Pools,Trinity - Yule,0.3,False,0.01312,1.464,,0.82,1777861818
All Pools,USDt - IMPACT,0.3,False,0.01307,3.359,,0.36,1777861818
All Pools,ChristMark - ChristIAmYou,0.3,False,0.01294,26.15,,0.05,1777861818
All Pools,BLACK - ChristIAmYou,0.3,False,0.0128,2.331,,0.5,1777861818
All Pools,COQ - ARENA,0.3,False,0.01274,1.236,,0.94,1777861818
All Pools,GAINS - Degen,0.3,False,0.01254,2.011,,0.57,1777861818
All Pools,Degen - AVAX,0.3,False,0.0125,2006.11,,,1777861818
All Pools,AVAX - NADO,0.3,False,0.01182,7.849,,0.14,1777861818
All Pools,MIM - NADO,0.3,False,0.01182,1174.95,,,1777861818
All Pools,LIFE - AVAX,0.3,False,0.01181,7.317,,0.15,1777861818
All Pools,MIM - LIFE,0.3,False,0.0118,67.56,,0.02,1777861818
All Pools,AVAX - TT,0.3,False,0.0115,1.952,,0.54,1777861818
All Pools,AVAX - QUASI,0.3,False,0.01123,589.2,,0.0,1777861818
All Pools,GAINS - QUASI,0.3,False,0.01118,1.392,,0.73,1777861818
All Pools,[i]Lluminati - BLACK,0.3,False,0.01114,2.358,,0.43,1777861818
All Pools,COQ - ZUM,0.3,False,0.01113,1.112,,0.91,1777861818
All Pools,WETH.e - MU,0.3,False,0.01071,2.085,,0.47,1777861818
All Pools,ICUBE - USDT.e,0.3,False,0.0107,108.18,,0.01,1777861818
All Pools,ICUBE - AVAX,0.3,False,0.01069,6.439,,0.15,1777861818
All Pools,MIM - UNIV,0.3,False,0.01059,20.25,,0.05,1777861818
All Pools,UNIV - AVAX,0.3,False,0.01059,10.21,,0.09,1777861818
All Pools,Psychic - Turtle,0.3,False,0.01041,62.17,,0.02,1777861818
All Pools,MEAT - MU,0.3,False,0.01037,0.49842,,1.9,1777861818
All Pools,Turtle - BLACK,0.3,False,0.01034,2.31,,0.41,1777861818
All Pools,USDC - USDT.e,0.3,False,0.01029,154.7,,0.01,1777861818
All Pools,BENIS - AVAX,0.3,False,0.00998,15.55,,0.06,1777861818
All Pools,AAVE.e - USDT.e,0.3,False,0.00981,2.615,,0.34,1777861818
All Pools,Psychic - Numbers,0.3,False,0.00963,62.16,,0.01,1777861818
All Pools,Numbers - BLACK,0.3,False,0.00956,2.307,,0.38,1777861818
All Pools,Psychic - Luck,0.3,False,0.00952,62.17,,0.01,1777861818
All Pools,Psychic - Mirror,0.3,False,0.00949,62.13,,0.01,1777861818
All Pools,BLACK - Luck,0.3,False,0.00946,2.304,,0.37,1777861818
All Pools,USDT.e - AVVO,0.3,False,0.00945,4.055,,0.21,1777861818
All Pools,TRYB - USDC.e,0.3,False,0.00942,31.54,,0.03,1777861818
All Pools,Mirror - BLACK,0.3,False,0.00942,2.322,,0.37,1777861818
All Pools,SHERPA - AVAX,0.3,False,0.00936,130.75,,0.01,1777861818
All Pools,HIGHER - HOWDY,0.3,False,0.00935,1.504,,0.57,1777861818
All Pools,3ULL - AVAX,0.3,False,0.00934,47.7,,0.02,1777861818
All Pools,AVAX - LODE,0.3,False,0.00931,1.034,,0.82,1777861818
All Pools,KIMBO - AMI,0.3,False,0.009,4.301,,0.19,1777861818
All Pools,XAVA - HON,0.3,False,0.00894,1.873,,0.44,1777861818
All Pools,AUSD - HUSKY,0.3,False,0.0089,0.7649,,1.06,1777861818
All Pools,BTC.b - IMPACT,0.3,False,0.00862,0.63482,,1.24,1777861818
All Pools,KIMBO - GAINS,0.3,False,0.00855,1.348,,0.58,1777861818
All Pools,Psychic - Finish,0.3,False,0.00831,62.13,,0.01,1777861818
All Pools,Psychic - Bonfire,0.3,False,0.00831,62.16,,0.01,1777861818
All Pools,Finish - BLACK,0.3,False,0.00827,2.32,,0.33,1777861818
All Pools,Bonfire - BLACK,0.3,False,0.00826,2.307,,0.33,1777861818
All Pools,WETH.e - USDR,0.3,False,0.00818,2.818,,0.26,1777861818
All Pools,aDXN - aXEN,0.3,False,0.00807,0.61116,,1.2,1777861818
All Pools,Psychic - WhoWhoWho,0.3,False,0.00805,62.13,,0.01,1777861818
All Pools,WhoWhoWho - BLACK,0.3,False,0.008,2.319,,0.31,1777861818
All Pools,Psychic - Thick,0.3,False,0.00797,62.14,,0.01,1777861818
All Pools,SatoshiNakamoto - Psychic,0.3,False,0.00795,62.17,,0.01,1777861818
All Pools,Psychic - Strength,0.3,False,0.00794,74.74,,0.01,1777861818
All Pools,Psychic - Alphabet,0.3,False,0.00793,62.18,,0.01,1777861818
All Pools,Psychic - Oracle,0.3,False,0.00791,62.17,,0.01,1777861818
All Pools,Thick - BLACK,0.3,False,0.00791,2.314,,0.31,1777861818
All Pools,SatoshiNakamoto - BLACK,0.3,False,0.00789,2.306,,0.31,1777861818
All Pools,3ULL - USDt,0.3,False,0.00788,2.532,,0.28,1777861818
All Pools,Alphabet - BLACK,0.3,False,0.00788,2.302,,0.31,1777861818
All Pools,Oracle - BLACK,0.3,False,0.00786,2.307,,0.31,1777861818
All Pools,Psychic - Codes,0.3,False,0.00777,62.17,,0.01,1777861818
All Pools,Psychic - PennyTrinity,0.3,False,0.00776,62.18,,0.01,1777861818
All Pools,XETA - AVAX,0.3,False,0.00774,0.24817,,2.85,1777861818
All Pools,Codes - BLACK,0.3,False,0.00771,2.302,,0.31,1777861818
All Pools,Psychic - Penny,0.3,False,0.00771,62.17,,0.01,1777861818
All Pools,PennyTrinity - BLACK,0.3,False,0.00771,2.299,,0.31,1777861818
All Pools,Penny - BLACK,0.3,False,0.00768,2.307,,0.3,1777861818
All Pools,RUGPULL - AVAX,0.3,False,0.00768,2.969,,0.24,1777861818
All Pools,MIM - RUG,0.3,False,0.00762,23.23,,0.03,1777861818
All Pools,MUMO - USDC,0.3,False,0.00761,8.219,,0.08,1777861818
All Pools,JOE - USDt,0.3,False,0.0076,0.84871,,0.82,1777861818
All Pools,AVAX - USDR,0.3,False,0.00756,2.994,,0.23,1777861818
All Pools,Psychic - Verse,0.3,False,0.00752,62.13,,0.01,1777861818
All Pools,Eye - Psychic,0.3,False,0.00751,62.17,,0.01,1777861818
All Pools,BLACK - Verse,0.3,False,0.00747,2.317,,0.29,1777861818
All Pools,USDT.e - BOREA,0.3,False,0.00747,26.48,,0.03,1777861818
All Pools,AVAX - BOREA,0.3,False,0.00746,6.685,,0.1,1777861818
All Pools,Eye - BLACK,0.3,False,0.00746,2.306,,0.3,1777861818
All Pools,Psychic - Gematria,0.3,False,0.00744,62.17,,0.01,1777861818
All Pools,MIM - AUSD,0.3,False,0.00742,34.91,,0.02,1777861818
All Pools,BLACK - Gematria,0.3,False,0.00739,2.305,,0.29,1777861818
All Pools,KOVIN - AVAX,0.3,False,0.00735,3184.81,,,1777861818
All Pools,Psychic - Crypt,0.3,False,0.00724,62.12,,0.01,1777861818
All Pools,FINANCE - NOCHILL,0.3,False,0.00723,484.17,,0.0,1777861818
All Pools,Crypt - BLACK,0.3,False,0.0072,2.323,,0.28,1777861818
All Pools,Psychic - OneOneOne,0.3,False,0.00718,62.16,,0.01,1777861818
All Pools,USDC - OK,0.3,False,0.00718,1.185,,0.55,1777861818
All Pools,Psychic - Architect,0.3,False,0.00716,62.17,,0.01,1777861818
All Pools,Psychic - daVinci,0.3,False,0.00714,62.16,,0.01,1777861818
All Pools,OneOneOne - BLACK,0.3,False,0.00713,2.307,,0.28,1777861818
All Pools,Psychic - Gematria,0.3,False,0.00713,62.17,,0.01,1777861818
All Pools,Psychic - RefZip,0.3,False,0.00712,62.16,,0.01,1777861818
All Pools,Architect - BLACK,0.3,False,0.00712,2.306,,0.28,1777861818
All Pools,Psychic - Qubit,0.3,False,0.0071,62.13,,0.01,1777861818
All Pools,daVinci - BLACK,0.3,False,0.00709,2.309,,0.28,1777861818
All Pools,Psychic - Blessings,0.3,False,0.00708,62.13,,0.01,1777861818
All Pools,Gematria - BLACK,0.3,False,0.00708,2.306,,0.28,1777861818
All Pools,Psychic - Solved,0.3,False,0.00708,62.17,,0.01,1777861818
All Pools,RefZip - BLACK,0.3,False,0.00707,2.309,,0.28,1777861818
All Pools,Psychic - IAmThatIAm,0.3,False,0.00706,62.17,,0.01,1777861818
All Pools,Qubit - BLACK,0.3,False,0.00706,2.322,,0.28,1777861818
All Pools,Psychic - Confusion,0.3,False,0.00705,62.17,,0.01,1777861818
All Pools,Blessings - BLACK,0.3,False,0.00704,2.321,,0.28,1777861818
All Pools,Solved - BLACK,0.3,False,0.00703,2.306,,0.28,1777861818
All Pools,Psychic - TwinFlames,0.3,False,0.00703,62.87,,0.01,1777861818
All Pools,BLACK - IAmThatIAm,0.3,False,0.00702,2.305,,0.28,1777861818
All Pools,SaintGermain - BLACK,0.3,False,0.00701,2.515,,0.25,1777861818
All Pools,Confusion - BLACK,0.3,False,0.007,2.306,,0.28,1777861818
All Pools,Psychic - TrumpCard,0.3,False,0.00699,62.18,,0.01,1777861818
All Pools,Psychic - Hydrogen,0.3,False,0.00699,82.9,,0.01,1777861818
All Pools,BLACK - TwinFlames,0.3,False,0.00698,2.339,,0.27,1777861818
All Pools,Choice - Psychic,0.3,False,0.00698,62.14,,0.01,1777861818
All Pools,Psychic - YouAndI,0.3,False,0.00694,62.16,,0.01,1777861818
All Pools,TrumpCard - BLACK,0.3,False,0.00694,2.302,,0.28,1777861818
All Pools,Choice - BLACK,0.3,False,0.00694,2.317,,0.27,1777861818
All Pools,YouAndI - BLACK,0.3,False,0.00691,2.308,,0.27,1777861818
All Pools,Loyalty - Psychic,0.3,False,0.00686,62.13,,0.01,1777861818
All Pools,Loyalty - BLACK,0.3,False,0.00683,2.32,,0.27,1777861818
All Pools,Psychic - BiTonic,0.3,False,0.00681,62.17,,0.01,1777861818
All Pools,Psychic - TheArcher,0.3,False,0.00681,62.16,,0.01,1777861818
All Pools,MU - SOL,0.3,False,0.00681,1.329,,0.47,1777861818
All Pools,Psychic - Artemis,0.3,False,0.00678,62.11,,0.01,1777861818
All Pools,BiTonic - BLACK,0.3,False,0.00677,2.304,,0.27,1777861818
All Pools,TheArcher - BLACK,0.3,False,0.00676,2.306,,0.27,1777861818
All Pools,Artemis - BLACK,0.3,False,0.00673,2.326,,0.26,1777861818
All Pools,Psychic - Six,0.3,False,0.00657,62.17,,0.01,1777861818
All Pools,Psychic - Nine,0.3,False,0.00654,62.14,,0.01,1777861818
All Pools,Six - BLACK,0.3,False,0.00653,2.307,,0.26,1777861818
All Pools,USDt - USDC.e,0.3,False,0.00653,14.24,,0.04,1777861818
All Pools,Psychic - ElmoSunkGematria,0.3,False,0.00652,62.18,,0.01,1777861818
All Pools,Spider - Psychic,0.3,False,0.0065,62.12,,0.01,1777861818
All Pools,BLACK - Nine,0.3,False,0.0065,2.314,,0.26,1777861818
All Pools,Psychic - Zero,0.3,False,0.00648,62.14,,0.01,1777861818
All Pools,BLACK - ElmoSunkGematria,0.3,False,0.00648,2.302,,0.26,1777861818
All Pools,Spider - BLACK,0.3,False,0.00646,2.322,,0.25,1777861818
All Pools,Zero - BLACK,0.3,False,0.00644,2.315,,0.25,1777861818
All Pools,Psychic - Lock,0.3,False,0.00631,62.15,,0.01,1777861818
All Pools,ABC - AMI,0.3,False,0.00629,3.972,,0.14,1777861818
All Pools,BTC.b - MUMO,0.3,False,0.00629,4.812,,0.12,1777861818
All Pools,Lock - BLACK,0.3,False,0.00627,2.314,,0.25,1777861818
All Pools,Psychic - KekiusMaximus,0.3,False,0.0062,62.17,,0.01,1777861818
All Pools,Psychic - Time,0.3,False,0.00619,62.17,,0.01,1777861818
All Pools,Psychic - SevenSevenSeven,0.3,False,0.00617,62.17,,0.01,1777861818
All Pools,KekiusMaximus - BLACK,0.3,False,0.00616,2.305,,0.24,1777861818
All Pools,Time - BLACK,0.3,False,0.00616,2.304,,0.24,1777861818
All Pools,SevenSevenSeven - BLACK,0.3,False,0.00614,2.303,,0.24,1777861818
All Pools,Psychic - BirthingCode,0.3,False,0.0061,62.17,,0.01,1777861818
All Pools,Flection - Psychic,0.3,False,0.00607,62.17,,0.01,1777861818
All Pools,BirthingCode - BLACK,0.3,False,0.00606,2.304,,0.24,1777861818
All Pools,Flection - BLACK,0.3,False,0.00603,2.304,,0.24,1777861818
All Pools,Psychic - LordJesusChrist,0.3,False,0.00602,59.55,,0.01,1777861818
All Pools,FLOT - AVAX,0.3,False,0.006,4301.39,,,1777861818
All Pools,Psychic - Diamonds,0.3,False,0.006,62.17,,0.01,1777861818
All Pools,LordJesusChrist - BLACK,0.3,False,0.00599,2.225,,0.25,1777861818
All Pools,FLOT - COQ,0.3,False,0.00596,0.78318,,0.69,1777861818
All Pools,Diamonds - BLACK,0.3,False,0.00596,2.305,,0.24,1777861818
All Pools,SYN - REDWOLF,0.3,False,0.00594,2.585,,0.21,1777861818
All Pools,MELT - USDC.e,0.3,False,0.00593,7.019,,0.08,1777861818
All Pools,MELT - AVAX,0.3,False,0.00592,1134.68,,,1777861818
All Pools,Psychic - Happy,0.3,False,0.0059,62.17,,0.01,1777861818
All Pools,Happy - BLACK,0.3,False,0.00587,2.302,,0.23,1777861818
All Pools,GURS - HOWDY,0.3,False,0.00581,1.85,,0.29,1777861818
All Pools,Psychic - [In]finity,0.3,False,0.00579,62.14,,0.01,1777861818
All Pools,[In]finity - BLACK,0.3,False,0.00576,2.313,,0.23,1777861818
All Pools,LUNA - USDC,0.3,False,0.00574,1.411,,0.37,1777861818
All Pools,BNZ - AVAX,0.3,False,0.0057,62.17,,0.01,1777861818
All Pools,WETH.e - JOE,0.3,False,0.00567,0.03806,,13.59,1777861818
All Pools,Psychic - Alice,0.3,False,0.00566,62.14,,0.01,1777861818
All Pools,Psychic - WhoWho,0.3,False,0.00566,62.17,,0.01,1777861818
All Pools,Psychic - Sequence,0.3,False,0.00564,62.18,,0.01,1777861818
All Pools,BLACK - Alice,0.3,False,0.00563,2.314,,0.22,1777861818
All Pools,WhoWho - BLACK,0.3,False,0.00561,2.302,,0.22,1777861818
All Pools,Sequence - BLACK,0.3,False,0.00561,2.3,,0.22,1777861818
All Pools,KIMBO - KOVIN,0.3,False,0.00559,5.263,,0.1,1777861818
All Pools,NOCHILL - WAIFU,0.3,False,0.00549,162.38,,0.0,1777861818
All Pools,Psychic - Partment,0.3,False,0.00548,62.15,,0.01,1777861818
All Pools,BLACK - Partment,0.3,False,0.00545,2.311,,0.22,1777861818
All Pools,GAINS - KONG,0.3,False,0.00542,0.74212,,0.67,1777861818
All Pools,AVAX - AMONKS,0.3,False,0.0054,1591.6,,,1777861818
All Pools,REDWOLF - AMONKS,0.3,False,0.00539,7.225,,0.07,1777861818
All Pools,GURS - NOCHILL,0.3,False,0.00535,1.976,,0.25,1777861818
All Pools,Psychic - Chrism,0.3,False,0.00534,64.4,,0.01,1777861818
All Pools,WETH - AVAX,0.3,False,0.00525,1.355,,0.35,1777861818
All Pools,Psychic - Line,0.3,False,0.00524,62.94,,0.01,1777861818
All Pools,Psychic - Who,0.3,False,0.00522,62.17,,0.01,1777861818
All Pools,Line - BLACK,0.3,False,0.00521,1.99,,0.24,1777861818
All Pools,ZUM - NOCHILL,0.3,False,0.0052,1.262,,0.38,1777861818
All Pools,Who - BLACK,0.3,False,0.00519,2.3,,0.21,1777861818
All Pools,WETH.e - BTCBR,0.3,False,0.00512,0.06026,,7.76,1777861818
All Pools,Psychic - Ups,0.3,False,0.00509,62.17,,0.01,1777861818
All Pools,JOE - CRA,0.3,False,0.00506,11.0,,0.04,1777861818
All Pools,BLACK - Ups,0.3,False,0.00506,2.3,,0.2,1777861818
All Pools,CRA - AVAX,0.3,False,0.00505,10057.0,,,1777861818
All Pools,KOKSAL - AVAX,0.3,False,0.00505,3.551,,0.13,1777861818
All Pools,KOKSAL - USDC,0.3,False,0.00505,4.78,,0.1,1777861818
All Pools,COQ - EGG,0.3,False,0.00501,0.58562,,0.78,1777861818
All Pools,GAINS - DWC,0.3,False,0.005,0.96318,,0.47,1777861818
All Pools,AVAX - DWC,0.3,False,0.00499,6015.73,,,1777861818
All Pools,Milk - USDT.e,0.3,False,0.00498,14.45,,0.03,1777861818
All Pools,Milk - AVAX,0.3,False,0.00498,6.654,,0.07,1777861818
All Pools,USDC.e - SPADE,0.3,False,0.00494,16.18,,0.03,1777861818
All Pools,AVAX - SPADE,0.3,False,0.00494,6.071,,0.07,1777861818
All Pools,AVAX - DUA,0.3,False,0.00478,2.084,,0.21,1777861818
All Pools,DUA - USDC,0.3,False,0.00477,11.62,,0.04,1777861818
All Pools,GAINS - BAWLS,0.3,False,0.00469,0.9113,,0.47,1777861818
All Pools,BAWLS - AVAX,0.3,False,0.00467,16.42,,0.03,1777861818
All Pools,HIGHER - NOCHILL,0.3,False,0.00457,0.34819,,1.2,1777861818
All Pools,COQ - SHEN,0.3,False,0.00449,0.48804,,0.84,1777861818
All Pools,LUNA - USDt,0.3,False,0.00448,1.338,,0.31,1777861818
All Pools,SHEN - AVAX,0.3,False,0.00442,56.81,,0.01,1777861818
All Pools,AAVE.e - USDC.e,0.3,False,0.00438,1.268,,0.31,1777861818
All Pools,ARENA - MU,0.3,False,0.00434,3.354,,0.12,1777861818
All Pools,gOHM - JOE,0.3,False,0.0043,4.005,,0.1,1777861818
All Pools,SYN - USDC.e,0.3,False,0.00427,1.205,,0.32,1777861818
All Pools,GAINS - KOVIN,0.3,False,0.0042,0.63759,,0.6,1777861818
All Pools,Psychic - Number,0.3,False,0.00419,62.18,,0.01,1777861818
All Pools,Psychic - Vampire,0.3,False,0.00418,62.17,,0.01,1777861818
All Pools,Psychic - Aquarius,0.3,False,0.00417,62.14,,0.01,1777861818
All Pools,BEAM - MU,0.3,False,0.00416,1.085,,0.35,1777861818
All Pools,Number - BLACK,0.3,False,0.00416,2.296,,0.17,1777861818
All Pools,Vampire - BLACK,0.3,False,0.00414,2.3,,0.16,1777861818
All Pools,Aquarius - BLACK,0.3,False,0.00413,2.313,,0.16,1777861818
All Pools,SBR - AVAX,0.3,False,0.00407,7.317,,0.05,1777861818
All Pools,MIM - SBR,0.3,False,0.00407,39.68,,0.01,1777861818
All Pools,AVAX - COSMIC,0.3,False,0.00403,1.259,,0.29,1777861818
All Pools,USDC - COSMIC,0.3,False,0.00402,54.57,,0.01,1777861818
All Pools,WOLF - USDT.e,0.3,False,0.00402,4.058,,0.09,1777861818
All Pools,WOLF - AVAX,0.3,False,0.00401,70.59,,0.01,1777861818
All Pools,Psychic - TrueStory,0.3,False,0.00397,62.17,,0.01,1777861818
All Pools,TrueStory - BLACK,0.3,False,0.00393,2.299,,0.16,1777861818
All Pools,Psychic - Seminole,0.3,False,0.00389,62.13,,0.01,1777861818
All Pools,MIM - WOHM,0.3,False,0.00387,86.0,,0.0,1777861818
All Pools,AVAX - WOHM,0.3,False,0.00386,3.383,,0.1,1777861818
All Pools,Psychic - PoPo,0.3,False,0.00386,62.17,,0.01,1777861818
All Pools,Seminole - BLACK,0.3,False,0.00384,2.316,,0.15,1777861818
All Pools,Psychic - James,0.3,False,0.00382,62.18,,0.01,1777861818
All Pools,PoPo - BLACK,0.3,False,0.00382,2.299,,0.15,1777861818
All Pools,GURS - AMI,0.3,False,0.00382,1.996,,0.17,1777861818
All Pools,Psychic - FinityFinity,0.3,False,0.0038,62.18,,0.01,1777861818
All Pools,EHCNALAVA - AVAX,0.3,False,0.00379,1513.05,,,1777861818
All Pools,KIMBO - EHCNALAVA,0.3,False,0.00379,2.834,,0.12,1777861818
All Pools,James - BLACK,0.3,False,0.00378,2.296,,0.15,1777861818
All Pools,FinityFinity - BLACK,0.3,False,0.00377,2.296,,0.15,1777861818
All Pools,WINK - AMI,0.3,False,0.00375,0.11813,,2.89,1777861818
All Pools,Psychic - QuetzalCoatl,0.3,False,0.00373,62.18,,0.01,1777861818
All Pools,AVAX - BAVA,0.3,False,0.00371,11.37,,0.03,1777861818
All Pools,QuetzalCoatl - BLACK,0.3,False,0.00369,2.299,,0.15,1777861818
All Pools,AVAX - OK,0.3,False,0.00368,1.955,,0.17,1777861818
All Pools,YEEHAW - AMI,0.3,False,0.00367,9.596,,0.03,1777861818
All Pools,GAINS - TECH,0.3,False,0.00366,0.615,,0.54,1777861818
All Pools,GMX - JOE,0.3,False,0.00363,0.42664,,0.78,1777861818
All Pools,GMX - USDt,0.3,False,0.0036,0.37485,,0.88,1777861818
All Pools,GATOR - AMI,0.3,False,0.00358,4.532,,0.07,1777861818
All Pools,Psychic - Checkmate,0.3,False,0.00351,62.31,,0.01,1777861818
All Pools,Psychic - Equal,0.3,False,0.00347,62.17,,0.01,1777861818
All Pools,Psychic - Abracadabra,0.3,False,0.00345,62.15,,0.01,1777861818
All Pools,GG - AVAX,0.3,False,0.00347,0.16045,,1.97,1777861818
All Pools,BTCBR - USDC,0.3,False,0.00347,0.20023,,1.58,1777861818
All Pools,Checkmate - BLACK,0.3,False,0.00346,2.305,,0.14,1777861818
All Pools,WETH.e - STATIK,0.3,False,0.00345,1.373,,0.23,1777861818
All Pools,Equal - BLACK,0.3,False,0.00344,2.299,,0.14,1777861818
All Pools,Abracadabra - BLACK,0.3,False,0.00342,2.309,,0.14,1777861818
All Pools,Psychic - PlotTwist,0.3,False,0.00341,63.56,,0.0,1777861818
All Pools,AVXT - POLAR,0.3,False,0.00341,0.44179,,0.7,1777861818
All Pools,PlotTwist - BLACK,0.3,False,0.00338,2.348,,0.13,1777861818
All Pools,ZH - JOE,0.3,False,0.00337,2.87,,0.11,1777861818
All Pools,ZH - USDC.e,0.3,False,0.00336,23.02,,0.01,1777861818
All Pools,Psychic - KatzJoel,0.3,False,0.00325,62.14,,0.0,1777861818
All Pools,KatzJoel - BLACK,0.3,False,0.00322,2.31,,0.13,1777861818
All Pools,Psychic - Hexagon,0.3,False,0.00318,62.17,,0.0,1777861818
All Pools,Hexagon - BLACK,0.3,False,0.00314,2.302,,0.12,1777861818
All Pools,HCT - AVAX,0.3,False,0.00314,3.371,,0.08,1777861818
All Pools,NOCHILL - ARENA,0.3,False,0.00309,0.4478,,0.63,1777861818
All Pools,JOE - REDWOLF,0.3,False,0.00303,4.005,,0.07,1777861818
All Pools,USDC.e - TT,0.3,False,0.00297,2.026,,0.13,1777861818
All Pools,DCAU - DCAR,0.3,False,0.00296,0.28717,,0.94,1777861818
All Pools,USDC - TT,0.3,False,0.00276,2.02,,0.12,1777861818
All Pools,PNG - USDT.e,0.3,False,0.00276,0.89283,,0.28,1777861818
All Pools,SB - DAI.e,0.3,False,0.00275,0.12978,,1.93,1777861818
All Pools,XOMB - USDT.e,0.3,False,0.00273,2.411,,0.1,1777861818
All Pools,XOMB - AVAX,0.3,False,0.00273,21.47,,0.01,1777861818
All Pools,JOE - aXEN,0.3,False,0.00266,0.24086,,1.01,1777861818
All Pools,MIM - EDG,0.3,False,0.00263,7.851,,0.03,1777861818
All Pools,AVAX - EDG,0.3,False,0.00263,3.137,,0.08,1777861818
All Pools,xJOE - AVAX,0.3,False,0.00263,2.766,,0.09,1777861818
All Pools,BUSD - USDT.e,0.3,False,0.00262,0.07876,,3.04,1777861818
All Pools,USDT.e - NORTH,0.3,False,0.00259,26.67,,0.01,1777861818
All Pools,AVAX - NORTH,0.3,False,0.00258,2.116,,0.11,1777861818
All Pools,ARENA - AMI,0.3,False,0.00256,1.404,,0.17,1777861818
All Pools,BGLD - USDT.e,0.3,False,0.00253,16.95,,0.01,1777861818
All Pools,BGLD - AVAX,0.3,False,0.00252,4.385,,0.05,1777861818
All Pools,ARENA - JUICY,0.3,False,0.00245,0.03374,,6.63,1777861818
All Pools,USDT.e - iBONE,0.3,False,0.00245,4.806,,0.05,1777861818
All Pools,AVAX - iBONE,0.3,False,0.00245,5.425,,0.04,1777861818
All Pools,BSGG - AVAX,0.3,False,0.0024,3.862,,0.06,1777861818
All Pools,MIM - VYBE,0.3,False,0.00228,3.727,,0.06,1777861818
All Pools,AVAX - VYBE,0.3,False,0.00228,3.272,,0.06,1777861818
All Pools,TEDDY - AVAX,0.3,False,0.00226,16.86,,0.01,1777861818
All Pools,LUNA - USDC,0.3,False,0.00223,0.13043,,1.56,1777861818
All Pools,Psychic - Self,0.3,False,0.00222,64.21,,0.0,1777861818
All Pools,Self - BLACK,0.3,False,0.0022,1.014,,0.2,1777861818
All Pools,YEEHAW - HIGHER,0.3,False,0.00219,0.45342,,0.44,1777861818
All Pools,STG - JOE,0.3,False,0.00218,0.17125,,1.16,1777861818
All Pools,XPOW - USDt,0.3,False,0.00216,1.387,,0.14,1777861818
All Pools,XPOW - AVAX,0.3,False,0.00216,118.98,,0.0,1777861818
All Pools,JPYC - AVAX,0.3,False,0.00199,0.2758,,0.66,1777861818
All Pools,WITCH - USDC,0.3,False,0.00196,1.714,,0.1,1777861818
All Pools,WITCH - AVAX,0.3,False,0.00195,2.765,,0.06,1777861818
All Pools,GATOR - ARENA,0.3,False,0.00195,1.986,,0.09,1777861818
All Pools,SYN - USDT.e,0.3,False,0.00193,0.64355,,0.27,1777861818
All Pools,WLRS - USDC,0.3,False,0.00191,4.03,,0.04,1777861818
All Pools,AKA - USDt,0.3,False,0.0019,2.917,,0.06,1777861818
All Pools,AKA - AVAX,0.3,False,0.0019,2.266,,0.08,1777861818
All Pools,USDC - MU,0.3,False,0.00189,0.34506,,0.5,1777861818
All Pools,HOWDY - KONG,0.3,False,0.00188,0.41888,,0.41,1777861818
All Pools,LIRA - BUSD,0.3,False,0.00184,0.08302,,2.02,1777861818
All Pools,SYN - WETH.e,0.3,False,0.0018,0.67058,,0.25,1777861818
All Pools,GGP - JUICY,0.3,False,0.0018,0.0342,,4.8,1777861818
All Pools,USDC.e - XAVA,0.3,False,0.0018,0.36285,,0.45,1777861818
All Pools,GAINS - Always,0.3,False,0.00174,0.10365,,1.53,1777861818
All Pools,TokenZ - USDC,0.3,False,0.00171,3.767,,0.04,1777861818
All Pools,TokenZ - AVAX,0.3,False,0.00171,2.398,,0.07,1777861818
All Pools,MIM - PAR,0.3,False,0.0017,1.897,,0.08,1777861818
All Pools,AVAX - PAR,0.3,False,0.0017,2.368,,0.07,1777861818
All Pools,HERESY - MEOW,0.3,False,0.00167,0.27594,,0.55,1777861818
All Pools,sAVAX - USDC,0.3,False,0.00167,0.53421,,0.29,1777861818
All Pools,AVAX - MUG,0.3,False,0.00164,1.208,,0.12,1777861818
All Pools,AMI - EROL,0.3,False,0.0016,0.6786,,0.22,1777861818
All Pools,Balln - AMI,0.3,False,0.0016,0.60932,,0.24,1777861818
All Pools,RAIN - AVAX,0.3,False,0.00157,20.29,,0.01,1777861818
All Pools,TSD - AVAX,0.3,False,0.00157,323.0,,,1777861818
All Pools,COQ - RAIN,0.3,False,0.00156,0.18619,,0.77,1777861818
All Pools,BTC.b - MUG,0.3,False,0.00156,0.89158,,0.16,1777861818
All Pools,MIM - ICE,0.3,False,0.0015,0.98355,,0.14,1777861818
All Pools,AVAX - ICE,0.3,False,0.0015,149.03,,,1777861818
All Pools,EGG - USDT.e,0.3,False,0.00149,1.96,,0.07,1777861818
All Pools,EGG - AVAX,0.3,False,0.00149,1.681,,0.08,1777861818
All Pools,3ULL - USDC,0.3,False,0.00145,0.65459,,0.2,1777861818
All Pools,NXPC - USDC,0.3,False,0.00142,0.71622,,0.18,1777861818
All Pools,Anon - USDC,0.3,False,0.00141,1.02,,0.13,1777861818
All Pools,TIME - SPELL,0.3,False,0.00138,0.83444,,0.15,1777861818
All Pools,CANS - AMI,0.3,False,0.00135,0.22833,,0.54,1777861818
All Pools,MIM - TEMPO,0.3,False,0.00132,6.676,,0.02,1777861818
All Pools,TEMPO - AVAX,0.3,False,0.00132,1.07,,0.11,1777861818
All Pools,HUSKY - SNOWY,0.3,False,0.00131,0.43827,,0.27,1777861818
All Pools,QI - SNOWY,0.3,False,0.0013,0.80542,,0.15,1777861818
All Pools,TT - DAI.e,0.3,False,0.00129,1.934,,0.06,1777861818
All Pools,UST - WINE,0.3,False,0.00129,0.87605,,0.13,1777861818
All Pools,AVAX - WINE,0.3,False,0.00128,0.66661,,0.18,1777861818
All Pools,Naughty - HIGHER,0.3,False,0.00127,0.44745,,0.26,1777861818
All Pools,Naughty - AVAX,0.3,False,0.00126,239.0,,,1777861818
All Pools,PTOP1200 - TOPIA,0.3,False,0.00117,103.44,,0.0,1777861818
All Pools,SNTA - MIM,0.3,False,0.00114,0.99476,,0.1,1777861818
All Pools,ZUM - MEOW,0.3,False,0.00111,0.18064,,0.56,1777861818
All Pools,Balln - HOWDY,0.3,False,0.00106,0.3038,,0.32,1777861818
All Pools,JOE - aDXN,0.3,False,0.00106,0.83344,,0.12,1777861818
All Pools,JOE - CNR,0.3,False,0.00106,1.065,,0.09,1777861818
All Pools,COQ - BOBS,0.3,False,0.00106,0.12039,,0.8,1777861818
All Pools,MUME - USDC,0.3,False,0.00106,0.0844,,1.14,1777861818
All Pools,LIRA - USDt,0.3,False,0.00103,0.0743,,1.27,1777861818
All Pools,GURS - UNIQOC,0.3,False,,0.40822,,0.22,1777861818
All Pools,AVAX - KEESH,0.3,False,,1296.87,,,1777861818
All Pools,COQ - KEESH,0.3,False,,0.12077,,0.73,1777861818
All Pools,RD - USDC.e,0.3,False,,7.146,,0.01,1777861818
All Pools,QI - USDC,0.3,False,,0.08893,,0.95,1777861818
All Pools,weETH - AVAX,0.3,False,,0.38187,,0.22,1777861818
All Pools,ROCO - USDT.e,0.3,False,,0.08495,,0.96,1777861818
All Pools,JOE - AVE,0.3,False,,1.799,,0.04,1777861818
All Pools,LAMA - AVAX,0.3,False,,11801.0,,,1777861818
All Pools,USDC - DAI.e,0.3,False,,2.018,,0.04,1777861818
All Pools,LAMA - JUICY,0.3,False,,0.01587,,4.87,1777861818
All Pools,AVAX - RUG,0.3,False,,0.54093,,0.14,1777861818
All Pools,COQ - BMC,0.3,False,,0.09487,,0.8,1777861818
All Pools,USDC - NXUSD,0.3,False,,3.485,,0.02,1777861818
All Pools,Always - KONG,0.3,False,,0.04233,,1.76,1777861818
All Pools,AVAX - NXUSD,0.3,False,,0.48933,,0.15,1777861818
All Pools,SeventeenSeventyFive - BLACK,0.3,False,,0.55394,,0.13,1777861818
All Pools,WhoLovesYou - BLACK,0.3,False,,0.55332,,0.13,1777861818
All Pools,GAINS - MEOW,0.3,False,,0.21109,,0.34,1777861818
All Pools,BUSD - MU,0.3,False,,0.0262,,2.67,1777861818
All Pools,MIM - WBTC.e,0.3,False,,0.05657,,1.22,1777861818
All Pools,COQ - USDt,0.3,False,,0.05383,,1.2,1777861818
All Pools,MAD - AVAX,0.3,False,,12.32,,0.01,1777861818
All Pools,COQ - MAD,0.3,False,,0.06123,,1.02,1777861818
All Pools,MUMO - AVAX,0.3,False,,0.1793,,0.34,1777861818
All Pools,3AC - NOCHILL,0.3,False,,0.18462,,0.33,1777861818
All Pools,JEWEL - AVAX,0.3,False,,0.22586,,0.27,1777861818
All Pools,MUMO - MU,0.3,False,,0.61132,,0.1,1777861818
All Pools,MIM - sTHO,0.3,False,,498.65,,,1777861818
All Pools,WETH.e - MUi,0.3,False,,0.03047,,1.82,1777861818
All Pools,MUME - BUSD,0.3,False,,0.0285,,1.83,1777861818
All Pools,WETH.e - ETHM,0.3,False,,0.5036,,0.1,1777861818
All Pools,ETHM - USDC.e,0.3,False,,0.47952,,0.11,1777861818
All Pools,DoloresCannon - BLACK,0.3,False,,0.55309,,0.09,1777861818
All Pools,meGNX - aAvaAAVE,0.3,False,,0.03398,,1.37,1777861818
All Pools,AAVE.e - BTCBR,0.3,False,,0.20479,,0.23,1777861818
All Pools,MUME - USDC.e,0.3,False,,0.55374,,0.08,1777861818
All Pools,HUSKY - aXEN,0.3,False,,0.07221,,0.6,1777861818
All Pools,MUi - WINK,0.3,False,,0.01637,,2.54,1777861818
All Pools,YEEHAW - MU,0.3,False,,0.28965,,0.14,1777861818
All Pools,YEEHAW - ARENA,0.3,False,,2.366,,0.02,1777861818
All Pools,AVAX - BIFI,0.3,False,,235.55,,,1777861818
All Pools,HUSKY - SMRTr,0.3,False,,0.07022,,0.58,1777861818
All Pools,BINGO - AVAX,0.3,False,,1846.03,,,1777861818
All Pools,COQ - BINGO,0.3,False,,0.03088,,1.29,1777861818
All Pools,USDT.e - TUSK,0.3,False,,0.15159,,0.24,1777861818
All Pools,AVAX - TUSK,0.3,False,,2.49,,0.01,1777861818
All Pools,WETH.e - FEED,0.3,False,,0.07251,,0.47,1777861818
All Pools,SHOE - COQ,0.3,False,,0.03694,,0.84,1777861818
All Pools,HUSKY - TRESR,0.3,False,,0.05109,,0.59,1777861818
All Pools,UNI.e - AVAX,0.3,False,,0.03142,,0.95,1777861818
All Pools,COQ - STRAMI,0.3,False,,0.03658,,0.8,1777861818
All Pools,BLZZ - USDT.e,0.3,False,,0.13017,,0.22,1777861818
All Pools,BLZZ - AVAX,0.3,False,,7868.32,,,1777861818
All Pools,GENI - USDC.e,0.3,False,,0.12293,,0.23,1777861818
All Pools,GURS - MEAT,0.3,False,,0.03267,,0.88,1777861818
All Pools,GEGGS - AVAX,0.3,False,,0.04081,,0.66,1777861818
All Pools,ROCO - SMRT,0.3,False,,0.02575,,1.0,1777861818
All Pools,AVAX - EGS,0.3,False,,920.36,,,1777861818
All Pools,COQ - EGS,0.3,False,,0.02186,,1.03,1777861818
All Pools,USDC - PENDLE,0.3,False,,0.04475,,0.49,1777861818
All Pools,USDT.e - SPRT,0.3,False,,0.09405,,0.23,1777861818
All Pools,AVAX - SPRT,0.3,False,,54.82,,,1777861818
All Pools,BANG - AVAX,0.3,False,,0.56722,,0.04,1777861818
All Pools,BANG - COQ,0.3,False,,0.02576,,0.81,1777861818
All Pools,USDC - MUME,0.3,False,,0.04482,,0.46,1777861818
All Pools,MUME - MU,0.3,False,,0.74961,,0.03,1777861818
All Pools,AVAX - SQRCAT,0.3,False,,5972.83,,,1777861818
All Pools,COQ - SQRCAT,0.3,False,,0.0272,,0.69,1777861818
All Pools,Always - AMI,0.3,False,,0.00785,,2.36,1777861818
All Pools,LAMBO - AVAX,0.3,False,,0.00838,,2.17,1777861818
All Pools,Now - AVAX,0.3,False,,0.02911,,0.58,1777861818
All Pools,Now - BLACK,0.3,False,,0.19436,,0.09,1777861818
All Pools,DYP - AVAX,0.3,False,,68.79,,,1777861818
All Pools,COQ - CANS,0.3,False,,0.01322,,1.14,1777861818
All Pools,Quet - WETH.e,0.3,False,,0.0241,,0.62,1777861818
All Pools,Quet - AVAX,0.3,False,,0.14772,,0.1,1777861818
All Pools,ABOB - AVAX,0.3,False,,828.52,,,1777861818
All Pools,COQ - ABOB,0.3,False,,0.01568,,0.9,1777861818
All Pools,WETH.e - GMX,0.3,False,,0.03275,,0.43,1777861818
All Pools,AVAX - MOANI,0.3,False,,0.00135,,10.27,1777861818
All Pools,JOE - AMI,0.3,False,,0.25959,,0.05,1777861818
All Pools,MUi - MU,0.3,False,,0.08346,,0.16,1777861818
All Pools,COQ - MUi,0.3,False,,0.01617,,0.8,1777861818
All Pools,WETH.e - LINK.e,0.3,False,,0.14891,,0.08,1777861818
All Pools,MUi - LINK.e,0.3,False,,0.01746,,0.71,1777861818
All Pools,AVAX - ncash,0.3,False,,0.00934,,1.32,1777861818
All Pools,$Td - AMI,0.3,False,,40.88,,,1777861818
All Pools,$Td - NICK,0.3,False,,0.00192,,5.26,1777861818
All Pools,SHEN - REDWOLF,0.3,False,,0.00313,,2.76,1777861818
All Pools,COQ - MUG,0.3,False,,0.00528,,1.51,1777861818
All Pools,UST - USDT.e,0.3,False,,0.00992,,0.75,1777861818
All Pools,LAMBO - ROTI,0.3,False,,0.24875,,0.02,1777861818
All Pools,AVAX - DOG,0.3,False,,68.47,,,1777861818
All Pools,GURS - DOG,0.3,False,,,,5.39,1777861818
All Pools,GURS - COQ,0.3,False,,0.00492,,0.84,1777861818
All Pools,aAvaWAVAX - AVAX,0.3,False,,0.2607,,0.0,1777861818
All Pools,FATE - USDC,0.3,False,,606920.0,,,1777861818
All Pools,MIM - JOE,0.3,False,,0.00737,,,1777861818
All Pools,[i]Lluminati - Chrism,0.3,False,0.0,0.0,0.0,0.0,1777861818
All Pools,DoloresCannon - SaintGermain,0.3,False,0.0,0.0,0.0,0.0,1777861818
All Pools,ElvisJackpot - SaintGermain,0.3,False,0.0,0.0,0.0,0.0,1777861818
All Pools,SeventeenSeventyFive - SaintGermain,0.3,False,0.0,0.0,0.0,0.0,1777861818
All Pools,SaintGermain - WhoLovesYou,0.3,False,0.0,0.0,0.0,0.0,1777861818
All Pools,AUSD - USDC,0.01,False,10129524.0,4185462.0,1013.01,8.83,1777865422
All Pools,AUSD - USDt,0.01,False,10102090.0,3463625.0,1010.27,10.65,1777865422
All Pools,AVAX - USDC,0.05,False,3154466.0,3954598.0,1677.18,15.48,1777865422
All Pools,BTC.b - USDC,0.05,False,321784.0,813989.0,167.36,7.5,1777865422
All Pools,USDC.e - O3,0.3,False,228496.0,344747843.0,571.24,0.06,1777865422
All Pools,AVAX - USDC,0.2,False,68274.0,208055.0,137.24,24.08,1777865422
All Pools,sAVAX - AVAX,0.01,False,47635.0,191084.0,4.769,0.91,1777865422
All Pools,GUN - AVAX,0.25,False,46830.0,127535.0,121.1,34.66,1777865422
All Pools,GUN - AVAX,0.1,False,40739.0,40493.0,43.57,39.27,1777865422
All Pools,ARENA - AVAX,0.01,False,39578.0,180063.0,3.957,0.8,1777865422
All Pools,USDC - XAVA,0.3,False,36812.0,614383.0,92.03,5.47,1777865422
All Pools,AVAX - BTC.b,0.05,False,32575.0,592478.0,17.18,1.06,1777865422
All Pools,NXPC - AVAX,0.3,False,32126.0,241753.0,80.31,12.13,1777865422
All Pools,USDt - USDC,0.005,False,28402.0,696859.0,1.989,0.1,1777865422
All Pools,USDT.e - USDC,0.02,False,22256.0,48841.0,4.464,3.34,1777865422
All Pools,DAI.e - USDC,0.02,False,19961.0,29803.0,3.839,4.7,1777865422
All Pools,WBTC - BTC.b,0.03,False,17538.0,84513.0,5.329,2.3,1777865422
All Pools,AVAX - USDt,0.2,False,15615.0,132662.0,31.48,8.66,1777865422
All Pools,FOLKS - AVAX,0.25,False,14617.0,35163.0,37.27,38.68,1777865422
All Pools,QI - AVAX,0.3,False,14203.0,247631.0,35.51,5.23,1777865422
All Pools,COQ - AVAX,0.3,False,13981.0,619645.0,34.95,2.06,1777865422
All Pools,USDT.e - USDt,0.02,False,12109.0,44446.0,2.425,1.99,1777865422
All Pools,AVAX - USDT.e,0.3,False,11485.0,556987.0,28.71,1.88,1777865422
All Pools,XAUt0 - USDt,0.04,False,10699.0,39177.0,4.671,4.35,1777865422
All Pools,MIM - AVAX,0.3,False,10152.0,567529.0,25.38,1.63,1777865422
All Pools,AVAX - USDC,0.3,False,10053.0,409512.0,25.13,2.24,1777865422
All Pools,AAVE.e - AVAX,0.3,False,9187.53,307599.0,22.97,2.73,1777865422
All Pools,JOE - AVAX,0.3,False,9071.06,535228.0,22.68,1.55,1777865422
All Pools,USDC.e - AVAX,0.3,False,9041.63,434038.0,22.6,1.9,1777865422
All Pools,WBTC.e - BTC.b,0.03,False,7008.62,335408.0,2.154,0.23,1777865422
All Pools,JOE - USDC.e,0.3,False,5500.76,343474.0,13.75,1.46,1777865422
All Pools,USDt - USDC,0.01,False,5118.63,182055.0,0.40995,0.08,1777865422
All Pools,EURC - USDC,0.03,False,4286.13,13127.0,1.41,3.92,1777865422
All Pools,LCPEDU - USDt,0.8,False,3918.87,9626335.0,62.83,0.24,1777865422
All Pools,ORNG - AVAX,0.3,False,3231.61,27883.0,8.079,10.58,1777865422
All Pools,USDT.e - USDC,0.02,False,2901.86,887.82,0.29925,12.3,1777865422
All Pools,FLD - AVAX,0.3,False,2865.77,52567.0,7.164,4.97,1777865422
All Pools,JPYC - USDC,0.04,False,2557.61,4470.29,1.58,12.9,1777865422
All Pools,BEAM - AVAX,0.3,False,2438.77,95565.0,6.097,2.33,1777865422
All Pools,BEAM - AVAX,0.25,False,2382.69,20447.0,6.003,10.72,1777865422
All Pools,BEAM - USDC,0.3,False,2128.85,72910.0,5.322,2.66,1777865422
All Pools,HEFE - AVAX,0.3,False,2126.92,21649.0,5.317,8.96,1777865422
All Pools,DAI.e - USDC,0.02,False,2104.85,2430.58,0.4074,6.12,1777865422
All Pools,WETH.e - AVAX,0.3,False,1982.99,506011.0,4.957,0.36,1777865422
All Pools,XAVA - AVAX,0.8,False,1870.29,230917.0,15.07,2.38,1777865422
All Pools,SOL - AVAX,0.3,False,1727.28,441249.0,4.318,0.36,1777865422
All Pools,WBTC.e - AVAX,0.3,False,1632.53,175082.0,4.081,0.85,1777865422
All Pools,ZRO - AVAX,0.25,False,1554.65,2312.15,11.84,186.98,1777865422
All Pools,AVAX - avUSD,0.25,False,1399.76,2375.63,3.517,54.04,1777865422
All Pools,XAVA - AVAX,0.25,False,1348.7,3230.08,3.409,38.53,1777865422
All Pools,JOE - USDT.e,0.3,False,1293.57,68745.0,3.234,1.72,1777865422
All Pools,SolvBTC - BTC.b,0.04,False,1258.36,246800.0,1.091,0.16,1777865422
All Pools,USDt - AVAX,0.3,False,1216.49,45456.0,3.041,2.44,1777865422
All Pools,BTC.b - AVAX,0.3,False,1184.08,144133.0,2.96,0.75,1777865422
All Pools,AUSD - AVAX,0.1,False,1108.51,40216.0,1.135,1.03,1777865422
All Pools,AVAX - JUICE,0.3,False,1059.62,16070.0,2.649,6.02,1777865422
All Pools,SIERRA - USDC,0.1,False,994.7,39741.0,0.99564,0.91,1777865422
All Pools,SHRAP - AVAX,0.8,False,985.68,13582.0,9.898,26.6,1777865422
All Pools,LINK.e - AVAX,0.3,False,940.68,49336.0,2.352,1.74,1777865422
All Pools,JOE - USDC,0.3,False,837.53,40880.0,2.094,1.87,1777865422
All Pools,AVAX - ALVA,0.3,False,796.58,1260.31,1.991,57.67,1777865422
All Pools,ALOT - AVAX,0.3,False,786.18,230121.0,1.965,0.31,1777865422
All Pools,MUON - AVAX,0.3,False,742.96,48021.0,1.857,1.41,1777865422
All Pools,AVAX - DAI.e,0.3,False,738.53,34536.0,1.846,1.95,1777865422
All Pools,w3ULL - AVAX,0.3,False,590.86,66403.0,1.477,0.81,1777865422
All Pools,WETH.e - USDC,0.15,False,552.53,10056.0,0.84196,3.06,1777865422
All Pools,USDt - INFRA.e,0.3,False,536.2,24410.0,1.341,2.0,1777865422
All Pools,GOC - AVAX,0.3,False,526.67,0.2009,1.317,239220.95,1777865422
All Pools,AVAX - XAVA,0.3,False,514.74,16167.0,1.287,2.91,1777865422
All Pools,SB - AVAX,0.3,False,461.2,7057.33,1.153,5.96,1777865422
All Pools,sAVAX - JACK,0.3,False,456.98,293440.0,1.142,0.14,1777865422
All Pools,JOE - AVAX,0.25,False,442.29,11575.0,1.113,3.51,1777865422
All Pools,AARB - AVAX,0.3,False,439.33,0.18347,1.098,218502.69,1777865422
All Pools,ARC - AVAX,0.3,False,439.02,0.18341,1.098,218424.15,1777865422
All Pools,UTAO - AVAX,0.3,False,433.74,0.18231,1.084,217090.18,1777865422
All Pools,NOCHILL - AVAX,0.3,False,412.01,91519.0,1.03,0.41,1777865422
All Pools,XSEED - AVAX,0.3,False,322.64,12469.0,0.80659,2.36,1777865422
All Pools,NXUSD - WXT,0.3,False,321.5,788321.0,0.80374,0.04,1777865422
All Pools,QI - AVAX,0.25,False,305.33,15364.0,0.76501,1.82,1777865422
All Pools,APIX - ID,0.3,False,221.12,25453.0,0.55279,0.79,1777865422
All Pools,HERESY - AVAX,0.3,False,220.93,21994.0,0.55234,0.92,1777865422
All Pools,HUNDRED - USDC,0.3,False,218.56,521219.0,0.5464,0.04,1777865422
All Pools,MIM - SB,0.3,False,200.65,5788.94,0.50162,3.16,1777865422
All Pools,XETA - USDC,0.3,False,191.68,6451.04,0.4792,2.71,1777865422
All Pools,UST - AVAX,0.3,False,182.64,7826.12,0.45659,2.13,1777865422
All Pools,STG - USDC,0.3,False,178.29,1478.28,0.44572,11.01,1777865422
All Pools,WBTC.e - BTC.b,0.03,False,177.95,698.0,0.07777,4.07,1777865422
All Pools,WETH.e - USDC.e,0.3,False,172.12,12501.0,0.43029,1.26,1777865422
All Pools,AVAX - JUICY,0.3,False,172.09,3044.99,0.43023,5.16,1777865422
All Pools,USDt - USDC,0.02,False,161.56,2241.06,0.03235,0.53,1777865422
All Pools,YAK - AVAX,0.3,False,150.53,113330.0,0.37632,0.12,1777865422
All Pools,AVAX - UST,0.3,False,144.65,9108.19,0.36164,1.45,1777865422
All Pools,GMX - AVAX,0.3,False,138.6,5015.55,0.3465,2.52,1777865422
All Pools,AVAX - CLY,0.3,False,128.04,60483.0,0.32009,0.19,1777865422
All Pools,APIX - USDt,0.3,False,126.77,6953.32,0.31693,1.66,1777865422
All Pools,SOL - AVAX,0.1,False,124.54,1102.9,0.12849,4.25,1777865422
All Pools,gOHM - AVAX,0.3,False,123.84,142704.0,0.30959,0.08,1777865422
All Pools,MEAT - AVAX,0.3,False,109.52,5446.45,0.2738,1.83,1777865422
All Pools,KIMBO - AVAX,0.3,False,108.4,65249.0,0.271,0.15,1777865422
All Pools,PTOP800 - AVAX,0.1,False,104.83,609.51,0.10525,6.3,1777865422
All Pools,PTOP800 - USDC,0.1,False,102.2,661.31,0.10283,5.68,1777865422
All Pools,STG - AVAX,0.3,False,88.08,1483.79,0.22021,5.42,1777865422
All Pools,EVO - AVAX,0.3,False,86.05,13814.0,0.21512,0.57,1777865422
All Pools,PTOP1100 - AVAX,0.1,False,81.86,366.26,0.08248,8.22,1777865422
All Pools,MIM - USDt,0.03,False,80.11,9.716,0.02587,97.18,1777865422
All Pools,PTOP1100 - USDC,0.1,False,79.7,670.94,0.07996,4.35,1777865422
All Pools,GGP - AVAX,0.3,False,74.96,93080.0,0.1874,0.07,1777865422
All Pools,PRIME - AVAX,0.4,False,70.0,109618.0,0.88946,0.3,1777865422
All Pools,JOE - AVAX,0.15,False,69.56,71097.0,0.10667,0.05,1777865422
All Pools,LUNA - USDC.e,0.3,False,68.64,888.34,0.17159,7.05,1777865422
All Pools,APIX - USDC,0.3,False,60.52,3471.26,0.15131,1.59,1777865422
All Pools,FITFI - USDT.e,0.3,False,56.59,377.83,0.14148,13.67,1777865422
All Pools,SWORLD - AVAX,0.3,False,49.38,7065.17,0.12346,0.64,1777865422
All Pools,CDK - AVAX,0.25,False,48.94,5713.7,0.19133,1.22,1777865422
All Pools,CAT - AVAX,0.3,False,46.43,1919.57,0.11609,2.21,1777865422
All Pools,AVAX - RISE,0.3,False,45.82,60216.0,0.11455,0.07,1777865422
All Pools,APIX - ARENA,0.3,False,43.91,2372.31,0.10977,1.69,1777865422
All Pools,PTOP1200 - AVAX,0.1,False,43.58,692.13,0.04362,2.3,1777865422
All Pools,PTOP1200 - USDC,0.1,False,43.05,199.56,0.04365,7.98,1777865422
All Pools,USDC.e - USDC,0.3,False,35.87,484342.0,0.08969,0.01,1777865422
All Pools,gOHM - FRAX,0.3,False,31.85,3630.22,0.07962,0.8,1777865422
All Pools,GUN - BLSEYE🎯,0.3,False,31.79,959.02,0.07947,3.02,1777865422
All Pools,GENI - USDC,0.3,False,29.72,1490.08,0.07429,1.82,1777865422
All Pools,BLSEYE🎯 - AVAX,0.3,False,28.7,6111.28,0.07176,0.43,1777865422
All Pools,PTOP800 - BTC.b,0.1,False,28.11,1012.54,0.02951,1.06,1777865422
All Pools,USDt - ncash,0.3,False,26.94,1147.33,0.06735,2.14,1777865422
All Pools,HUSKY - AVAX,0.3,False,26.68,3743.05,0.0667,0.65,1777865422
All Pools,BOI - AVAX,0.3,False,24.44,74.54,0.06111,29.93,1777865422
All Pools,ROCO - AVAX,0.3,False,22.56,1302.56,0.0564,1.58,1777865422
All Pools,PNG - AVAX,0.3,False,22.12,1077.63,0.05531,1.87,1777865422
All Pools,Balln - AVAX,0.3,False,21.85,4322.25,0.05462,0.46,1777865422
All Pools,GLCH - AVAX,0.3,False,21.76,0.20156,0.0544,9850.82,1777865422
All Pools,GURS - AVAX,0.3,False,21.65,7687.14,0.05413,0.26,1777865422
All Pools,KINGSHIT - AVAX,0.3,False,21.62,1.844,0.05404,1069.58,1777865422
All Pools,KLO - AVAX,0.3,False,20.92,14987.0,0.05231,0.13,1777865422
All Pools,GUN - AVAX,0.3,False,19.62,449.06,0.04904,3.99,1777865422
All Pools,BOOTY - AVAX,0.3,False,19.12,2146.01,0.04781,0.81,1777865422
All Pools,USDC.e - DAI.e,0.3,False,19.07,22859.0,0.04768,0.08,1777865422
All Pools,BLIZZ - AVAX,0.3,False,18.75,882.88,0.04687,1.94,1777865422
All Pools,HAT - AVAX,0.3,False,17.93,9701.7,0.04484,0.17,1777865422
All Pools,AVAX - FRAX,0.3,False,17.89,1028.81,0.04472,1.59,1777865422
All Pools,MIM - WETH.e,0.3,False,17.7,1481.76,0.04424,1.09,1777865422
All Pools,POLAR - AVAX,0.3,False,17.12,1856.68,0.0428,0.84,1777865422
All Pools,PTOP1300 - AVAX,0.1,False,16.74,581.65,0.01677,1.05,1777865422
All Pools,PTOP1300 - USDC,0.1,False,16.46,349.3,0.01652,1.73,1777865422
All Pools,Psychic - AVAX,0.3,False,16.06,1200.85,0.04014,1.22,1777865422
All Pools,MEOW - AVAX,0.3,False,15.58,10579.0,0.03895,0.13,1777865422
All Pools,SECOND - AVAX,0.3,False,15.5,1797.25,0.03874,0.79,1777865422
All Pools,SECOND - USDC,0.3,False,15.49,7264.6,0.03873,0.19,1777865422
All Pools,CAPY - ARENA,0.3,False,15.41,31729.0,0.03852,0.04,1777865422
All Pools,BUSD - AVAX,0.3,False,15.32,427.83,0.0383,3.27,1777865422
All Pools,RGOGLZ - USDC,0.3,False,14.8,1608.55,0.03699,0.84,1777865422
All Pools,COQ - AVAX,0.8,False,14.13,10554.0,0.11361,0.39,1777865422
All Pools,HATCHY - AVAX,0.3,False,14.11,9937.83,0.03528,0.13,1777865422
All Pools,APIX - LAMBO,0.3,False,14.09,567.23,0.03522,2.27,1777865422
All Pools,ZRO - AVAX,0.3,False,14.02,202.45,0.03506,6.32,1777865422
All Pools,AVAX - DOMI,0.3,False,13.91,17684.0,0.03479,0.07,1777865422
All Pools,MAI - AVAX,0.3,False,13.72,1850.84,0.0343,0.68,1777865422
All Pools,TECH - AVAX,0.3,False,13.46,14332.0,0.03365,0.09,1777865422
All Pools,SHRAP - DOMI,0.3,False,13.28,309.95,0.03319,3.91,1777865422
All Pools,ORNG - JUCI,0.3,False,12.24,502.88,0.0306,2.22,1777865422
All Pools,Psychic - XAUt0,0.3,False,12.06,7063.79,0.03014,0.16,1777865422
All Pools,XROSS - ORNG,0.3,False,11.67,479.24,0.02916,2.22,1777865422
All Pools,UST - USDC.e,0.3,False,11.65,759.55,0.02913,1.4,1777865422
All Pools,DCAU - AVAX,0.3,False,11.54,1288.45,0.02885,0.82,1777865422
All Pools,DCAU - USDT.e,0.3,False,11.08,5362.18,0.02771,0.19,1777865422
All Pools,Ush - AVAX,0.3,False,10.84,2855.75,0.02709,0.35,1777865422
All Pools,ORNG - MOOM,0.3,False,10.6,400.16,0.0265,2.42,1777865422
All Pools,AVAX - GEC,0.3,False,10.57,36448.0,0.02644,0.03,1777865422
All Pools,YOU - ORNG,0.3,False,10.47,3212.03,0.02618,0.3,1777865422
All Pools,DATCM - ORNG,0.3,False,10.4,485.13,0.026,1.96,1777865422
All Pools,ggAVAX - AVAX,0.04,False,10.35,376.08,0.00105,0.1,1777865422
All Pools,AVAX - HON,0.3,False,10.22,92128.0,0.02554,0.01,1777865422
All Pools,COMET - AVAX,0.3,False,10.19,494.82,0.02549,1.88,1777865422
All Pools,agEUR - USDC,0.3,False,10.18,63.91,0.02545,14.54,1777865422
All Pools,SYN - AVAX,0.3,False,9.989,2799.26,0.02497,0.33,1777865422
All Pools,AVAXAI - USDC,0.3,False,9.669,1724.8,0.02417,0.51,1777865422
All Pools,EGG - AVAX,0.3,False,9.566,23386.0,0.02392,0.04,1777865422
All Pools,YUSD - AVAX,0.3,False,9.322,135.96,0.02331,6.26,1777865422
All Pools,MYST - AVAX,0.3,False,9.185,926.98,0.02296,0.9,1777865422
All Pools,STRZ - AVAX,0.3,False,9.168,27.99,0.02292,29.89,1777865422
All Pools,BLSEYE🎯 - ARENA,0.3,False,8.799,1188.98,0.022,0.68,1777865422
All Pools,KINGSHIT - AVAX,0.3,False,8.355,5043.51,0.02089,0.15,1777865422
All Pools,ORNG - FLUX,0.3,False,6.965,356.35,0.01741,1.78,1777865422
All Pools,ORNG - SAI,0.3,False,6.52,302.9,0.0163,1.96,1777865422
All Pools,FITFI - AVAX,0.3,False,6.17,40.21,0.01542,14.0,1777865422
All Pools,UST - USDC,0.3,False,6.026,485.09,0.01507,1.13,1777865422
All Pools,WINK - AVAX,0.3,False,5.968,89.4,0.01492,6.09,1777865422
All Pools,AVAX - PEFI,0.3,False,5.492,4591.82,0.01373,0.11,1777865422
All Pools,AVAX - ELK,0.3,False,4.817,1748.84,0.01204,0.25,1777865422
All Pools,USDC.e - USDT.e,0.3,False,4.738,40457.0,0.01184,0.01,1777865422
All Pools,COQ - COQAI,0.3,False,4.69,28541.0,0.01172,0.01,1777865422
All Pools,AVAX - SPELL,0.3,False,4.538,2817.04,0.01134,0.15,1777865422
All Pools,avUSD - sAVAX,0.3,False,4.521,267.97,0.0113,1.54,1777865422
All Pools,BLS - USDt,0.3,False,4.182,120.5,0.01045,3.17,1777865422
All Pools,Psychic - BLACK,0.3,False,3.95,471.43,0.00987,0.76,1777865422
All Pools,LIQR - AVAX,0.3,False,3.413,52391.0,0.00853,0.01,1777865422
All Pools,Gravity - BLACK,0.3,False,3.395,1081.09,0.00849,0.29,1777865422
All Pools,LINK.e - USDT.e,0.3,False,3.246,236.02,0.00812,1.26,1777865422
All Pools,USDT.e - CLY,0.3,False,3.243,264.58,0.00811,1.12,1777865422
All Pools,MYST - USDC,0.3,False,3.236,258.78,0.00809,1.14,1777865422
All Pools,FollowTheWhiteRabbit - BLACK,0.3,False,3.229,1191.82,0.00807,0.25,1777865422
All Pools,AVAX - aXEN,0.3,False,3.216,78.62,0.00804,3.73,1777865422
All Pools,REDWOLF - AVAX,0.3,False,3.166,510.91,0.00792,0.57,1777865422
All Pools,ISA - USDC.e,0.3,False,3.15,495.36,0.00788,0.58,1777865422
All Pools,BTC.b - TOPIA,0.3,False,3.091,315.03,0.00773,0.9,1777865422
All Pools,3QF - D - AVAX,0.3,False,3.056,1787.9,0.00764,0.16,1777865422
All Pools,3QF - D - WETH.e,0.3,False,3.048,3172.28,0.00762,0.09,1777865422
All Pools,SWIFT - USDC.e,0.3,False,2.989,545.73,0.00747,0.5,1777865422
All Pools,ISA - AVAX,0.3,False,2.959,1490.62,0.0074,0.18,1777865422
All Pools,USDt - USDT.e,0.3,False,2.918,20427.0,0.00729,0.01,1777865422
All Pools,GUDVBZ - AVAX,0.3,False,2.902,454.04,0.00726,0.58,1777865422
All Pools,BLSEYE🎯 - BEAM,0.3,False,2.881,349.48,0.0072,0.75,1777865422
All Pools,MIM - USDC.e,0.3,False,2.792,2007.64,0.00698,0.13,1777865422
All Pools,TINU - AVAX,0.3,False,2.724,1365.97,0.00681,0.18,1777865422
All Pools,USDT.e - DAI.e,0.3,False,2.706,7349.77,0.00676,0.03,1777865422
All Pools,Trinity - BLACK,0.3,False,2.622,570.82,0.00655,0.42,1777865422
All Pools,APOW - AVAX,0.3,False,2.586,1099.66,0.00646,0.21,1777865422
All Pools,AVAX - PENDLE,0.3,False,2.541,7740.37,0.00635,0.03,1777865422
All Pools,WETH - USDC.e,0.3,False,2.475,231.27,0.00619,0.98,1777865422
All Pools,SWIFT - WETH.e,0.3,False,2.464,1665.61,0.00616,0.13,1777865422
All Pools,Gravity - AVAX,0.3,False,2.446,344.02,0.00612,0.65,1777865422
All Pools,YAK - USDC.e,0.3,False,2.44,223.11,0.0061,1.0,1777865422
All Pools,LINK.e - USDC.e,0.3,False,2.408,197.04,0.00602,1.12,1777865422
All Pools,COQ - BLSEYE🎯,0.3,False,2.371,216.81,0.00593,1.0,1777865422
All Pools,LUNA - AVAX,0.3,False,2.355,22.48,0.00589,9.56,1777865422
All Pools,Trinity - AVAX,0.3,False,2.343,1051.01,0.00586,0.2,1777865422
All Pools,FollowTheWhiteRabbit - AVAX,0.3,False,2.314,167.54,0.00579,1.26,1777865422
All Pools,AVAX - USDT,0.3,False,2.309,2031.38,0.00577,0.1,1777865422
All Pools,PNG - JOE,0.3,False,2.304,175.75,0.00576,1.2,1777865422
All Pools,Now - BLACK,0.3,False,2.275,448.1,0.00569,0.46,1777865422
All Pools,LUNA - USDC.e,0.3,False,2.222,330.53,0.00555,0.61,1777865422
All Pools,AVAX - FRAX,0.3,False,2.08,276.24,0.0052,0.69,1777865422
All Pools,DPS - AVAX,0.3,False,2.054,225.86,0.00513,0.83,1777865422
All Pools,DPS - USDC,0.3,False,2.053,1953.6,0.00513,0.1,1777865422
All Pools,67 - AVAX,0.3,False,2.022,26.45,0.00505,6.98,1777865422
All Pools,JPYC - USDC,0.3,False,2.017,353.94,0.00504,0.52,1777865422
All Pools,AAVE.e - REDWOLF,0.3,False,1.993,165.37,0.00498,1.1,1777865422
All Pools,SVETA - AVAX,0.3,False,1.97,1414.01,0.00493,0.13,1777865422
All Pools,MaryMagdalene - AVAX,0.3,False,1.945,228.45,0.00486,0.78,1777865422
All Pools,WETH.e - USDT.e,0.3,False,1.912,169.73,0.00478,1.03,1777865422
All Pools,USDC.e - MU,0.3,False,1.898,13581.0,0.00475,0.01,1777865422
All Pools,AVAX - TIME,0.3,False,1.842,1231.76,0.0046,0.14,1777865422
All Pools,XAUt0 - Gravity,0.3,False,1.834,403.38,0.00459,0.41,1777865422
All Pools,USDC - SHRAP,0.3,False,1.813,29.44,0.00453,5.62,1777865422
All Pools,GENI - AVAX,0.3,False,1.746,75.32,0.00437,2.12,1777865422
All Pools,CATWIF - AVAX,0.3,False,1.743,3309.3,0.00436,0.05,1777865422
All Pools,REDWOLF - USDC,0.3,False,1.711,204.91,0.00428,0.76,1777865422
All Pools,USDC - SOCK,0.3,False,1.547,489.0,0.00387,0.29,1777865422
All Pools,AVAX - SOCK,0.3,False,1.546,3371.73,0.00386,0.04,1777865422
All Pools,BRO - AVAX,0.3,False,1.511,140839.0,0.00378,,1777865422
All Pools,BRO - COQ,0.3,False,1.504,207.69,0.00376,0.66,1777865422
All Pools,FXS - AVAX,0.3,False,1.498,448.32,0.00374,0.3,1777865422
All Pools,MAGICK - AVAX,0.3,False,1.482,361.47,0.00371,0.37,1777865422
All Pools,MAGICK - USDC,0.3,False,1.482,242.72,0.0037,0.56,1777865422
All Pools,USDC.e - AVVO,0.3,False,1.42,253.77,0.00355,0.51,1777865422
All Pools,SHOE - AVAX,0.3,False,1.416,676.17,0.00354,0.19,1777865422
All Pools,HUSKY - JOE,0.3,False,1.4,187.91,0.0035,0.68,1777865422
All Pools,SHOE - BTC.b,0.3,False,1.365,858.34,0.00341,0.15,1777865422
All Pools,USDT.e - ONION,0.3,False,1.354,778.88,0.00339,0.16,1777865422
All Pools,APOW - USDC,0.3,False,1.346,170.39,0.00337,0.72,1777865422
All Pools,LF - AVAX,0.3,False,1.342,296.94,0.00335,0.41,1777865422
All Pools,MIM - LF,0.3,False,1.341,915.58,0.00335,0.13,1777865422
All Pools,USV - DAI.e,0.3,False,1.268,4326.89,0.00317,0.03,1777865422
All Pools,APOW - USDt,0.3,False,1.239,170.04,0.0031,0.66,1777865422
All Pools,AVAX - ONION,0.3,False,1.225,185.39,0.00306,0.6,1777865422
All Pools,BLSEYE🎯 - MEOW,0.3,False,1.218,676.11,0.00304,0.16,1777865422
All Pools,AVAX - AMI,0.3,False,1.186,551.36,0.00296,0.2,1777865422
All Pools,WETH.e - ONION,0.3,False,1.178,279.4,0.00294,0.38,1777865422
All Pools,CAI - AVAX,0.3,False,1.171,1820.84,0.00293,0.06,1777865422
All Pools,JOE - USDT,0.3,False,1.143,370.78,0.00286,0.28,1777865422
All Pools,PIZZA - AVAX,0.3,False,1.134,518.59,0.00283,0.2,1777865422
All Pools,USDC.e - ONION,0.3,False,1.126,390.65,0.00281,0.26,1777865422
All Pools,SWIFT - AVAX,0.3,False,1.119,313.93,0.0028,0.33,1777865422
All Pools,XAUt0 - Now,0.3,False,1.109,719.92,0.00277,0.14,1777865422
All Pools,MONEY - AVAX,0.3,False,1.093,641.68,0.00273,0.16,1777865422
All Pools,WBTC.e - ONION,0.3,False,1.076,415.34,0.00269,0.24,1777865422
All Pools,MIM - PEFI,0.3,False,1.056,206.97,0.00264,0.47,1777865422
All Pools,SMRTr - AVAX,0.3,False,1.051,37440.0,0.00263,0.0,1777865422
All Pools,SMRTr - USDC.e,0.3,False,1.048,127.4,0.00262,0.75,1777865422
All Pools,AVAX - IMPACT2,0.3,False,0.99989,172.41,0.0025,0.53,1777865422
All Pools,rloop - AVAX,0.3,False,0.99149,6342.17,0.00248,0.01,1777865422
All Pools,sAVAX - COQ,0.3,False,0.98744,95.48,0.00247,0.94,1777865422
All Pools,AVAX - $SICKO,0.3,False,0.9861,10.08,0.00247,8.93,1777865422
All Pools,ROY - AVAX,0.3,False,0.96256,5035.44,0.00241,0.02,1777865422
All Pools,LUNA - AVAX,0.3,False,0.95603,145.75,0.00239,0.6,1777865422
All Pools,Now - AVAX,0.3,False,0.90921,271.04,0.00227,0.31,1777865422
All Pools,MaryMagdalene - XAUt0,0.3,False,0.90443,1962.87,0.00226,0.04,1777865422
All Pools,BANKSY - AVAX,0.3,False,0.89529,175.31,0.00224,0.47,1777865422
All Pools,BANKSY - USDT.e,0.3,False,0.89473,1563.85,0.00224,0.05,1777865422
All Pools,HOST - DAI.e,0.3,False,0.88491,2622.62,0.00221,0.03,1777865422
All Pools,KIWI - AVAX,0.3,False,0.87414,117.76,0.00219,0.68,1777865422
All Pools,KIWI - USDC,0.3,False,0.84692,312.05,0.00212,0.25,1777865422
All Pools,DREGG - AVAX,0.3,False,0.83502,182.68,0.00209,0.42,1777865422
All Pools,DREGG - USDT.e,0.3,False,0.83427,549.48,0.00209,0.14,1777865422
All Pools,AVAX - SHRAP,0.3,False,0.8132,18.7,0.00203,3.97,1777865422
All Pools,AVAX - MU,0.3,False,0.78431,90.37,0.00196,0.79,1777865422
All Pools,GUN - AMI,0.3,False,0.78408,22.61,0.00196,3.16,1777865422
All Pools,WBTC.e - USDT.e,0.3,False,0.77985,174.94,0.00195,0.41,1777865422
All Pools,FTOMB - AVAX,0.3,False,0.76838,10309.0,0.00192,0.01,1777865422
All Pools,YETI - AVAX,0.3,False,0.75555,938.48,0.00189,0.07,1777865422
All Pools,BLS - SHRAP,0.3,False,0.75026,10.48,0.00188,6.53,1777865422
All Pools,AVAX - NaughtiusMaximus,0.3,False,0.74827,449.95,0.00187,0.15,1777865422
All Pools,TRESR - AVAX,0.3,False,0.74487,14924.0,0.00186,0.0,1777865422
All Pools,AVAX - AVVO,0.3,False,0.74353,308.52,0.00186,0.22,1777865422
All Pools,DAI.e - ONION,0.3,False,0.72753,356.74,0.00182,0.19,1777865422
All Pools,XAUt0 - NaughtiusMaximus,0.3,False,0.72025,1064.42,0.0018,0.06,1777865422
All Pools,Trinity - Psychic,0.3,False,0.70399,551.59,0.00176,0.12,1777865422
All Pools,DCAU - USDC,0.3,False,0.70233,152.54,0.00176,0.42,1777865422
All Pools,AVAX - KONG,0.3,False,0.69187,7596.27,0.00173,0.01,1777865422
All Pools,AVAX - SMRT,0.3,False,0.6714,2389.43,0.00168,0.03,1777865422
All Pools,VPND - AVAX,0.3,False,0.67039,25821.0,0.00168,0.0,1777865422
All Pools,UST - USDT.e,0.3,False,0.66311,43.01,0.00166,1.41,1777865422
All Pools,CANS - AVAX,0.3,False,0.64424,13.11,0.00161,4.49,1777865422
All Pools,GAINS - AVAX,0.3,False,0.63576,41.38,0.00159,1.4,1777865422
All Pools,USDT.e - SMRT,0.3,False,0.63509,107.77,0.00159,0.54,1777865422
All Pools,FollowTheWhiteRabbit - LuciferMorningstar,0.3,False,0.63467,3667.88,0.00159,0.02,1777865422
All Pools,USDC - SDOG,0.3,False,0.61797,485.58,0.00154,0.12,1777865422
All Pools,LadyMary - AVAX,0.3,False,0.58857,368.63,0.00147,0.15,1777865422
All Pools,USDC - GAU,0.3,False,0.57377,12278.0,0.00143,0.0,1777865422
All Pools,USDC.e - WXT,0.3,False,0.57193,293.07,0.00143,0.18,1777865422
All Pools,USDC - SPT,0.3,False,0.57067,41.04,0.00143,1.27,1777865422
All Pools,MIM - TIME,0.3,False,0.56701,123.47,0.00142,0.42,1777865422
All Pools,AVAX - ARENA,0.3,False,0.56247,82.39,0.00141,0.62,1777865422
All Pools,LadyMary - FollowTheWhiteRabbit,0.3,False,0.56163,652.59,0.0014,0.08,1777865422
All Pools,HUSKY - AMI,0.3,False,0.55309,87.94,0.00138,0.57,1777865422
All Pools,Trinity - LuciferMorningstar,0.3,False,0.53756,354393357.0,0.00134,,1777865422
All Pools,MAXI - DAI.e,0.3,False,0.53532,238.1,0.00134,0.21,1777865422
All Pools,AVAX - TheGospelOfMary,0.3,False,0.53441,159.6,0.00134,0.31,1777865422
All Pools,MM - USDC,0.3,False,0.53198,84.85,0.00133,0.57,1777865422
All Pools,MM - AVAX,0.3,False,0.53027,136.67,0.00133,0.35,1777865422
All Pools,BTC.b - IMPACT2,0.3,False,0.51594,1287.23,0.00129,0.04,1777865422
All Pools,AMPL - AVAX,0.3,False,0.51174,345.61,0.00128,0.14,1777865422
All Pools,KALM - AVAX,0.3,False,0.50316,128.94,0.00126,0.36,1777865422
All Pools,KALM - USDC,0.3,False,0.503,85.52,0.00126,0.54,1777865422
All Pools,COQ - JUICE,0.3,False,0.49522,48.98,0.00124,0.92,1777865422
All Pools,HEFE - GAINS,0.3,False,0.49392,5.971,0.00123,7.55,1777865422
All Pools,USDT.e - MU,0.3,False,0.47409,256.7,0.00119,0.17,1777865422
All Pools,GOOD - AVAX,0.3,False,0.46769,154.17,0.00117,0.28,1777865422
All Pools,FERT - AVAX,0.3,False,0.4636,813.95,0.00116,0.05,1777865422
All Pools,50 - AVAX,0.3,False,0.4605,77.33,0.00115,0.54,1777865422
All Pools,50 - USDC,0.3,False,0.4603,120.97,0.00115,0.35,1777865422
All Pools,PTOP900 - TOPIA,0.3,False,0.45979,105.57,0.00115,0.4,1777865422
All Pools,Psychic - Now,0.3,False,0.45294,638.98,0.00113,0.06,1777865422
All Pools,AVAX - ZUBAX,0.3,False,0.45237,118.77,0.00113,0.35,1777865422
All Pools,BTC.b - oXAUT,0.3,False,0.44915,376.93,0.00112,0.11,1777865422
All Pools,oXAUT - AVAX,0.3,False,0.44906,524.33,0.00112,0.08,1777865422
All Pools,STATIK - AVAX,0.3,False,0.44834,44.92,0.00112,0.91,1777865422
All Pools,LINDA - AVAX,0.3,False,0.44423,2114.15,0.00111,0.02,1777865422
All Pools,BNB - AVAX,0.3,False,0.43946,4120.93,0.0011,0.01,1777865422
All Pools,HAREM - AVAX,0.3,False,0.43134,142.63,0.00108,0.28,1777865422
All Pools,GOOD - COQ,0.3,False,0.43062,97.86,0.00108,0.4,1777865422
All Pools,ZRO - USDC,0.3,False,0.429,5.66,0.00107,6.92,1777865422
All Pools,ZUBAX - USDT.e,0.3,False,0.4245,186.07,0.00106,0.21,1777865422
All Pools,JOE - EXP,0.3,False,0.42172,13478108.0,0.00105,,1777865422
All Pools,gOHM - SB,0.3,False,0.42109,15.84,0.00105,2.43,1777865422
All Pools,Gladiator - AVAX,0.3,False,0.41657,3.763,0.00104,10.1,1777865422
All Pools,USDt - IMPACT2,0.3,False,0.41338,72.18,0.00103,0.52,1777865422
All Pools,BrideOfChrist - AVAX,0.3,False,0.41215,90.6,0.00103,0.42,1777865422
All Pools,MaryMagdalene - FollowTheWhiteRabbit,0.3,False,0.40605,208.57,0.00102,0.18,1777865422
All Pools,JEWEL - USDC,0.3,False,0.39242,4559.82,,0.01,1777865422
All Pools,HOST - AVAX,0.3,False,0.39055,108.23,,0.33,1777865422
All Pools,AVAX - ChristMark,0.3,False,0.38849,362.65,,0.1,1777865422
All Pools,UNIQOC - AVAX,0.3,False,0.37946,1141.53,,0.03,1777865422
All Pools,UNIQOC - COQ,0.3,False,0.3767,54.33,,0.63,1777865422
All Pools,USDT - ETH,0.3,False,0.37489,216.87,,0.16,1777865422
All Pools,BTC.b - SPT,0.3,False,0.3726,40.22,,0.85,1777865422
All Pools,MU - DAI.e,0.3,False,0.36951,247.68,,0.14,1777865422
All Pools,Orange - AVAX,0.3,False,0.36867,88.7,,0.38,1777865422
All Pools,PTOP1100 - TOPIA,0.3,False,0.36486,153.22,,0.22,1777865422
All Pools,ABC - AVAX,0.3,False,0.35984,1102.28,,0.03,1777865422
All Pools,HEFE - CANS,0.3,False,0.35604,4.34,,7.49,1777865422
All Pools,BLUB - AVAX,0.3,False,0.33939,17250.0,,0.0,1777865422
All Pools,WETH.e - USDC,0.3,False,0.33398,23.0,,1.32,1777865422
All Pools,SOL - USDC,0.3,False,0.33094,24.33,,1.24,1777865422
All Pools,USDC - aXEN,0.3,False,0.32155,9.245,,3.17,1777865422
All Pools,WETH.e - REDWOLF,0.3,False,0.31592,104.5,,0.28,1777865422
All Pools,WETH.e - SURE,0.3,False,0.31422,1111.18,,0.03,1777865422
All Pools,SYMBIOT - AVAX,0.3,False,0.31321,93.25,,0.31,1777865422
All Pools,MIM - MU,0.3,False,0.3126,255.68,,0.11,1777865422
All Pools,Orange - DivineFeminine,0.3,False,0.30893,1111.84,,0.03,1777865422
All Pools,HOWDY - AVAX,0.3,False,0.30793,21243.0,,0.0,1777865422
All Pools,SYMBIOT - DAI.e,0.3,False,0.30508,473.75,,0.06,1777865422
All Pools,KIMBO - CANS,0.3,False,0.29561,395.72,,0.07,1777865422
All Pools,XAUt0 - ChristMark,0.3,False,0.29136,700.55,,0.04,1777865422
All Pools,BTC.b - HOWDY,0.3,False,0.29073,185.62,,0.14,1777865422
All Pools,USDC - CHAM,0.3,False,0.27618,50.31,,0.5,1777865422
All Pools,IMPACT2 - EURC,0.3,False,0.27467,47.53,,0.53,1777865422
All Pools,BOI - MU,0.3,False,0.27315,1.174,,21.23,1777865422
All Pools,CQK - AVAX,0.3,False,0.27246,133.53,,0.19,1777865422
All Pools,CQK - USDC,0.3,False,0.27233,35.38,,0.7,1777865422
All Pools,COQ - OX,0.3,False,0.27019,12204.0,,0.0,1777865422
All Pools,OSAK - AVAX,0.3,False,0.26694,6212.23,,0.0,1777865422
All Pools,COQ - OSAK,0.3,False,0.2657,36.92,,0.66,1777865422
All Pools,RUX - AVAX,0.3,False,0.26393,30.67,,0.79,1777865422
All Pools,USDt - RUX,0.3,False,0.26383,16108.0,,0.0,1777865422
All Pools,DCAU - MIM,0.3,False,0.26083,314.79,,0.08,1777865422
All Pools,USDC - USD+,0.3,False,0.25979,33.14,,0.72,1777865422
All Pools,COQ - NOCHILL,0.3,False,0.25709,15.6,,1.5,1777865422
All Pools,CGS - AVAX,0.3,False,0.2566,67.24,,0.35,1777865422
All Pools,CGS - USDC.e,0.3,False,0.25647,160.05,,0.15,1777865422
All Pools,FollowTheWhiteRabbit - TheGospelOfMary,0.3,False,0.25364,157.65,,0.15,1777865422
All Pools,BUSD - USDC,0.3,False,0.24387,7.792,,2.86,1777865422
All Pools,miMatic - USDC.e,0.3,False,0.24384,23.51,,0.95,1777865422
All Pools,Gladiator - USDC,0.3,False,0.23791,567.41,,0.04,1777865422
All Pools,USDC.e - SOL,0.3,False,0.23766,42.08,,0.52,1777865422
All Pools,AVAX - WISE,0.3,False,0.23382,79.87,,0.27,1777865422
All Pools,USDC.e - WISE,0.3,False,0.23373,46.47,,0.46,1777865422
All Pools,BOI - AMI,0.3,False,0.23058,1.005,,20.93,1777865422
All Pools,AVAI - AVAX,0.3,False,0.22816,29.71,,0.7,1777865422
All Pools,USDC - yyAVAX,0.3,False,0.22512,14.34,,1.43,1777865422
All Pools,MaryMagdalene - TheGospelOfMary,0.3,False,0.22466,270.4,,0.08,1777865422
All Pools,AVAX - SPT,0.3,False,0.22283,16.69,,1.22,1777865422
All Pools,VENG - AVAX,0.3,False,0.21857,61.03,,0.33,1777865422
All Pools,AI - AVAX,0.3,False,0.21549,4380.47,,0.0,1777865422
All Pools,Gladiator - AMI,0.3,False,0.21438,376.74,,0.05,1777865422
All Pools,FollowTheWhiteRabbit - DivineFeminine,0.3,False,0.21041,683.4,,0.03,1777865422
All Pools,BrideOfChrist - FollowTheWhiteRabbit,0.3,False,0.20682,735.54,,0.03,1777865422
All Pools,VEE - USDC,0.3,False,0.1983,32.53,,0.56,1777865422
All Pools,SURE - DAI.e,0.3,False,0.19749,28.32,,0.64,1777865422
All Pools,AVAX - FORT,0.3,False,0.19115,39.63,,0.44,1777865422
All Pools,MIM - FORT,0.3,False,0.19101,18234.0,,,1777865422
All Pools,AVAX - TOPIA,0.3,False,0.18579,535.46,,0.03,1777865422
All Pools,AVAX - XPOW,0.3,False,0.18532,40.51,,0.42,1777865422
All Pools,NOCHILL - OX,0.3,False,0.18304,13092.0,,0.0,1777865422
All Pools,MaryMagdalene - Gravity,0.3,False,0.18139,133.19,,0.12,1777865422
All Pools,DFIAT - AVAX,0.3,False,0.17836,7635.99,,0.0,1777865422
All Pools,DFIAT - USDT.e,0.3,False,0.17819,28.39,,0.57,1777865422
All Pools,AVAX - DUO,0.3,False,0.17734,71.85,,0.23,1777865422
All Pools,USDT.e - DUO,0.3,False,0.17717,57.74,,0.28,1777865422
All Pools,Psychic - Meaning,0.3,False,0.17694,310.93,,0.05,1777865422
All Pools,Meaning - AVAX,0.3,False,0.1765,451.39,,0.04,1777865422
All Pools,AVAX - APOW,0.3,False,0.17574,40.05,,0.4,1777865422
All Pools,DéjàVu - Gravity,0.3,False,0.17525,210.21,,0.08,1777865422
All Pools,SLUSH - AVAX,0.3,False,0.17479,59.52,,0.27,1777865422
All Pools,SLUSH - USDT.e,0.3,False,0.17462,60.41,,0.26,1777865422
All Pools,FollowTheWhiteRabbit - Priory,0.3,False,0.17407,932.57,,0.02,1777865422
All Pools,Priory - AVAX,0.3,False,0.17405,77.64,,0.2,1777865422
All Pools,- AMI,0.3,False,0.17328,12.94,,1.22,1777865422
All Pools,AVAT - USDC,0.3,False,0.17268,40.75,,0.39,1777865422
All Pools,AVAX - CHAM,0.3,False,0.17068,33.37,,0.47,1777865422
All Pools,Gold - Now,0.3,False,0.16939,904.72,,0.02,1777865422
All Pools,Gold - AVAX,0.3,False,0.16936,89.54,,0.17,1777865422
All Pools,JOE - KRW,0.3,False,0.16234,238.92,,0.06,1777865422
All Pools,KRW - AVAX,0.3,False,0.16211,455.58,,0.03,1777865422
All Pools,HEFE - AMI,0.3,False,0.1613,1.802,,8.17,1777865422
All Pools,PTOP1000 - TOPIA,0.3,False,0.16114,103.92,,0.14,1777865422
All Pools,BrideOfChrist - BLACK,0.3,False,0.15633,33.53,,0.43,1777865422
All Pools,COQ - BOOTY,0.3,False,0.1563,10.46,,1.36,1777865422
All Pools,AVAX - MILO,0.3,False,0.15594,1167.21,,0.01,1777865422
All Pools,USDt - MILO,0.3,False,0.15587,17.25,,0.82,1777865422
All Pools,YEEHAW - BTC.b,0.3,False,0.15538,129.94,,0.11,1777865422
All Pools,HUSKY - MUG,0.3,False,0.15044,24.54,,0.56,1777865422
All Pools,wsOHM - AVAX,0.3,False,0.15015,22.43,,0.61,1777865422
All Pools,AVVO - DAI.e,0.3,False,0.14877,39.94,,0.34,1777865422
All Pools,MaryMagdalene - BrideOfChrist,0.3,False,0.14676,120.91,,0.11,1777865422
All Pools,PAPA - AVAX,0.3,False,0.14516,31.03,,0.43,1777865422
All Pools,MIM - PAPA,0.3,False,0.14504,417.25,,0.03,1777865422
All Pools,$Crazy - AVAX,0.3,False,0.14483,1019.19,,0.01,1777865422
All Pools,USDT.e - ZABU,0.3,False,0.14394,48.57,,0.27,1777865422
All Pools,DivineFeminine - AVAX,0.3,False,0.14385,6.295,,2.09,1777865422
All Pools,AVAX - LuciferMorningstar,0.3,False,0.14281,14.75,,0.88,1777865422
All Pools,BTC.b - REDWOLF,0.3,False,0.14215,121.58,,0.11,1777865422
All Pools,Psychic - Ducks,0.3,False,0.14143,317.8,,0.04,1777865422
All Pools,Ducks - AVAX,0.3,False,0.14108,288.88,,0.04,1777865422
All Pools,COQ - AMI,0.3,False,0.14054,14.29,,0.9,1777865422
All Pools,YEEHAW - AVAX,0.3,False,0.13941,32.37,,0.39,1777865422
All Pools,WBTC.e - REDWOLF,0.3,False,0.13695,60.28,,0.21,1777865422
All Pools,COQ - bCASH,0.3,False,0.13038,18.2,,0.65,1777865422
All Pools,LINK.e - REDWOLF,0.3,False,0.12972,82.57,,0.14,1777865422
All Pools,SUB - USDC,0.3,False,0.12892,13.46,,0.87,1777865422
All Pools,Psychic - Jjj,0.3,False,0.12555,317.92,,0.04,1777865422
All Pools,Jjj - AVAX,0.3,False,0.12528,289.22,,0.04,1777865422
All Pools,AVAX - LYLY,0.3,False,0.12518,72.24,,0.16,1777865422
All Pools,SURE - USDC.e,0.3,False,0.1237,23.81,,0.47,1777865422
All Pools,Hopi - AVAX,0.3,False,0.12352,219.06,,0.05,1777865422
All Pools,Hopi - Now,0.3,False,0.12345,720.3,,0.02,1777865422
All Pools,WLRS - USDC.e,0.3,False,0.12326,4554.82,,0.0,1777865422
All Pools,AMI - TOPIA,0.3,False,0.12214,227.21,,0.05,1777865422
All Pools,ElvisJackpot - BLACK,0.3,False,0.12213,17.98,,0.62,1777865422
All Pools,METAG - AVAX,0.3,False,0.12114,24.69,,0.45,1777865422
All Pools,AVAX - ELK,0.3,False,0.12089,70.92,,0.16,1777865422
All Pools,YETI - AVAX,0.3,False,0.12008,3331.21,,0.0,1777865422
All Pools,VELAI - AVAX,0.3,False,0.11947,0.32748,,33.29,1777865422
All Pools,AVAX - ZABU,0.3,False,0.11864,30.65,,0.35,1777865422
All Pools,RoselineBloodline - AVAX,0.3,False,0.11798,44.53,,0.24,1777865422
All Pools,MIM - wsOHM,0.3,False,0.11785,1108.5,,0.01,1777865422
All Pools,Psychic - MeaningOfNumbers,0.3,False,0.11659,318.14,,0.03,1777865422
All Pools,AVAX - MeaningOfNumbers,0.3,False,0.11634,289.11,,0.04,1777865422
All Pools,AVAX - SNOB,0.3,False,0.11626,973.27,,0.01,1777865422
All Pools,USDt - DXN,0.3,False,0.1151,216.07,,0.05,1777865422
All Pools,USDC - BVAX,0.3,False,0.11035,31.0,,0.32,1777865422
All Pools,MELT - AVAX,0.3,False,0.11034,25.24,,0.4,1777865422
All Pools,USDt - REDWOLF,0.3,False,0.10941,15.1,,0.66,1777865422
All Pools,AVAX - SDOG,0.3,False,0.10886,10.32,,0.96,1777865422
All Pools,AVAT - AVAX,0.3,False,0.10884,21.79,,0.46,1777865422
All Pools,RPEPE - AVAX,0.3,False,0.10797,6386.42,,0.0,1777865422
All Pools,Psychic - DéjàVu,0.3,False,0.1071,199.24,,0.05,1777865422
All Pools,DivineFeminine - Gravity,0.3,False,0.1066,2344.12,,0.0,1777865422
All Pools,Psychic - Xmas,0.3,False,0.10647,298.68,,0.03,1777865422
All Pools,Xmas - AVAX,0.3,False,0.10626,272.15,,0.04,1777865422
All Pools,miMatic - AVAX,0.3,False,0.10613,37.34,,0.26,1777865422
All Pools,COQ - REDWOLF,0.3,False,0.10503,12.47,,0.77,1777865422
All Pools,WarpSpeed - AVAX,0.3,False,0.10421,139.23,,0.07,1777865422
All Pools,Gravity - WarpSpeed,0.3,False,0.10419,84.7,,0.11,1777865422
All Pools,Psychic - BlackAndGold,0.3,False,0.10413,317.62,,0.03,1777865422
All Pools,AVAX - BlackAndGold,0.3,False,0.10394,290.63,,0.03,1777865422
All Pools,USDC - APOW,0.3,False,0.10389,20.31,,0.47,1777865422
All Pools,USDT.e - EXP,0.3,False,0.10343,44242259.0,,,1777865422
All Pools,Psychic - Prometheus,0.3,False,0.10176,309.13,,0.03,1777865422
All Pools,AVAX - Prometheus,0.3,False,0.10156,282.24,,0.03,1777865422
All Pools,XAUt0 - ElvisJackpot,0.3,False,0.10152,332.98,,0.03,1777865422
All Pools,WOO.e - AVAX,0.3,False,0.09893,105.29,,0.09,1777865422
All Pools,FEED - AVAX,0.3,False,0.09878,9303.15,,,1777865422
All Pools,USDt - XPOW,0.3,False,0.09805,20.35,,0.44,1777865422
All Pools,MIM - USDC,0.3,False,0.09767,76.96,,0.12,1777865422
All Pools,TrumpTower - AVAX,0.3,False,0.09599,159.98,,0.05,1777865422
All Pools,TrumpTower - Gravity,0.3,False,0.09598,75.82,,0.12,1777865422
All Pools,Matter - AVAX,0.3,False,0.09582,81.15,,0.11,1777865422
All Pools,TECH - OX,0.3,False,0.09563,4872.61,,0.0,1777865422
All Pools,Orange - Matter,0.3,False,0.09557,9032.03,,,1777865422
All Pools,COQ - KOVIN,0.3,False,0.09285,13.07,,0.65,1777865422
All Pools,AVAX - BLANC,0.3,False,0.09263,22.2,,0.38,1777865422
All Pools,MIM - BLANC,0.3,False,0.09254,8476.08,,,1777865422
All Pools,COQ - LYLY,0.3,False,0.0917,15.17,,0.55,1777865422
All Pools,Psychic - MerryXmas,0.3,False,0.09141,292.75,,0.03,1777865422
All Pools,MerryXmas - AVAX,0.3,False,0.09121,266.88,,0.03,1777865422
All Pools,METAG - USDt,0.3,False,0.09078,16.17,,0.51,1777865422
All Pools,TOMB - USDC,0.3,False,0.09027,10.72,,0.77,1777865422
All Pools,Trinity - LadyMary,0.3,False,0.09006,11311.0,,,1777865422
All Pools,UNI.e - REDWOLF,0.3,False,0.08945,9.791,,0.83,1777865422
All Pools,AVAX - Nala,0.3,False,0.08882,25.92,,0.31,1777865422
All Pools,MIM - GRAPE,0.3,False,0.08861,2418.81,,0.0,1777865422
All Pools,WLRS - GRAPE,0.3,False,0.08859,78.85,,0.1,1777865422
All Pools,USDC - XPOW,0.3,False,0.08719,20.38,,0.39,1777865422
All Pools,Beyond - AVAX,0.3,False,0.08612,90.32,,0.09,1777865422
All Pools,Beyond - Orange,0.3,False,0.08595,4455.07,,0.0,1777865422
All Pools,COQ - MCV,0.3,False,0.08477,9.73,,0.8,1777865422
All Pools,AVAX - GAU,0.3,False,0.08371,9.292,,0.82,1777865422
All Pools,GLOBA - AVAX,0.3,False,0.08351,52.09,,0.15,1777865422
All Pools,Psychic - DiamondbackGall,0.3,False,0.08208,318.31,,0.02,1777865422
All Pools,DiamondbackGall - AVAX,0.3,False,0.08191,291.24,,0.03,1777865422
All Pools,Psychic - Serpentarius,0.3,False,0.07995,323.22,,0.02,1777865422
All Pools,GLOBA - DAI.e,0.3,False,0.07981,52.97,,0.14,1777865422
All Pools,Serpentarius - AVAX,0.3,False,0.0798,294.9,,0.02,1777865422
All Pools,AVAX - MUG,0.3,False,0.07714,356.02,,0.02,1777865422
All Pools,NOCHILL - KET,0.3,False,0.0762,16.93,,0.41,1777865422
All Pools,LIBRE - USDC.e,0.3,False,0.07612,15.06,,0.46,1777865422
All Pools,FLAKE - AVAX,0.3,False,0.07586,21.65,,0.32,1777865422
All Pools,FLAKE - USDT.e,0.3,False,0.07578,51.14,,0.14,1777865422
All Pools,USDT.e - XAVA,0.3,False,0.07263,11.32,,0.59,1777865422
All Pools,HEFE - HIGHER,0.3,False,0.07179,0.90249,,7.26,1777865422
All Pools,USDt - APOW,0.3,False,0.07178,20.33,,0.32,1777865422
All Pools,ALOT - USDC.e,0.3,False,0.07103,9.354,,0.69,1777865422
All Pools,UST - USDC,0.3,False,0.07002,4.387,,1.46,1777865422
All Pools,Mungo - AVAX,0.3,False,0.06843,41.54,,0.15,1777865422
All Pools,DéjàVu - Mungo,0.3,False,0.06835,184.23,,0.03,1777865422
All Pools,COQ - MU,0.3,False,0.0665,4.597,,1.32,1777865422
All Pools,REDWOLF - SOL,0.3,False,0.0661,75.7,,0.08,1777865422
All Pools,TruthClosure - BLACK,0.3,False,0.06525,26.16,,0.23,1777865422
All Pools,HIGHER - AVAX,0.3,False,0.06506,1.883,,3.15,1777865422
All Pools,AVAX - BLACK,0.3,False,0.06483,6.14,,0.96,1777865422
All Pools,LUNA - LUNA,0.3,False,0.06445,2.51,,2.34,1777865422
All Pools,Go - AVAX,0.3,False,0.06427,141.31,,0.04,1777865422
All Pools,Psychic - Stolen,0.3,False,0.06364,85.28,,0.07,1777865422
All Pools,BTC.b - USDC,0.3,False,0.06358,4.714,,1.23,1777865422
All Pools,Gil - AVAX,0.3,False,0.06339,17.39,,0.33,1777865422
All Pools,AVAX - STRAW,0.3,False,0.0633,16.0,,0.36,1777865422
All Pools,MU - COQAI,0.3,False,0.06321,6.615,,0.87,1777865422
All Pools,USDC - AMI,0.3,False,0.063,0.67501,,8.52,1777865422
All Pools,FollowTheWhiteRabbit - RoselineBloodline,0.3,False,0.06214,41.51,,0.14,1777865422
All Pools,MCV - AVAX,0.3,False,0.06175,401.31,,0.01,1777865422
All Pools,Yellow - AVAX,0.3,False,0.06163,266.39,,0.02,1777865422
All Pools,AVAX - NEMO,0.3,False,0.061,7.886,,0.71,1777865422
All Pools,USDt - NEMO,0.3,False,0.06097,97.14,,0.06,1777865422
All Pools,Gil - DAI.e,0.3,False,0.06055,28.79,,0.19,1777865422
All Pools,DAI.e - STRAW,0.3,False,0.06048,34.62,,0.16,1777865422
All Pools,YEEHAW - USDC,0.3,False,0.05971,12.83,,0.42,1777865422
All Pools,FITFI - USDC,0.3,False,0.05893,0.45737,,11.76,1777865422
All Pools,GAS - AVAX,0.3,False,0.05887,233.51,,0.02,1777865422
All Pools,SNP - AVAX,0.3,False,0.05854,11.59,,0.46,1777865422
All Pools,COQ - SNP,0.3,False,0.05825,26.45,,0.2,1777865422
All Pools,PTOP1300 - TOPIA,0.3,False,0.05727,98.39,,0.05,1777865422
All Pools,Gravity - TheGospelOfMary,0.3,False,0.05701,34.05,,0.15,1777865422
All Pools,SLIME - AVAX,0.3,False,0.05689,22009.0,,,1777865422
All Pools,AVAX - SantaGospel,0.3,False,0.05688,135.03,,0.04,1777865422
All Pools,SLIME - USDt,0.3,False,0.05686,7.411,,0.7,1777865422
All Pools,Anon - AVAX,0.3,False,0.0568,14.25,,0.36,1777865422
All Pools,MaryMagdalene - RoselineBloodline,0.3,False,0.05595,46.66,,0.11,1777865422
All Pools,MELT - USDT.e,0.3,False,0.05558,31.09,,0.16,1777865422
All Pools,Psychic - CommieSukey,0.3,False,0.05502,317.75,,0.02,1777865422
All Pools,Gravity - NaughtiusMaximus,0.3,False,0.05498,5.069,,0.99,1777865422
All Pools,CommieSukey - AVAX,0.3,False,0.05492,289.71,,0.02,1777865422
All Pools,MELT - USDC.e,0.3,False,0.05469,31.47,,0.16,1777865422
All Pools,wMEMO - AVAX,0.3,False,0.05331,13.97,,0.35,1777865422
All Pools,JOE - ZABU,0.3,False,0.05301,18.88,,0.26,1777865422
All Pools,Blue - AVAX,0.3,False,0.05274,264.0,,0.02,1777865422
All Pools,HEFE - Always,0.3,False,0.05265,0.87437,,5.49,1777865422
All Pools,MIM - AUSD,0.3,False,0.0525,35.45,,0.14,1777865422
All Pools,CNR - USDC,0.3,False,0.05243,4.878,,0.98,1777865422
All Pools,Psychic - Yellow,0.3,False,0.05201,83.29,,0.06,1777865422
All Pools,AMI - JUICY,0.3,False,0.05198,0.93122,,5.09,1777865422
All Pools,MIM - DAI.e,0.3,False,0.05118,52.5,,0.09,1777865422
All Pools,BANKSY - AVAX,0.3,False,0.05005,23.75,,0.19,1777865422
All Pools,BANKSY - USDC.e,0.3,False,0.05001,31.71,,0.14,1777865422
All Pools,AVAX - Mentor,0.3,False,0.0494,90.18,,0.05,1777865422
All Pools,Now - Mentor,0.3,False,0.04934,911.71,,0.0,1777865422
All Pools,Who - AVAX,0.3,False,0.04787,140.45,,0.03,1777865422
All Pools,wsOHM - USDC.e,0.3,False,0.04773,42.8,,0.1,1777865422
All Pools,LoveIsTheKey - AVAX,0.3,False,0.04608,15.1,,0.28,1777865422
All Pools,WETH.e - yyAVAX,0.3,False,0.04541,19.71,,0.21,1777865422
All Pools,Psychic - Nala,0.3,False,0.04504,271.44,,0.02,1777865422
All Pools,COQ - JUICY,0.3,False,0.0447,0.709,,5.75,1777865422
All Pools,QI - LYLY,0.3,False,0.04417,2.716,,1.48,1777865422
All Pools,AVAX - ETH,0.3,False,0.04411,16.77,,0.24,1777865422
All Pools,Trinity - Nala,0.3,False,0.04388,41.15,,0.1,1777865422
All Pools,MIM - SPELL,0.3,False,0.0436,7.674,,0.52,1777865422
All Pools,WDAO - AVAX,0.3,False,0.04326,19.97,,0.2,1777865422
All Pools,WDAO - MIM,0.3,False,0.04323,23.72,,0.17,1777865422
All Pools,TruthClosure - AVAX,0.3,False,0.04213,11.72,,0.33,1777865422
All Pools,Apollyon - AVAX,0.3,False,0.04211,36.73,,0.1,1777865422
All Pools,Apollyon - LuciferMorningstar,0.3,False,0.04206,235196665.0,,,1777865422
All Pools,Stolen - AVAX,0.3,False,0.04203,17.56,,0.22,1777865422
All Pools,CNR - USDt,0.3,False,0.04173,4.897,,0.78,1777865422
All Pools,BTC.b - MU,0.3,False,0.04147,11.5,,0.33,1777865422
All Pools,wMEMO - MIM,0.3,False,0.04138,20.84,,0.18,1777865422
All Pools,Trinity - Stolen,0.3,False,0.04098,29.54,,0.13,1777865422
All Pools,REDWOLF - SHRAP,0.3,False,0.04042,1.211,,3.04,1777865422
All Pools,GOOD - GAINS,0.3,False,0.03967,3.796,,0.95,1777865422
All Pools,TOPIA - PTOP800,0.3,False,0.03947,149.03,,0.02,1777865422
All Pools,Psychic - Blue,0.3,False,0.03885,82.64,,0.04,1777865422
All Pools,MPL - AVAX,0.3,False,0.03848,6.234,,0.56,1777865422
All Pools,MPL - USDt,0.3,False,0.03846,30.8,,0.11,1777865422
All Pools,DUO - USDT.e,0.3,False,0.03843,7.383,,0.48,1777865422
All Pools,RUGPULL - MUG,0.3,False,0.03764,184.93,,0.02,1777865422
All Pools,FollowTheWhiteRabbit - StatueOfLiberty,0.3,False,0.03761,511.39,,0.01,1777865422
All Pools,StatueOfLiberty - AVAX,0.3,False,0.0376,14.84,,0.23,1777865422
All Pools,meGNX - AVAX,0.3,False,0.03724,17.55,,0.19,1777865422
All Pools,AVAX - GG,0.3,False,0.03685,9.593,,0.35,1777865422
All Pools,MIM - GG,0.3,False,0.03681,295.44,,0.01,1777865422
All Pools,Psychic - Who,0.3,False,0.03677,74.84,,0.04,1777865422
All Pools,Gravity - ChristMark,0.3,False,0.0363,15.58,,0.21,1777865422
All Pools,Psychic - Go,0.3,False,0.03609,74.59,,0.04,1777865422
All Pools,USDC - WSPP,0.3,False,0.0355,44.1,,0.07,1777865422
All Pools,WINK - NOCHILL,0.3,False,0.03527,1.018,,3.16,1777865422
All Pools,AVAX - Strength,0.3,False,0.03522,142.22,,0.02,1777865422
All Pools,Psychic - ArniStitch,0.3,False,0.03501,317.91,,0.01,1777865422
All Pools,ArniStitch - AVAX,0.3,False,0.03495,288.83,,0.01,1777865422
All Pools,DrainTheSwamp - AVAX,0.3,False,0.03457,37.81,,0.08,1777865422
All Pools,SURE - AVAX,0.3,False,0.03438,7.252,,0.43,1777865422
All Pools,Chrism - BLACK,0.3,False,0.03389,2.417,,1.28,1777865422
All Pools,GG - AVAX,0.3,False,0.03305,12.54,,0.24,1777865422
All Pools,MIM - GG,0.3,False,0.03301,23.66,,0.13,1777865422
All Pools,AMI - COQAI,0.3,False,0.03292,4.241,,0.71,1777865422
All Pools,FITFI - USDC.e,0.3,False,0.03239,0.24701,,11.97,1777865422
All Pools,LoveIsTheKey - BLACK,0.3,False,0.03218,7.986,,0.37,1777865422
All Pools,bECH - AVAX,0.3,False,0.03178,21.96,,0.13,1777865422
All Pools,WBTC.e - USDC.e,0.3,False,0.03169,9.092,,0.32,1777865422
All Pools,LINK.e - MU,0.3,False,0.03125,7.548,,0.38,1777865422
All Pools,METAG - USDT.e,0.3,False,0.03026,49.69,,0.06,1777865422
All Pools,GAINS - COQ,0.3,False,0.03005,2.039,,1.34,1777865422
All Pools,AVAX - TMT,0.3,False,0.02985,7.213,,0.38,1777865422
All Pools,USDT.e - TMT,0.3,False,0.02983,26.29,,0.1,1777865422
All Pools,BLUB - AVAX,0.0,False,0.02976,48.28,0.0,0.0,1777865422
All Pools,AVAX - WOLF,0.3,False,0.02975,75.52,,0.04,1777865422
All Pools,USDC.e - WOLF,0.3,False,0.02973,8.913,,0.3,1777865422
All Pools,Psychic - SantaGospel,0.3,False,0.02909,74.3,,0.04,1777865422
All Pools,AftermathsKobe - AVAX,0.3,False,0.02902,298.13,,0.01,1777865422
All Pools,SMRT - XAVA,0.3,False,0.02901,2.904,,0.91,1777865422
All Pools,NineHundred - AVAX,0.3,False,0.02897,140.69,,0.02,1777865422
All Pools,Psychic - AftermathsKobe,0.3,False,0.02897,328.14,,0.01,1777865422
All Pools,LIRA - AVAX,0.3,False,0.02893,13.25,,0.2,1777865422
All Pools,LoveYou - Gravity,0.3,False,0.02878,56.76,,0.05,1777865422
All Pools,LoveYou - AVAX,0.3,False,0.02876,61.59,,0.04,1777865422
All Pools,MELT - AVAX,0.3,False,0.02842,1157.62,,0.0,1777865422
All Pools,MELT - USDC.e,0.3,False,0.0284,7.137,,0.36,1777865422
All Pools,Yellow - BLACK,0.3,False,0.02834,4.865,,0.53,1777865422
All Pools,Go - BLACK,0.3,False,0.02825,4.85,,0.53,1777865422
All Pools,NaughtiusMaximus - Seventeen,0.3,False,0.02793,855.79,,0.0,1777865422
All Pools,BLACK - SantaGospel,0.3,False,0.02785,4.819,,0.53,1777865422
All Pools,WINK - MU,0.3,False,0.02783,0.52482,,4.84,1777865422
All Pools,SOB - LUNA,0.3,False,0.02778,1.305,,1.94,1777865422
All Pools,MaryMagdalene - LadyMary,0.3,False,0.02765,17.49,,0.14,1777865422
All Pools,Strength - BLACK,0.3,False,0.02729,4.856,,0.51,1777865422
All Pools,AVAX - NADO,0.3,False,0.0272,7.893,,0.31,1777865422
All Pools,MIM - NADO,0.3,False,0.02716,1177.73,,0.0,1777865422
All Pools,USDR - USDC,0.3,False,0.02697,41.04,,0.06,1777865422
All Pools,Stolen - BLACK,0.3,False,0.02693,5.37,,0.46,1777865422
All Pools,USDC - LODE,0.3,False,0.02689,881.59,,0.0,1777865422
All Pools,KIWI - USDt,0.3,False,0.02678,20.54,,0.12,1777865422
All Pools,AVAX - MICRO,0.3,False,0.02658,23.82,,0.1,1777865422
All Pools,NOCHILL - AMI,0.3,False,0.02648,6.242,,0.39,1777865422
All Pools,COQ - MICRO,0.3,False,0.02643,3.742,,0.64,1777865422
All Pools,USDC - MXNB,0.3,False,0.02643,27.43,,0.09,1777865422
All Pools,KrisKringle - Gravity,0.3,False,0.02626,78.02,,0.03,1777865422
All Pools,KrisKringle - AVAX,0.3,False,0.02625,26.28,,0.09,1777865422
All Pools,Blue - BLACK,0.3,False,0.0262,4.88,,0.49,1777865422
All Pools,Who - BLACK,0.3,False,0.02609,4.83,,0.49,1777865422
All Pools,Trinity - Sinterklaas,0.3,False,0.02607,26.24,,0.09,1777865422
All Pools,AVAX - Sinterklaas,0.3,False,0.02607,140.38,,0.02,1777865422
All Pools,MAJIN - AVAX,0.3,False,0.02604,4437.64,,,1777865422
All Pools,QI - REDWOLF,0.3,False,0.02597,1.602,,1.48,1777865422
All Pools,LIFE - AVAX,0.3,False,0.02595,7.361,,0.32,1777865422
All Pools,MIM - LIFE,0.3,False,0.02592,67.76,,0.03,1777865422
All Pools,Hydrogen - BLACK,0.3,False,0.02557,4.878,,0.48,1777865422
All Pools,Orange - BLACK,0.3,False,0.02552,4.138,,0.56,1777865422
All Pools,wALGO - AVAX,0.3,False,0.02551,164.51,,0.01,1777865422
All Pools,wALGO - USDC,0.3,False,0.02548,2.842,,0.82,1777865422
All Pools,AVAX - IMPACT,0.3,False,0.02548,6.337,,0.37,1777865422
All Pools,NineHundred - BLACK,0.3,False,0.02544,4.845,,0.48,1777865422
All Pools,Gravity - HustleTappers,0.3,False,0.02526,24.11,,0.1,1777865422
All Pools,AVAX - HustleTappers,0.3,False,0.02525,55.85,,0.04,1777865422
All Pools,ORNG - JUICE,0.3,False,0.02513,2.773,,0.83,1777865422
All Pools,ICUBE - AVAX,0.3,False,0.0251,6.468,,0.35,1777865422
All Pools,ICUBE - USDT.e,0.3,False,0.02507,109.24,,0.02,1777865422
All Pools,AVAX - EROL,0.0,False,0.02487,74.98,0.0,0.0,1777865422
All Pools,KLO - USDT.e,0.3,False,0.02451,5.674,,0.39,1777865422
All Pools,AVAX - WSPP,0.3,False,0.02404,3.013,,0.73,1777865422
All Pools,JPYC - USDC.e,0.3,False,0.02404,4.845,,0.45,1777865422
All Pools,OH - AVAX,0.3,False,0.024,95.14,,0.02,1777865422
All Pools,AVAX - BOREA,0.3,False,0.02378,6.777,,0.32,1777865422
All Pools,USDT.e - BOREA,0.3,False,0.02376,26.74,,0.08,1777865422
All Pools,MAI - TOMB,0.3,False,0.0236,134.24,,0.02,1777865422
All Pools,WhollySphere - Gravity,0.3,False,0.02358,22.99,,0.09,1777865422
All Pools,WhollySphere - AVAX,0.3,False,0.02357,51.04,,0.04,1777865422
All Pools,Gravity - McdonaldTrouped,0.3,False,0.02344,22.97,,0.09,1777865422
All Pools,McdonaldTrouped - AVAX,0.3,False,0.02343,50.97,,0.04,1777865422
All Pools,GAINS - MEAT,0.3,False,0.02341,0.9947,,2.15,1777865422
All Pools,Wingdings - Gravity,0.3,False,0.02318,21.96,,0.1,1777865422
All Pools,Wingdings - AVAX,0.3,False,0.02318,51.11,,0.04,1777865422
All Pools,FollowTheWhiteRabbit - TruthClosure,0.3,False,0.02314,46.07,,0.05,1777865422
All Pools,ELE - AVAX,0.3,False,0.02298,125.04,,0.02,1777865422
All Pools,AAVE.e - meGNX,0.3,False,0.02271,4.058,,0.51,1777865422
All Pools,DrainTheSwamp - Gravity,0.3,False,0.02254,22.65,,0.09,1777865422
All Pools,UST - UST,0.3,False,0.02233,1.863,,1.09,1777865422
All Pools,USDC.e - RUG,0.3,False,0.02228,25.29,,0.08,1777865422
All Pools,BTC.b - GMX,0.3,False,0.02206,1.569,,1.28,1777865422
All Pools,GURS - ARENA,0.3,False,0.02171,7.411,,0.27,1777865422
All Pools,SBR - AVAX,0.3,False,0.02171,7.425,,0.27,1777865422
All Pools,MIM - SBR,0.3,False,0.02167,40.14,,0.05,1777865422
All Pools,HIGHER - AMI,0.3,False,0.02147,3.351,,0.58,1777865422
All Pools,JOE - ZUBAX,0.3,False,0.02111,9.293,,0.21,1777865422
All Pools,Psychic - NeatestQuackery,0.3,False,0.02046,318.75,,0.01,1777865422
All Pools,NeatestQuackery - AVAX,0.3,False,0.02043,289.22,,0.01,1777865422
All Pools,GRELF[ava] - AVAX,0.3,False,0.02042,1153.73,,0.0,1777865422
All Pools,COQ - MEAT,0.3,False,0.02027,0.71619,,2.58,1777865422
All Pools,CodexKennyMin - AVAX,0.3,False,0.02023,25.15,,0.07,1777865422
All Pools,CodexKennyMin - FollowTheWhiteRabbit,0.3,False,0.02023,21.96,,0.08,1777865422
All Pools,AVAX - SwiftTaylor,0.3,False,0.01992,14.76,,0.12,1777865422
All Pools,GMX - USDC,0.3,False,0.01991,0.90766,,2.0,1777865422
All Pools,CNR - AVAX,0.3,False,0.01989,62.61,,0.03,1777865422
All Pools,BENIS - NOCHILL,0.3,False,0.01976,4.949,,0.36,1777865422
All Pools,Satoshi - Gravity,0.3,False,0.01975,55.15,,0.03,1777865422
All Pools,Satoshi - AVAX,0.3,False,0.01974,19.23,,0.09,1777865422
All Pools,PNG - REDWOLF,0.3,False,0.01972,4.328,,0.42,1777865422
All Pools,AVAX - SPADE,0.3,False,0.01967,6.163,,0.29,1777865422
All Pools,USDC.e - SPADE,0.3,False,0.01965,16.37,,0.11,1777865422
All Pools,Gravity - Vaccinations,0.3,False,0.01963,61.92,,0.03,1777865422
All Pools,AVAX - Vaccinations,0.3,False,0.01963,18.48,,0.1,1777865422
All Pools,Gravity - Nakamoto,0.3,False,0.01954,62.08,,0.03,1777865422
All Pools,Nakamoto - AVAX,0.3,False,0.01954,18.49,,0.1,1777865422
All Pools,AVAX - Always,0.3,False,0.01948,0.59616,,2.98,1777865422
All Pools,MerryChristmas - Gravity,0.3,False,0.01913,62.13,,0.03,1777865422
All Pools,MerryChristmas - AVAX,0.3,False,0.01913,18.52,,0.09,1777865422
All Pools,Hydrogen - AVAX,0.3,False,0.01862,263.89,,0.01,1777865422
All Pools,QI - USDC.e,0.3,False,0.0182,0.81823,,2.03,1777865422
All Pools,JOE - QI,0.3,False,0.01802,0.96373,,1.71,1777865422
All Pools,AVAX - GOT,0.3,False,0.01777,5.347,,0.3,1777865422
All Pools,USDT.e - GOT,0.3,False,0.01775,12.99,,0.12,1777865422
All Pools,Chrism - ChristMark,0.3,False,0.01747,181.09,,0.01,1777865422
All Pools,ILoveYouWordSpell - AVAX,0.3,False,0.01745,18.35,,0.09,1777865422
All Pools,ILoveYouWordSpell - Gravity,0.3,False,0.01744,102.4,,0.02,1777865422
All Pools,SodomAndGomorrah - AVAX,0.3,False,0.01741,19.37,,0.08,1777865422
All Pools,Trinity - SodomAndGomorrah,0.3,False,0.0174,22.78,,0.07,1777865422
All Pools,Psychic - NineHundred,0.3,False,0.01735,74.03,,0.02,1777865422
All Pools,XIO - AVAX,0.3,False,0.01733,2.84,,0.56,1777865422
All Pools,XIO - USDC,0.3,False,0.01732,24.55,,0.06,1777865422
All Pools,WalkTheWalkNowJesus - Gravity,0.3,False,0.01719,25.47,,0.06,1777865422
All Pools,WalkTheWalkNowJesus - AVAX,0.3,False,0.01719,24.98,,0.06,1777865422
All Pools,NOCHILL - REDWOLF,0.3,False,0.01704,3.607,,0.43,1777865422
All Pools,USDt - IMPACT,0.3,False,0.01685,3.366,,0.46,1777865422
All Pools,Milk - AVAX,0.3,False,0.01657,6.757,,0.22,1777865422
All Pools,Milk - USDT.e,0.3,False,0.01655,14.62,,0.1,1777865422
All Pools,AVAX - LookingGlass,0.3,False,0.01639,16.35,,0.09,1777865422
All Pools,Gravity - LookingGlass,0.3,False,0.01635,184.73,,0.01,1777865422
All Pools,ElvisJackpot - Gravity,0.3,False,0.01633,19.36,,0.08,1777865422
All Pools,BNZ - WINK,0.3,False,0.01626,0.47799,,3.1,1777865422
All Pools,REDWOLF - ODDZ,0.3,False,0.0162,1.551,,0.95,1777865422
All Pools,Trinity - FourFourFour,0.3,False,0.01607,5.011,,0.29,1777865422
All Pools,Trinity - Yeshua,0.3,False,0.01563,34.74,,0.04,1777865422
All Pools,AVAX - Yeshua,0.3,False,0.01562,29.56,,0.05,1777865422
All Pools,AVAX - BOBS,0.3,False,0.01557,5508.84,,,1777865422
All Pools,gOHM - wsOHM,0.3,False,0.01553,38.68,,0.04,1777865422
All Pools,AVAX - COFI,0.3,False,0.01481,615.17,,0.0,1777865422
All Pools,COQ - COFI,0.3,False,0.01472,1.851,,0.73,1777865422
All Pools,3ULL - AVAX,0.3,False,0.01466,48.06,,0.03,1777865422
All Pools,GAINS - BOBS,0.3,False,0.01456,2.253,,0.59,1777865422
All Pools,SUB - AVAX,0.3,False,0.01422,21.15,,0.06,1777865422
All Pools,BSGG - AVAX,0.3,False,0.01414,3.915,,0.33,1777865422
All Pools,MUMO - USDC,0.3,False,0.01396,8.29,,0.15,1777865422
All Pools,Yule - Seventeen,0.3,False,0.01393,272.75,,0.0,1777865422
All Pools,ACS - AVAX,0.3,False,0.01393,211.93,,0.01,1777865422
All Pools,LoveIsTheKey - FollowTheWhiteRabbit,0.3,False,0.01391,64.84,,0.02,1777865422
All Pools,AVAX - Wormwood,0.3,False,0.0138,17.18,,0.07,1777865422
All Pools,Gravity - Wormwood,0.3,False,0.0138,15.42,,0.08,1777865422
All Pools,AVAX - SantaClaus,0.3,False,0.01372,24.88,,0.05,1777865422
All Pools,Gravity - SantaClaus,0.3,False,0.01371,11.92,,0.1,1777865422
All Pools,WETH.e - meGNX,0.3,False,0.01355,6.664,,0.19,1777865422
All Pools,XAVA - HON,0.3,False,0.01354,1.886,,0.66,1777865422
All Pools,AVAX - LoveWins,0.3,False,0.01352,7.845,,0.16,1777865422
All Pools,FollowTheWhiteRabbit - LoveWins,0.3,False,0.01352,151.96,,0.01,1777865422
All Pools,AVAX - USDR,0.3,False,0.01344,3.002,,0.41,1777865422
All Pools,AVAX - EROL,0.3,False,0.01319,39.59,,0.03,1777865422
All Pools,KIMBO - COQ,0.3,False,0.01317,1.706,,0.7,1777865422
All Pools,USDT.e - AVVO,0.3,False,0.01312,4.074,,0.29,1777865422
All Pools,AVAX - TT,0.3,False,0.01304,1.959,,0.61,1777865422
All Pools,AVAX - WOHM,0.3,False,0.01303,3.432,,0.35,1777865422
All Pools,MIM - WOHM,0.3,False,0.01302,86.99,,0.01,1777865422
All Pools,SHERPA - AVAX,0.3,False,0.01301,132.03,,0.01,1777865422
All Pools,WETH.e - MU,0.3,False,0.01298,2.096,,0.57,1777865422
All Pools,ChristMark - ChristIAmYou,0.3,False,0.01294,26.41,,0.04,1777865422
All Pools,Trinity - SwiftTaylor,0.3,False,0.01292,17.79,,0.07,1777865422
All Pools,BLACK - ChristIAmYou,0.3,False,0.0128,2.334,,0.5,1777865422
All Pools,COQ - ARENA,0.3,False,0.01274,1.248,,0.93,1777865422
All Pools,AAVE.e - USDT.e,0.3,False,0.01273,2.622,,0.44,1777865422
All Pools,BTC.b - MUMO,0.3,False,0.01269,4.864,,0.24,1777865422
All Pools,AVAX - GrinchKidAfflict,0.3,False,0.01267,43.62,,0.03,1777865422
All Pools,Gravity - GrinchKidAfflict,0.3,False,0.01266,9.149,,0.13,1777865422
All Pools,aDXN - AVAX,0.3,False,0.01256,3.655,,0.31,1777865422
All Pools,GAINS - Degen,0.3,False,0.01254,2.037,,0.56,1777865422
All Pools,Degen - AVAX,0.3,False,0.0125,2013.59,,,1777865422
All Pools,SOB - AVAX,0.3,False,0.01237,550.13,,0.0,1777865422
All Pools,TRYB - USDC.e,0.3,False,0.01221,31.56,,0.04,1777865422
All Pools,RUG - USDT.e,0.3,False,0.01214,14.97,,0.07,1777865422
All Pools,TSD - AVAX,0.3,False,0.01213,328.3,,0.0,1777865422
All Pools,DrainTheSwamp - FollowTheWhiteRabbit,0.3,False,0.01203,11.03,,0.1,1777865422
All Pools,USDC.e - UST,0.3,False,0.012,1.749,,0.63,1777865422
All Pools,WETH.e - USDR,0.3,False,0.0119,2.83,,0.38,1777865422
All Pools,MEAT - MU,0.3,False,0.01168,0.5022,,2.12,1777865422
All Pools,3ULL - USDt,0.3,False,0.01152,2.541,,0.41,1777865422
All Pools,ACS - USDC.e,0.3,False,0.01136,5.406,,0.19,1777865422
All Pools,AVAX - QUASI,0.3,False,0.01123,591.4,,0.0,1777865422
All Pools,GAINS - QUASI,0.3,False,0.01118,1.41,,0.72,1777865422
All Pools,Wormhole - AVAX,0.3,False,0.01116,104.57,,0.01,1777865422
All Pools,Trinity - Wormhole,0.3,False,0.01115,6.215,,0.16,1777865422
All Pools,[i]Lluminati - BLACK,0.3,False,0.01114,2.361,,0.43,1777865422
All Pools,COQ - ZUM,0.3,False,0.01113,1.118,,0.91,1777865422
All Pools,WOLF - AVAX,0.3,False,0.01107,71.81,,0.01,1777865422
All Pools,WOLF - USDT.e,0.3,False,0.01106,4.113,,0.25,1777865422
All Pools,NOCHILL - MU,0.3,False,0.011,2.231,,0.45,1777865422
All Pools,Orem - AVAX,0.3,False,0.01095,104.66,,0.01,1777865422
All Pools,Trinity - Orem,0.3,False,0.01094,6.22,,0.16,1777865422
All Pools,MIM - UNIV,0.3,False,0.01059,20.26,,0.05,1777865422
All Pools,UNIV - AVAX,0.3,False,0.01059,10.24,,0.09,1777865422
All Pools,AUSD - HUSKY,0.3,False,0.01055,0.76805,,1.25,1777865422
All Pools,AVAX - DWC,0.3,False,0.01053,6104.66,,,1777865422
All Pools,AVAX - BAVA,0.3,False,0.01041,11.6,,0.08,1777865422
All Pools,Psychic - Turtle,0.3,False,0.01041,62.33,,0.02,1777865422
All Pools,Turtle - BLACK,0.3,False,0.01034,2.312,,0.41,1777865422
All Pools,BENIS - AVAX,0.3,False,0.00998,15.6,,0.06,1777865422
All Pools,ARENA - MU,0.3,False,0.0098,3.369,,0.27,1777865422
All Pools,XOMB - AVAX,0.3,False,0.00974,21.9,,0.04,1777865422
All Pools,XOMB - USDT.e,0.3,False,0.00972,2.451,,0.36,1777865422
All Pools,Psychic - Numbers,0.3,False,0.00963,62.32,,0.01,1777865422
All Pools,Numbers - BLACK,0.3,False,0.00956,2.31,,0.38,1777865422
All Pools,Psychic - Luck,0.3,False,0.00952,62.33,,0.01,1777865422
All Pools,Psychic - Mirror,0.3,False,0.00949,62.29,,0.01,1777865422
All Pools,Mirror - BLACK,0.3,False,0.00942,2.324,,0.37,1777865422
All Pools,HIGHER - HOWDY,0.3,False,0.00935,1.523,,0.56,1777865422
All Pools,MIM - RUG,0.3,False,0.00916,23.26,,0.04,1777865422
All Pools,USDC - OK,0.3,False,0.00914,1.203,,0.69,1777865422
All Pools,KIMBO - AMI,0.3,False,0.009,4.361,,0.19,1777865422
All Pools,HCT - AVAX,0.3,False,0.00889,3.42,,0.24,1777865422
All Pools,KOKSAL - AVAX,0.3,False,0.00873,3.568,,0.22,1777865422
All Pools,KOKSAL - USDC,0.3,False,0.00872,4.785,,0.17,1777865422
All Pools,USDC.e - THO,0.3,False,0.00868,21.2,,0.04,1777865422
All Pools,LUNA - USDC,0.3,False,0.00865,1.416,,0.56,1777865422
All Pools,BTC.b - IMPACT,0.3,False,0.00862,0.63786,,1.23,1777865422
All Pools,MAJIN - MU,0.3,False,0.0086,4.632,,0.17,1777865422
All Pools,AVAX - LODE,0.3,False,0.00855,1.038,,0.75,1777865422
All Pools,KIMBO - GAINS,0.3,False,0.00855,1.377,,0.57,1777865422
All Pools,AVAX - iBONE,0.3,False,0.00852,5.509,,0.14,1777865422
All Pools,USDT.e - iBONE,0.3,False,0.00851,4.862,,0.16,1777865422
All Pools,BGLD - AVAX,0.3,False,0.00846,4.45,,0.17,1777865422
All Pools,BGLD - USDT.e,0.3,False,0.00845,17.14,,0.04,1777865422
All Pools,Psychic - Finish,0.3,False,0.00831,62.28,,0.01,1777865422
All Pools,Psychic - Bonfire,0.3,False,0.00831,62.32,,0.01,1777865422
All Pools,JOE - USDt,0.3,False,0.00828,0.85447,,0.88,1777865422
All Pools,Finish - BLACK,0.3,False,0.00827,2.327,,0.32,1777865422
All Pools,Bonfire - BLACK,0.3,False,0.00826,2.31,,0.33,1777865422
All Pools,ARA - AVAX,0.3,False,0.00819,2.891,,0.26,1777865422
All Pools,aDXN - aXEN,0.3,False,0.00807,0.61414,,1.2,1777865422
All Pools,Psychic - WhoWhoWho,0.3,False,0.00805,62.29,,0.01,1777865422
All Pools,WhoWhoWho - BLACK,0.3,False,0.008,2.322,,0.31,1777865422
All Pools,Psychic - Thick,0.3,False,0.00797,62.3,,0.01,1777865422
All Pools,SatoshiNakamoto - Psychic,0.3,False,0.00795,62.32,,0.01,1777865422
All Pools,Psychic - Strength,0.3,False,0.00794,75.33,,0.01,1777865422
All Pools,Psychic - Alphabet,0.3,False,0.00793,62.33,,0.01,1777865422
All Pools,Psychic - Oracle,0.3,False,0.00791,62.32,,0.01,1777865422
All Pools,Thick - BLACK,0.3,False,0.00791,2.317,,0.31,1777865422
All Pools,SatoshiNakamoto - BLACK,0.3,False,0.00789,2.309,,0.31,1777865422
All Pools,Alphabet - BLACK,0.3,False,0.00788,2.305,,0.31,1777865422
All Pools,Psychic - Codes,0.3,False,0.00777,62.33,,0.01,1777865422
All Pools,Psychic - PennyTrinity,0.3,False,0.00776,62.34,,0.01,1777865422
All Pools,XETA - AVAX,0.3,False,0.00774,0.24909,,2.84,1777865422
All Pools,Psychic - Penny,0.3,False,0.00771,62.32,,0.01,1777865422
All Pools,RUGPULL - AVAX,0.3,False,0.00768,2.98,,0.24,1777865422
All Pools,AprilFoolsDay - AVAX,0.3,False,0.00768,104.5,,0.01,1777865422
All Pools,Trinity - AprilFoolsDay,0.3,False,0.00767,6.241,,0.11,1777865422
All Pools,LUNA - USDt,0.3,False,0.00763,1.343,,0.52,1777865422
All Pools,Psychic - Verse,0.3,False,0.00752,62.29,,0.01,1777865422
All Pools,Eye - Psychic,0.3,False,0.00751,62.32,,0.01,1777865422
All Pools,Psychic - Gematria,0.3,False,0.00744,62.33,,0.01,1777865422
All Pools,AVAX - DUA,0.3,False,0.00739,2.094,,0.32,1777865422
All Pools,DUA - USDC,0.3,False,0.00737,11.62,,0.06,1777865422
All Pools,KOVIN - AVAX,0.3,False,0.00735,3226.73,,,1777865422
All Pools,Psychic - Crypt,0.3,False,0.00724,62.28,,0.01,1777865422
All Pools,AVAX - NORTH,0.3,False,0.00723,2.144,,0.31,1777865422
All Pools,FINANCE - NOCHILL,0.3,False,0.00723,484.17,,0.0,1777865422
All Pools,USDT.e - NORTH,0.3,False,0.00722,26.94,,0.02,1777865422
All Pools,Psychic - OneOneOne,0.3,False,0.00718,62.32,,0.01,1777865422
All Pools,Psychic - Architect,0.3,False,0.00716,62.32,,0.01,1777865422
All Pools,Psychic - daVinci,0.3,False,0.00714,62.32,,0.01,1777865422
All Pools,Psychic - Gematria,0.3,False,0.00713,62.33,,0.01,1777865422
All Pools,Psychic - RefZip,0.3,False,0.00712,62.32,,0.01,1777865422
All Pools,Psychic - Qubit,0.3,False,0.0071,62.28,,0.01,1777865422
All Pools,daVinci - BLACK,0.3,False,0.00709,2.311,,0.28,1777865422
All Pools,Psychic - Blessings,0.3,False,0.00708,62.29,,0.01,1777865422
All Pools,Psychic - Solved,0.3,False,0.00708,62.32,,0.01,1777865422
All Pools,Psychic - IAmThatIAm,0.3,False,0.00706,62.33,,0.01,1777865422
All Pools,Qubit - BLACK,0.3,False,0.00706,2.325,,0.28,1777865422
All Pools,Psychic - Confusion,0.3,False,0.00705,62.32,,0.01,1777865422
All Pools,AVAX - GematrixDotOrg,0.3,False,0.00705,16.76,,0.04,1777865422
All Pools,Gravity - GematrixDotOrg,0.3,False,0.00703,13.02,,0.05,1777865422
All Pools,Psychic - TwinFlames,0.3,False,0.00703,63.03,,0.01,1777865422
All Pools,BLACK - IAmThatIAm,0.3,False,0.00702,2.308,,0.28,1777865422
All Pools,NotBrideOfChrist - AVAX,0.3,False,0.00702,69.67,,0.01,1777865422
All Pools,SaintGermain - BLACK,0.3,False,0.00701,2.523,,0.25,1777865422
All Pools,NotBrideOfChrist - SwiftTaylor,0.3,False,0.00701,52.12,,0.01,1777865422
All Pools,Confusion - BLACK,0.3,False,0.007,2.308,,0.28,1777865422
All Pools,Psychic - TrumpCard,0.3,False,0.00699,62.34,,0.01,1777865422
All Pools,Psychic - Hydrogen,0.3,False,0.00699,83.01,,0.01,1777865422
All Pools,BLACK - TwinFlames,0.3,False,0.00698,2.342,,0.27,1777865422
All Pools,Choice - Psychic,0.3,False,0.00698,62.29,,0.01,1777865422
All Pools,Psychic - YouAndI,0.3,False,0.00694,62.32,,0.01,1777865422
All Pools,TrumpCard - BLACK,0.3,False,0.00694,2.305,,0.27,1777865422
All Pools,Choice - BLACK,0.3,False,0.00694,2.32,,0.27,1777865422
All Pools,YouAndI - BLACK,0.3,False,0.00691,2.311,,0.27,1777865422
All Pools,Loyalty - Psychic,0.3,False,0.00686,62.28,,0.01,1777865422
All Pools,Loyalty - BLACK,0.3,False,0.00683,2.323,,0.27,1777865422
All Pools,Psychic - BiTonic,0.3,False,0.00681,62.33,,0.01,1777865422
All Pools,Psychic - TheArcher,0.3,False,0.00681,62.32,,0.01,1777865422
All Pools,MU - SOL,0.3,False,0.00681,1.336,,0.46,1777865422
All Pools,Psychic - Artemis,0.3,False,0.00678,62.27,,0.01,1777865422
All Pools,BiTonic - BLACK,0.3,False,0.00677,2.307,,0.27,1777865422
All Pools,TheArcher - BLACK,0.3,False,0.00676,2.309,,0.27,1777865422
All Pools,Artemis - BLACK,0.3,False,0.00673,2.329,,0.26,1777865422
All Pools,FatherChristmas - AVAX,0.3,False,0.00665,53.78,,0.01,1777865422
All Pools,FatherChristmas - Gravity,0.3,False,0.00663,21.87,,0.03,1777865422
All Pools,Psychic - Six,0.3,False,0.00657,62.32,,0.01,1777865422
All Pools,TokenZ - AVAX,0.3,False,0.00655,2.428,,0.25,1777865422
All Pools,TokenZ - USDC,0.3,False,0.00654,3.804,,0.16,1777865422
All Pools,Psychic - Nine,0.3,False,0.00654,62.3,,0.01,1777865422
All Pools,Six - BLACK,0.3,False,0.00653,2.309,,0.26,1777865422
All Pools,USDt - USDC.e,0.3,False,0.00653,14.26,,0.04,1777865422
All Pools,Psychic - ElmoSunkGematria,0.3,False,0.00652,62.33,,0.01,1777865422
All Pools,Spider - Psychic,0.3,False,0.0065,62.28,,0.01,1777865422
All Pools,BLACK - Nine,0.3,False,0.0065,2.317,,0.26,1777865422
All Pools,Psychic - Zero,0.3,False,0.00648,62.3,,0.01,1777865422
All Pools,AVAX - OK,0.3,False,0.00648,1.99,,0.3,1777865422
All Pools,BLACK - ElmoSunkGematria,0.3,False,0.00648,2.305,,0.26,1777865422
All Pools,Zero - BLACK,0.3,False,0.00644,2.318,,0.25,1777865422
All Pools,ZH - JOE,0.3,False,0.00639,2.899,,0.2,1777865422
All Pools,ZH - USDC.e,0.3,False,0.00635,22.97,,0.03,1777865422
All Pools,Psychic - Lock,0.3,False,0.00631,62.3,,0.01,1777865422
All Pools,JOE - CRA,0.3,False,0.0063,11.23,,0.05,1777865422
All Pools,ABC - AMI,0.3,False,0.00629,4.013,,0.14,1777865422
All Pools,AVAX - COSMIC,0.3,False,0.00627,1.263,,0.45,1777865422
All Pools,USDC - COSMIC,0.3,False,0.00626,54.57,,0.01,1777865422
All Pools,WETH.e - STATIK,0.3,False,0.00625,1.381,,0.41,1777865422
All Pools,Psychic - KekiusMaximus,0.3,False,0.0062,62.33,,0.01,1777865422
All Pools,Psychic - Time,0.3,False,0.00619,62.32,,0.01,1777865422
All Pools,Psychic - SevenSevenSeven,0.3,False,0.00617,62.33,,0.01,1777865422
All Pools,Psychic - BirthingCode,0.3,False,0.0061,62.33,,0.01,1777865422
All Pools,Flection - Psychic,0.3,False,0.00607,62.33,,0.01,1777865422
All Pools,Psychic - LordJesusChrist,0.3,False,0.00602,59.7,,0.01,1777865422
All Pools,FLOT - AVAX,0.3,False,0.006,4313.49,,,1777865422
All Pools,Psychic - Diamonds,0.3,False,0.006,62.32,,0.01,1777865422
All Pools,FLOT - COQ,0.3,False,0.00596,0.78705,,0.69,1777865422
All Pools,Diamonds - BLACK,0.3,False,0.00596,2.308,,0.24,1777865422
All Pools,SYN - REDWOLF,0.3,False,0.00594,2.639,,0.21,1777865422
All Pools,Psychic - Happy,0.3,False,0.0059,62.33,,0.01,1777865422
All Pools,DCAR - AVAX,0.3,False,0.00582,1.109,,0.48,1777865422
All Pools,AVAX - VYBE,0.3,False,0.00581,3.318,,0.16,1777865422
All Pools,GURS - HOWDY,0.3,False,0.00581,1.85,,0.29,1777865422
All Pools,AVAX - EDG,0.3,False,0.00581,3.181,,0.17,1777865422
All Pools,DCAR - USDC,0.3,False,0.00581,56.21,,0.01,1777865422
All Pools,MIM - VYBE,0.3,False,0.0058,3.763,,0.14,1777865422
All Pools,MIM - EDG,0.3,False,0.0058,7.927,,0.07,1777865422
All Pools,AVAX - Gaza,0.3,False,0.0058,3.208,,0.16,1777865422
All Pools,Psychic - [In]finity,0.3,False,0.00579,62.3,,0.01,1777865422
All Pools,Trinity - Gaza,0.3,False,0.00579,3.786,,0.14,1777865422
All Pools,BNZ - AVAX,0.3,False,0.0057,62.35,,0.01,1777865422
All Pools,WETH.e - JOE,0.3,False,0.00567,0.03849,,13.43,1777865422
All Pools,Psychic - Alice,0.3,False,0.00566,62.29,,0.01,1777865422
All Pools,Psychic - WhoWho,0.3,False,0.00566,62.32,,0.01,1777865422
All Pools,Psychic - Sequence,0.3,False,0.00564,62.33,,0.01,1777865422
All Pools,SYN - USDC.e,0.3,False,0.00562,1.226,,0.42,1777865422
All Pools,WhoWho - BLACK,0.3,False,0.00561,2.305,,0.22,1777865422
All Pools,XPOW - AVAX,0.3,False,0.00561,121.01,,0.0,1777865422
All Pools,Sequence - BLACK,0.3,False,0.00561,2.303,,0.22,1777865422
All Pools,XPOW - USDt,0.3,False,0.0056,1.408,,0.36,1777865422
All Pools,KIMBO - KOVIN,0.3,False,0.00559,5.362,,0.1,1777865422
All Pools,DWC - MU,0.3,False,0.00554,3.509,,0.14,1777865422
All Pools,AI9000 - AVAX,0.3,False,0.00554,308.63,,0.0,1777865422
All Pools,Psychic - Partment,0.3,False,0.00548,62.3,,0.01,1777865422
All Pools,GAINS - KONG,0.3,False,0.00542,0.76338,,0.65,1777865422
All Pools,AVAX - AMONKS,0.3,False,0.0054,1596.09,,,1777865422
All Pools,REDWOLF - AMONKS,0.3,False,0.00539,7.249,,0.07,1777865422
All Pools,GURS - NOCHILL,0.3,False,0.00535,1.985,,0.25,1777865422
All Pools,Psychic - Chrism,0.3,False,0.00534,64.57,,0.01,1777865422
All Pools,Psychic - Line,0.3,False,0.00524,63.1,,0.01,1777865422
All Pools,Psychic - Who,0.3,False,0.00522,62.33,,0.01,1777865422
All Pools,ElkeNevusRome - AVAX,0.3,False,0.00521,13.11,,0.04,1777865422
All Pools,Line - BLACK,0.3,False,0.00521,1.993,,0.24,1777865422
All Pools,ZUM - NOCHILL,0.3,False,0.0052,1.268,,0.37,1777865422
All Pools,ElkeNevusRome - Gravity,0.3,False,0.00519,4.962,,0.1,1777865422
All Pools,Who - BLACK,0.3,False,0.00519,2.303,,0.21,1777865422
All Pools,WETH.e - BTCBR,0.3,False,0.00512,0.06058,,7.72,1777865422
All Pools,Psychic - Ups,0.3,False,0.00509,62.33,,0.01,1777865422
All Pools,CRA - AVAX,0.3,False,0.00505,10237.0,,,1777865422
All Pools,USDC.e - BAVA,0.3,False,0.00502,2.985,,0.15,1777865422
All Pools,COQ - EGG,0.3,False,0.00501,0.58852,,0.78,1777865422
All Pools,GAINS - DWC,0.3,False,0.005,0.98636,,0.46,1777865422
All Pools,WETH - AVAX,0.3,False,0.00499,1.363,,0.33,1777865422
All Pools,AKA - AVAX,0.3,False,0.00481,2.295,,0.19,1777865422
All Pools,AKA - USDt,0.3,False,0.00481,2.946,,0.15,1777865422
All Pools,TrueLove - AVAX,0.3,False,0.0048,12.97,,0.03,1777865422
All Pools,TrueLove - Gravity,0.3,False,0.00479,4.907,,0.09,1777865422
All Pools,WBTC.e - USDC,0.3,False,0.00476,0.21097,,2.06,1777865422
All Pools,GAINS - BAWLS,0.3,False,0.00469,0.92316,,0.46,1777865422
All Pools,BAWLS - AVAX,0.3,False,0.00467,16.47,,0.03,1777865422
All Pools,GMX - USDt,0.3,False,0.00466,0.37624,,1.13,1777865422
All Pools,USDC - MU,0.3,False,0.0046,0.34511,,1.22,1777865422
All Pools,HIGHER - NOCHILL,0.3,False,0.00457,0.35406,,1.18,1777865422
All Pools,COQ - SHEN,0.3,False,0.00449,0.49045,,0.84,1777865422
All Pools,SHEN - AVAX,0.3,False,0.00442,56.97,,0.01,1777865422
All Pools,AAVE.e - USDC.e,0.3,False,0.00438,1.272,,0.31,1777865422
All Pools,gOHM - JOE,0.3,False,0.0043,4.046,,0.1,1777865422
All Pools,AVAX - MUG,0.3,False,0.00423,1.221,,0.32,1777865422
All Pools,GAINS - KOVIN,0.3,False,0.0042,0.65249,,0.59,1777865422
All Pools,Psychic - Number,0.3,False,0.00419,62.34,,0.01,1777865422
All Pools,Psychic - Vampire,0.3,False,0.00418,62.33,,0.01,1777865422
All Pools,Psychic - Aquarius,0.3,False,0.00417,62.29,,0.01,1777865422
All Pools,AVAX - AXIAL,0.3,False,0.00417,1039.07,,,1777865422
All Pools,BEAM - MU,0.3,False,0.00416,1.09,,0.35,1777865422
All Pools,Number - BLACK,0.3,False,0.00416,2.299,,0.17,1777865422
All Pools,Aquarius - BLACK,0.3,False,0.00413,2.316,,0.16,1777865422
All Pools,AVAX - PAR,0.3,False,0.00404,2.404,,0.15,1777865422
All Pools,MIM - PAR,0.3,False,0.00403,1.918,,0.19,1777865422
All Pools,Psychic - TrueStory,0.3,False,0.00397,62.33,,0.01,1777865422
All Pools,TrueStory - BLACK,0.3,False,0.00393,2.302,,0.16,1777865422
All Pools,WOLF - AVAX,0.3,False,0.00392,43718.0,,,1777865422
All Pools,WOLF - MU,0.3,False,0.00391,5.216,,0.07,1777865422
All Pools,Psychic - Seminole,0.3,False,0.00389,62.28,,0.01,1777865422
All Pools,Psychic - PoPo,0.3,False,0.00386,62.33,,0.01,1777865422
All Pools,Anon - USDC,0.3,False,0.00385,1.03,,0.34,1777865422
All Pools,Seminole - BLACK,0.3,False,0.00384,2.319,,0.15,1777865422
All Pools,Psychic - James,0.3,False,0.00382,62.34,,0.01,1777865422
All Pools,GURS - AMI,0.3,False,0.00382,2.008,,0.17,1777865422
All Pools,Psychic - FinityFinity,0.3,False,0.0038,62.34,,0.01,1777865422
All Pools,EHCNALAVA - AVAX,0.3,False,0.00379,1517.3,,,1777865422
All Pools,KIMBO - EHCNALAVA,0.3,False,0.00379,2.858,,0.12,1777865422
All Pools,James - BLACK,0.3,False,0.00378,2.298,,0.15,1777865422
All Pools,WINK - AMI,0.3,False,0.00375,0.12028,,2.84,1777865422
All Pools,Psychic - QuetzalCoatl,0.3,False,0.00373,62.33,,0.01,1777865422
All Pools,Trinity - IfYouKnowYouKnow,0.3,False,0.00371,5.066,,0.07,1777865422
All Pools,BLACK - IfYouKnowYouKnow,0.3,False,0.00371,2.524,,0.13,1777865422
All Pools,QuetzalCoatl - BLACK,0.3,False,0.00369,2.302,,0.15,1777865422
All Pools,YEEHAW - AMI,0.3,False,0.00367,9.681,,0.03,1777865422
All Pools,GAINS - TECH,0.3,False,0.00366,0.62295,,0.54,1777865422
All Pools,MIM - SMRT,0.3,False,0.00364,1.67,,0.2,1777865422
All Pools,GMX - JOE,0.3,False,0.00363,0.43092,,0.77,1777865422
All Pools,GATOR - AMI,0.3,False,0.00358,4.582,,0.07,1777865422
All Pools,TEMPO - AVAX,0.3,False,0.00356,1.083,,0.3,1777865422
All Pools,MIM - TEMPO,0.3,False,0.00356,6.734,,0.05,1777865422
All Pools,Psychic - Checkmate,0.3,False,0.00351,62.47,,0.01,1777865422
All Pools,GG - AVAX,0.3,False,0.00347,0.1609,,1.97,1777865422
All Pools,Psychic - Equal,0.3,False,0.00347,62.33,,0.01,1777865422
All Pools,BTCBR - USDC,0.3,False,0.00347,0.20023,,1.58,1777865422
All Pools,Checkmate - BLACK,0.3,False,0.00346,2.308,,0.14,1777865422
All Pools,Psychic - Abracadabra,0.3,False,0.00345,62.3,,0.01,1777865422
All Pools,STOMB - AVAX,0.3,False,0.00345,7952.14,,,1777865422
All Pools,Equal - BLACK,0.3,False,0.00344,2.302,,0.14,1777865422
All Pools,Abracadabra - BLACK,0.3,False,0.00342,2.312,,0.14,1777865422
All Pools,Psychic - PlotTwist,0.3,False,0.00341,63.72,,0.0,1777865422
All Pools,AVXT - POLAR,0.3,False,0.00341,0.44818,,0.69,1777865422
All Pools,MIM - ICE,0.3,False,0.00329,0.99614,,0.3,1777865422
All Pools,KOVIN - MU,0.3,False,0.00325,3.1,,0.1,1777865422
All Pools,EGG - AVAX,0.3,False,0.00325,1.709,,0.17,1777865422
All Pools,Psychic - KatzJoel,0.3,False,0.00325,62.3,,0.0,1777865422
All Pools,EGG - USDT.e,0.3,False,0.00324,1.987,,0.15,1777865422
All Pools,sAVAX - USDC,0.3,False,0.00323,0.53708,,0.55,1777865422
All Pools,Psychic - Hexagon,0.3,False,0.00318,62.33,,0.0,1777865422
All Pools,Hexagon - BLACK,0.3,False,0.00314,2.304,,0.12,1777865422
All Pools,AMI - MU,0.3,False,0.00313,1.731,,0.17,1777865422
All Pools,3ULL - USDC,0.3,False,0.00312,0.65713,,0.43,1777865422
All Pools,AI9000 - MU,0.3,False,0.00312,1.297,,0.22,1777865422
All Pools,NXPC - USDC,0.3,False,0.00309,0.7184,,0.39,1777865422
All Pools,NOCHILL - ARENA,0.3,False,0.00309,0.45182,,0.62,1777865422
All Pools,SNTA - MIM,0.3,False,0.00308,0.99558,,0.28,1777865422
All Pools,JOE - REDWOLF,0.3,False,0.00303,4.043,,0.07,1777865422
All Pools,WITCH - AVAX,0.3,False,0.00302,2.802,,0.1,1777865422
All Pools,WITCH - USDC,0.3,False,0.00301,1.732,,0.16,1777865422
All Pools,USDC.e - TT,0.3,False,0.00297,2.027,,0.13,1777865422
All Pools,AVAX - HOST,0.3,False,0.00291,1.969,,0.13,1777865422
All Pools,GRAPE - AVAX,0.3,False,0.00283,0.89248,,0.29,1777865422
All Pools,ValentinMidwifes - AVAX,0.3,False,0.00282,2.388,,0.11,1777865422
All Pools,ValentinMidwifes - Gravity,0.3,False,0.00281,39.0,,0.01,1777865422
All Pools,SYN - WETH.e,0.3,False,0.00281,0.68591,,0.37,1777865422
All Pools,AVAX - WISE,0.3,False,0.00279,2.827,,0.09,1777865422
All Pools,USDC.e - WISE,0.3,False,0.00278,7.152,,0.04,1777865422
All Pools,HOST - DAI.e,0.3,False,0.00278,3.025,,0.08,1777865422
All Pools,USDC - TT,0.3,False,0.00276,2.02,,0.12,1777865422
All Pools,PNG - USDT.e,0.3,False,0.00276,0.89524,,0.28,1777865422
All Pools,SB - DAI.e,0.3,False,0.00275,0.1303,,1.92,1777865422
All Pools,AVAX - TUSK,0.3,False,0.00274,2.526,,0.1,1777865422
All Pools,USDC.e - SMRT,0.3,False,0.00273,2.223,,0.11,1777865422
All Pools,MU - KET,0.3,False,0.00269,1.35,,0.18,1777865422
All Pools,JPYC - AVAX,0.3,False,0.00268,0.27903,,0.88,1777865422
All Pools,JOE - aXEN,0.3,False,0.00266,0.24349,,1.0,1777865422
All Pools,xJOE - AVAX,0.3,False,0.00263,2.774,,0.09,1777865422
All Pools,BUSD - USDT.e,0.3,False,0.00262,0.07903,,3.03,1777865422
All Pools,MU - MUG,0.3,False,0.00258,2448.22,,,1777865422
All Pools,ARENA - AMI,0.3,False,0.00256,1.418,,0.16,1777865422
All Pools,ACS - USDt,0.3,False,0.00254,0.97489,,0.24,1777865422
All Pools,ARENA - JUICY,0.3,False,0.00245,0.03389,,6.6,1777865422
All Pools,AI9000 - USDt,0.3,False,0.0024,0.91086,,0.24,1777865422
All Pools,AVAX - RUG,0.3,False,0.00239,0.54272,,0.4,1777865422
All Pools,EUROS - AVAX,0.3,False,0.00236,1.197,,0.18,1777865422
All Pools,USDC.e - TUSK,0.3,False,0.00233,9.829,,0.02,1777865422
All Pools,MAXI - AVAX,0.3,False,0.00227,0.8026,,0.26,1777865422
All Pools,TEDDY - AVAX,0.3,False,0.00226,16.91,,0.01,1777865422
All Pools,LUNA - USDC,0.3,False,0.00223,0.1308,,1.55,1777865422
All Pools,Psychic - Self,0.3,False,0.00222,64.37,,0.0,1777865422
All Pools,KR - AVAX,0.3,False,0.00221,1.711,,0.12,1777865422
All Pools,Self - BLACK,0.3,False,0.0022,1.015,,0.2,1777865422
All Pools,KR - USDC.e,0.3,False,0.0022,11.49,,0.02,1777865422
All Pools,YEEHAW - HIGHER,0.3,False,0.00219,0.46049,,0.43,1777865422
All Pools,STG - JOE,0.3,False,0.00218,0.17284,,1.15,1777865422
All Pools,MIM - sTHO,0.3,False,0.00213,498.26,,,1777865422
All Pools,SMRTr - USDT.e,0.3,False,0.00204,1.321,,0.14,1777865422
All Pools,TT - USDT.e,0.3,False,0.00202,2.02,,0.09,1777865422
All Pools,USDt - TT,0.3,False,0.00201,2.025,,0.09,1777865422
All Pools,GATOR - ARENA,0.3,False,0.00195,2.003,,0.09,1777865422
All Pools,SYN - USDT.e,0.3,False,0.00193,0.65481,,0.27,1777865422
All Pools,WLRS - USDC,0.3,False,0.00191,4.029,,0.04,1777865422
All Pools,HOWDY - KONG,0.3,False,0.00188,0.42569,,0.4,1777865422
All Pools,USV - AVAX,0.3,False,0.00186,1.171,,0.15,1777865422
All Pools,LIRA - BUSD,0.3,False,0.00184,0.08333,,2.02,1777865422
All Pools,MU - WAIFU,0.3,False,0.00183,100.04,,0.0,1777865422
All Pools,GGP - JUICY,0.3,False,0.0018,0.0342,,4.8,1777865422
All Pools,USDC.e - XAVA,0.3,False,0.0018,0.36204,,0.45,1777865422
All Pools,ETHM - AVAX,0.3,False,0.00179,27.74,,0.01,1777865422
All Pools,AVAX - NXUSD,0.3,False,0.00179,0.49441,,0.33,1777865422
All Pools,toi - AVAX,0.3,False,0.00178,0.94559,,0.17,1777865422
All Pools,MIM - toi,0.3,False,0.00178,3.437,,0.05,1777865422
All Pools,AVAX - WINE,0.3,False,0.00177,0.67228,,0.24,1777865422
All Pools,AVAX - DREX,0.3,False,0.00177,0.60203,,0.27,1777865422
All Pools,MIM - WINE,0.3,False,0.00177,3093.95,,,1777865422
All Pools,MIM - DREX,0.3,False,0.00176,37.54,,0.0,1777865422
All Pools,GAINS - Always,0.3,False,0.00174,0.10623,,1.49,1777865422
All Pools,ETHM - DAI.e,0.3,False,0.0017,0.68232,,0.23,1777865422
All Pools,AVXT - AVAX,0.3,False,0.0017,52.87,,0.0,1777865422
All Pools,MM - USDC.e,0.3,False,0.00168,0.60878,,0.25,1777865422
All Pools,HERESY - MEOW,0.3,False,0.00167,0.27559,,0.55,1777865422
All Pools,JOE - USDR,0.3,False,0.00167,0.74029,,0.21,1777865422
All Pools,YAK - USDT.e,0.3,False,0.00165,0.56392,,0.27,1777865422
All Pools,LIFE - AVAX,0.3,False,0.00162,1.35,,0.11,1777865422
All Pools,MIM - LIFE,0.3,False,0.00162,0.94209,,0.16,1777865422
All Pools,AMI - EROL,0.3,False,0.0016,0.68237,,0.21,1777865422
All Pools,Balln - AMI,0.3,False,0.0016,0.61268,,0.24,1777865422
All Pools,RAIN - AVAX,0.3,False,0.00157,20.35,,0.01,1777865422
All Pools,WBTC.e - MU,0.3,False,0.00157,0.73198,,0.2,1777865422
All Pools,COQ - RAIN,0.3,False,0.00156,0.18711,,0.76,1777865422
All Pools,BTC.b - MUG,0.3,False,0.00156,0.89963,,0.16,1777865422
All Pools,AVAX - sSB,0.3,False,0.00156,0.50738,,0.28,1777865422
All Pools,AVAX - MTB,0.3,False,0.00156,0.96603,,0.15,1777865422
All Pools,USDC.e - sSB,0.3,False,0.00155,839.0,,,1777865422
All Pools,MIM - MTB,0.3,False,0.00155,2.212,,0.06,1777865422
All Pools,EagleToken - AVAX,0.3,False,0.00155,2.131,,0.07,1777865422
All Pools,EagleToken - USDC.e,0.3,False,0.00155,2.22,,0.06,1777865422
All Pools,AVAX - CAKE,0.3,False,0.00154,0.72603,,0.19,1777865422
All Pools,USDT.e - CAKE,0.3,False,0.00154,48.56,,0.0,1777865422
All Pools,CRAFT - USDC.e,0.3,False,0.00152,0.87735,,0.16,1777865422
All Pools,Always - KONG,0.3,False,0.00151,0.04349,,3.17,1777865422
All Pools,AVAX - WARP,0.3,False,0.0015,1.487,,0.09,1777865422
All Pools,AVAX - SAGE,0.3,False,0.0015,0.89766,,0.15,1777865422
All Pools,AVAX - ICE,0.3,False,0.0015,151.58,,,1777865422
All Pools,USDC.e - WARP,0.3,False,0.00149,0.86555,,0.16,1777865422
All Pools,USDC.e - SAGE,0.3,False,0.00149,2.187,,0.06,1777865422
All Pools,MUMO - AVAX,0.3,False,0.00148,0.18134,,0.74,1777865422
All Pools,MUMO - MU,0.3,False,0.00146,0.61667,,0.22,1777865422
All Pools,QI - USDC,0.3,False,0.00146,0.08917,,1.49,1777865422
All Pools,MIM - YAK,0.3,False,0.0014,0.43621,,0.29,1777865422
All Pools,WETH.e - ETHM,0.3,False,0.00138,0.51053,,0.25,1777865422
All Pools,ETHM - USDC.e,0.3,False,0.00138,0.48371,,0.26,1777865422
All Pools,CANS - AMI,0.3,False,0.00135,0.23141,,0.53,1777865422
All Pools,HUSKY - SNOWY,0.3,False,0.00131,0.44037,,0.27,1777865422
All Pools,QI - SNOWY,0.3,False,0.0013,0.80757,,0.15,1777865422
All Pools,TT - DAI.e,0.3,False,0.00129,1.936,,0.06,1777865422
All Pools,KANA - AVAX,0.3,False,0.00127,1142.97,,,1777865422
All Pools,Naughty - HIGHER,0.3,False,0.00127,0.45296,,0.26,1777865422
All Pools,KANA - USDC,0.3,False,0.00127,0.51195,,0.23,1777865422
All Pools,Trinity - IngersollLockwood,0.3,False,0.00127,1.134,,0.1,1777865422
All Pools,Naughty - AVAX,0.3,False,0.00126,239.67,,,1777865422
All Pools,CRA - USDC.e,0.3,False,0.00123,0.5681,,0.2,1777865422
All Pools,PTOP1200 - TOPIA,0.3,False,0.00117,104.45,,0.0,1777865422
All Pools,ZUM - MEOW,0.3,False,0.00111,0.18064,,0.56,1777865422
All Pools,AVAX - SYMBIOT,0.3,False,0.00107,0.32524,,0.3,1777865422
All Pools,Balln - HOWDY,0.3,False,0.00106,0.3038,,0.32,1777865422
All Pools,JOE - aDXN,0.3,False,0.00106,0.83854,,0.12,1777865422
All Pools,JOE - CNR,0.3,False,0.00106,1.077,,0.09,1777865422
All Pools,COQ - BOBS,0.3,False,0.00106,0.12098,,0.8,1777865422
All Pools,MUME - USDC,0.3,False,0.00106,0.0844,,1.14,1777865422
All Pools,SLOT - AVAX,0.3,False,0.00105,3965.87,,,1777865422
All Pools,SLOT - USDC.e,0.3,False,0.00105,0.4855,,0.2,1777865422
All Pools,LIRA - USDt,0.3,False,0.00103,0.07428,,1.27,1777865422
All Pools,DAI.e - SYMBIOT,0.3,False,0.00102,1.417,,0.07,1777865422
All Pools,GURS - UNIQOC,0.3,False,,0.40822,,0.22,1777865422
All Pools,AVAX - KEESH,0.3,False,,1300.52,,,1777865422
All Pools,AVAX - AKITA,0.3,False,,2536.5,,,1777865422
All Pools,COQ - KEESH,0.3,False,,0.12137,,0.73,1777865422
All Pools,MIM - AKITA,0.3,False,,0.25457,,0.35,1777865422
All Pools,USDC.e - NXUSD,0.3,False,,1.655,,0.05,1777865422
All Pools,WETH.e - SPELL,0.3,False,,0.29719,,0.29,1777865422
All Pools,RD - USDC.e,0.3,False,,7.128,,0.01,1777865422
All Pools,weETH - AVAX,0.3,False,,0.38294,,0.22,1777865422
All Pools,ROCO - USDT.e,0.3,False,,0.08474,,0.96,1777865422
All Pools,JOE - AVE,0.3,False,,1.81,,0.04,1777865422
All Pools,LAMA - AVAX,0.3,False,,11834.0,,,1777865422
All Pools,USDC - DAI.e,0.3,False,,2.021,,0.04,1777865422
All Pools,LAMA - JUICY,0.3,False,,0.01587,,4.87,1777865422
All Pools,COQ - BMC,0.3,False,,0.09517,,0.79,1777865422
All Pools,USDC - NXUSD,0.3,False,,3.513,,0.02,1777865422
All Pools,SeventeenSeventyFive - BLACK,0.3,False,,0.55461,,0.13,1777865422
All Pools,GAINS - MEOW,0.3,False,,0.21385,,0.33,1777865422
All Pools,BUSD - MU,0.3,False,,0.02629,,2.66,1777865422
All Pools,MIM - WBTC.e,0.3,False,,0.05663,,1.21,1777865422
All Pools,AVAX - HOST,0.3,False,,0.14473,,0.45,1777865422
All Pools,COQ - USDt,0.3,False,,0.05408,,1.19,1777865422
All Pools,MAD - AVAX,0.3,False,,12.36,,0.01,1777865422
All Pools,COQ - MAD,0.3,False,,0.06153,,1.02,1777865422
All Pools,DAI.e - HOST,0.3,False,,16.12,,0.0,1777865422
All Pools,3AC - NOCHILL,0.3,False,,0.18634,,0.33,1777865422
All Pools,DMD - AVAX,0.3,False,,26.54,,0.0,1777865422
All Pools,JEWEL - AVAX,0.3,False,,0.22752,,0.27,1777865422
All Pools,DMD - DAI.e,0.3,False,,0.12997,,0.45,1777865422
All Pools,WETH.e - MUi,0.3,False,,0.03063,,1.81,1777865422
All Pools,MUME - BUSD,0.3,False,,0.02861,,1.82,1777865422
All Pools,WETH.e - MUMO,0.3,False,,0.23025,,0.23,1777865422
All Pools,MUMO - USDC.e,0.3,False,,0.13199,,0.39,1777865422
All Pools,DoloresCannon - BLACK,0.3,False,,0.55377,,0.09,1777865422
All Pools,meGNX - aAvaAAVE,0.3,False,,0.03398,,1.37,1777865422
All Pools,AAVE.e - BTCBR,0.3,False,,0.20542,,0.22,1777865422
All Pools,MUME - USDC.e,0.3,False,,0.55304,,0.08,1777865422
All Pools,HUSKY - aXEN,0.3,False,,0.07291,,0.59,1777865422
All Pools,MUi - WINK,0.3,False,,0.01657,,2.51,1777865422
All Pools,YEEHAW - MU,0.3,False,,0.29068,,0.14,1777865422
All Pools,YEEHAW - ARENA,0.3,False,,2.385,,0.02,1777865422
All Pools,AVAX - BIFI,0.3,False,,236.21,,,1777865422
All Pools,HUSKY - SMRTr,0.3,False,,0.07103,,0.57,1777865422
All Pools,USDT.e - TUSK,0.3,False,,0.15314,,0.24,1777865422
All Pools,WETH.e - FEED,0.3,False,,0.07289,,0.47,1777865422
All Pools,SHOE - COQ,0.3,False,,0.03746,,0.83,1777865422
All Pools,HUSKY - TRESR,0.3,False,,0.05134,,0.58,1777865422
All Pools,UNI.e - AVAX,0.3,False,,0.03151,,0.95,1777865422
All Pools,COQ - STRAMI,0.3,False,,0.03675,,0.8,1777865422
All Pools,BLZZ - USDT.e,0.3,False,,0.12995,,0.22,1777865422
All Pools,BLZZ - AVAX,0.3,False,,7890.45,,,1777865422
All Pools,GENI - USDC.e,0.3,False,,0.12278,,0.23,1777865422
All Pools,GURS - MEAT,0.3,False,,0.03291,,0.87,1777865422
All Pools,GEGGS - AVAX,0.3,False,,0.04092,,0.66,1777865422
All Pools,ROCO - SMRT,0.3,False,,0.02579,,1.0,1777865422
All Pools,AVAX - EGS,0.3,False,,922.95,,,1777865422
All Pools,COQ - EGS,0.3,False,,0.02197,,1.02,1777865422
All Pools,USDC - PENDLE,0.3,False,,0.04475,,0.49,1777865422
All Pools,USDT.e - SPRT,0.3,False,,0.09389,,0.23,1777865422
All Pools,AVAX - SPRT,0.3,False,,54.98,,,1777865422
All Pools,BANG - AVAX,0.3,False,,0.56881,,0.04,1777865422
All Pools,BANG - COQ,0.3,False,,0.02589,,0.81,1777865422
All Pools,USDC - MUME,0.3,False,,0.04482,,0.46,1777865422
All Pools,BINGO - AVAX,0.3,False,,1851.22,,,1777865422
All Pools,MUME - MU,0.3,False,,0.74972,,0.03,1777865422
All Pools,COQ - BINGO,0.3,False,,0.03103,,0.65,1777865422
All Pools,AVAX - SQRCAT,0.3,False,,5989.61,,,1777865422
All Pools,COQ - SQRCAT,0.3,False,,0.02733,,0.68,1777865422
All Pools,Always - AMI,0.3,False,,0.00799,,2.32,1777865422
All Pools,LAMBO - AVAX,0.3,False,,0.00853,,2.13,1777865422
All Pools,Now - AVAX,0.3,False,,0.02919,,0.58,1777865422
All Pools,Now - BLACK,0.3,False,,0.19448,,0.09,1777865422
All Pools,DYP - AVAX,0.3,False,,68.99,,,1777865422
All Pools,COQ - CANS,0.3,False,,0.01339,,1.13,1777865422
All Pools,Quet - WETH.e,0.3,False,,0.02423,,0.62,1777865422
All Pools,Quet - AVAX,0.3,False,,0.14813,,0.1,1777865422
All Pools,ABOB - AVAX,0.3,False,,830.85,,,1777865422
All Pools,COQ - ABOB,0.3,False,,0.01576,,0.89,1777865422
All Pools,WETH.e - GMX,0.3,False,,0.03305,,0.43,1777865422
All Pools,AVAX - MOANI,0.3,False,,0.00135,,10.27,1777865422
All Pools,JOE - AMI,0.3,False,,0.2626,,0.05,1777865422
All Pools,MUi - MU,0.3,False,,0.08347,,0.16,1777865422
All Pools,COQ - MUi,0.3,False,,0.01625,,0.79,1777865422
All Pools,WETH.e - LINK.e,0.3,False,,0.15038,,0.08,1777865422
All Pools,MUi - LINK.e,0.3,False,,0.01754,,0.71,1777865422
All Pools,AVAX - ncash,0.3,False,,0.00941,,1.31,1777865422
All Pools,$Td - AMI,0.3,False,,41.11,,,1777865422
All Pools,$Td - NICK,0.3,False,,0.00192,,5.26,1777865422
All Pools,SHEN - REDWOLF,0.3,False,,0.00314,,2.75,1777865422
All Pools,COQ - MUG,0.3,False,,0.00534,,1.5,1777865422
All Pools,LAMBO - ROTI,0.3,False,,0.24887,,0.02,1777865422
All Pools,AVAX - DOG,0.3,False,,68.66,,,1777865422
All Pools,GURS - DOG,0.3,False,,,,5.39,1777865422
All Pools,GURS - COQ,0.3,False,,0.00494,,0.83,1777865422
All Pools,aAvaWAVAX - AVAX,0.3,False,,0.26244,,0.0,1777865422
All Pools,FATE - USDC,0.3,False,,606920.0,,,1777865422
All Pools,MIM - JOE,0.3,False,,0.0074,,,1777865422
All Pools,ElvisJackpot - SaintGermain,0.3,False,0.0,0.0,0.0,0.0,1777865422
All Pools,DoloresCannon - SaintGermain,0.3,False,0.0,0.0,0.0,0.0,1777865422
All Pools,[i]Lluminati - Chrism,0.3,False,0.0,0.0,0.0,0.0,1777865422
All Pools,AUSD - USDC,0.01,False,10182133.0,4179225.0,1018.27,8.89,1777869021
All Pools,AUSD - USDt,0.01,False,10075243.0,3441959.0,1007.58,10.68,1777869021
All Pools,AVAX - USDC,0.05,False,3875285.0,3947281.0,2045.91,18.92,1777869021
All Pools,BTC.b - USDC,0.05,False,330476.0,813414.0,171.8,7.71,1777869021
All Pools,USDC.e - O3,0.3,False,228496.0,344747842.0,571.24,0.06,1777869021
All Pools,USDt - USDC,0.005,False,120648.0,694455.0,8.54,0.45,1777869021
All Pools,AVAX - USDC,0.2,False,67016.0,207679.0,134.72,23.68,1777869021
All Pools,sAVAX - AVAX,0.01,False,54383.0,190731.0,5.444,1.04,1777869021
All Pools,GUN - AVAX,0.25,False,47076.0,127410.0,121.72,34.87,1777869021
All Pools,GUN - AVAX,0.1,False,40676.0,40419.0,43.5,39.28,1777869021
All Pools,ARENA - AVAX,0.01,False,39660.0,179797.0,3.965,0.8,1777869021
All Pools,USDC - XAVA,0.3,False,36804.0,615349.0,92.01,5.46,1777869021
All Pools,AVAX - BTC.b,0.05,False,33723.0,591311.0,17.81,1.1,1777869021
All Pools,NXPC - AVAX,0.3,False,32218.0,242580.0,80.55,12.12,1777869021
All Pools,USDT.e - USDC,0.02,False,21992.0,48837.0,4.412,3.3,1777869021
All Pools,DAI.e - USDC,0.02,False,20014.0,29680.0,3.853,4.74,1777869021
All Pools,WBTC - BTC.b,0.03,False,17564.0,85222.0,5.338,2.29,1777869021
All Pools,AVAX - USDt,0.2,False,16311.0,132310.0,32.88,9.07,1777869021
All Pools,FOLKS - AVAX,0.25,False,14585.0,35076.0,37.18,38.69,1777869021
All Pools,QI - AVAX,0.3,False,14196.0,248472.0,35.49,5.21,1777869021
All Pools,USDT.e - USDt,0.02,False,12830.0,44183.0,2.571,2.12,1777869021
All Pools,COQ - AVAX,0.3,False,12305.0,620347.0,30.76,1.81,1777869021
All Pools,AVAX - USDT.e,0.3,False,12120.0,557955.0,30.3,1.98,1777869021
All Pools,XAUt0 - USDt,0.04,False,10994.0,38982.0,4.792,4.49,1777869021
All Pools,AVAX - USDC,0.3,False,10957.0,410209.0,27.39,2.44,1777869021
All Pools,MIM - AVAX,0.3,False,10487.0,567824.0,26.22,1.69,1777869021
All Pools,JOE - AVAX,0.3,False,9297.94,536189.0,23.24,1.58,1777869021
All Pools,USDC.e - AVAX,0.3,False,9228.08,434500.0,23.07,1.94,1777869021
All Pools,AAVE.e - AVAX,0.3,False,9138.0,308209.0,22.85,2.71,1777869021
All Pools,WBTC.e - BTC.b,0.03,False,7293.49,335855.0,2.243,0.24,1777869021
All Pools,JOE - USDC.e,0.3,False,5604.61,343292.0,14.01,1.49,1777869021
All Pools,USDt - USDC,0.01,False,5153.1,181492.0,0.41271,0.08,1777869021
All Pools,EURC - USDC,0.03,False,4288.84,13114.0,1.411,3.93,1777869021
All Pools,LCPEDU - USDt,0.8,False,3918.87,9626335.0,62.83,0.24,1777869021
All Pools,ORNG - AVAX,0.3,False,3250.74,28044.0,8.127,10.58,1777869021
All Pools,USDT.e - USDC,0.02,False,3086.48,885.36,0.31843,13.13,1777869021
All Pools,JPYC - USDC,0.04,False,2929.11,4465.72,1.751,14.31,1777869021
All Pools,FLD - AVAX,0.3,False,2883.45,52709.0,7.209,4.99,1777869021
All Pools,BEAM - AVAX,0.3,False,2439.68,95950.0,6.099,2.32,1777869021
All Pools,BEAM - AVAX,0.25,False,2382.69,20480.0,6.003,10.7,1777869021
All Pools,XAVA - AVAX,0.8,False,2294.45,230412.0,18.47,2.93,1777869021
All Pools,BEAM - USDC,0.3,False,2192.36,73081.0,5.481,2.74,1777869021
All Pools,HEFE - AVAX,0.3,False,2128.25,21658.0,5.321,8.97,1777869021
All Pools,DAI.e - USDC,0.02,False,2100.42,2417.97,0.40656,6.14,1777869021
All Pools,WETH.e - AVAX,0.3,False,2050.53,507284.0,5.126,0.37,1777869021
All Pools,WBTC.e - AVAX,0.3,False,1708.85,175403.0,4.272,0.89,1777869021
All Pools,SOL - AVAX,0.3,False,1611.65,442733.0,4.029,0.33,1777869021
All Pools,ZRO - AVAX,0.25,False,1554.65,2310.84,11.84,187.08,1777869021
All Pools,AVAX - avUSD,0.25,False,1462.06,2364.69,3.674,56.7,1777869021
All Pools,XAVA - AVAX,0.25,False,1377.64,3216.24,3.483,39.52,1777869021
All Pools,JOE - USDT.e,0.3,False,1335.63,68754.0,3.339,1.77,1777869021
All Pools,USDt - AVAX,0.3,False,1319.53,45470.0,3.299,2.65,1777869021
All Pools,SolvBTC - BTC.b,0.04,False,1277.76,255522.0,1.102,0.16,1777869021
All Pools,BTC.b - AVAX,0.3,False,1207.92,144500.0,3.02,0.76,1777869021
All Pools,AUSD - AVAX,0.1,False,1143.86,40137.0,1.17,1.06,1777869021
All Pools,AVAX - JUICE,0.3,False,1074.93,16119.0,2.687,6.09,1777869021
All Pools,LINK.e - AVAX,0.3,False,995.08,49393.0,2.488,1.84,1777869021
All Pools,SIERRA - USDC,0.1,False,994.7,39741.0,0.99564,0.91,1777869021
All Pools,SHRAP - AVAX,0.8,False,993.86,13560.0,9.964,26.82,1777869021
All Pools,ALOT - AVAX,0.3,False,986.94,230499.0,2.467,0.39,1777869021
All Pools,JOE - USDC,0.3,False,873.1,40884.0,2.183,1.95,1777869021
All Pools,AVAX - ALVA,0.3,False,830.39,1279.91,2.076,59.2,1777869021
All Pools,AVAX - DAI.e,0.3,False,821.85,34520.0,2.055,2.17,1777869021
All Pools,MUON - AVAX,0.3,False,742.96,48103.0,1.857,1.41,1777869021
All Pools,w3ULL - AVAX,0.3,False,599.49,66775.0,1.499,0.82,1777869021
All Pools,WETH.e - USDC,0.15,False,568.41,10057.0,0.86581,3.14,1777869021
All Pools,AVAX - XAVA,0.3,False,530.81,16220.0,1.327,2.99,1777869021
All Pools,USDt - INFRA.e,0.3,False,477.68,24378.0,1.194,1.79,1777869021
All Pools,JOE - AVAX,0.25,False,442.29,11564.0,1.113,3.51,1777869021
All Pools,AARB - AVAX,0.3,False,439.33,0.18379,1.098,218129.32,1777869021
All Pools,ARC - AVAX,0.3,False,439.02,0.18372,1.098,218050.78,1777869021
All Pools,UTAO - AVAX,0.3,False,433.74,0.18263,1.084,216716.87,1777869021
All Pools,NOCHILL - AVAX,0.3,False,413.33,91877.0,1.033,0.41,1777869021
All Pools,SB - AVAX,0.3,False,400.5,7070.75,1.001,5.17,1777869021
All Pools,QI - AVAX,0.25,False,305.35,15291.0,0.76506,1.83,1777869021
All Pools,HERESY - AVAX,0.3,False,220.93,22031.0,0.55234,0.92,1777869021
All Pools,HUNDRED - USDC,0.3,False,218.56,521219.0,0.5464,0.04,1777869021
All Pools,XSEED - AVAX,0.3,False,218.2,12490.0,0.5455,1.59,1777869021
All Pools,APIX - ID,0.3,False,216.52,25453.0,0.54129,0.78,1777869021
All Pools,XETA - USDC,0.3,False,191.68,6442.09,0.4792,2.72,1777869021
All Pools,MIM - SB,0.3,False,190.27,5783.34,0.47569,3.0,1777869021
All Pools,WBTC.e - BTC.b,0.03,False,187.51,698.66,0.08026,4.19,1777869021
All Pools,WETH.e - USDC.e,0.3,False,180.07,12504.0,0.45018,1.31,1777869021
All Pools,STG - USDC,0.3,False,178.82,1471.28,0.44706,11.09,1777869021
All Pools,gOHM - AVAX,0.3,False,172.3,143020.0,0.43076,0.11,1777869021
All Pools,AVAX - JUICY,0.3,False,172.09,3050.22,0.43023,5.15,1777869021
All Pools,UST - AVAX,0.3,False,166.58,7842.21,0.41645,1.94,1777869021
All Pools,USDt - USDC,0.02,False,161.53,2231.23,0.03234,0.53,1777869021
All Pools,SOL - AVAX,0.1,False,154.29,1102.01,0.15826,5.24,1777869021
All Pools,YAK - AVAX,0.3,False,150.8,113640.0,0.377,0.12,1777869021
All Pools,AVAX - UST,0.3,False,148.9,9135.27,0.37226,1.49,1777869021
All Pools,NXUSD - WXT,0.3,False,142.65,790439.0,0.35663,0.02,1777869021
All Pools,GMX - AVAX,0.3,False,138.62,5029.16,0.34655,2.52,1777869021
All Pools,APIX - USDt,0.3,False,129.1,6947.61,0.32276,1.7,1777869021
All Pools,AVAX - CLY,0.3,False,128.25,60653.0,0.32063,0.19,1777869021
All Pools,PTOP800 - AVAX,0.1,False,108.64,610.9,0.10906,6.52,1777869021
All Pools,MEAT - AVAX,0.3,False,108.55,5455.68,0.27138,1.82,1777869021
All Pools,PTOP800 - USDC,0.1,False,107.63,662.83,0.10827,5.96,1777869021
All Pools,KIMBO - AVAX,0.3,False,105.52,65359.0,0.26381,0.15,1777869021
All Pools,STG - AVAX,0.3,False,91.09,1479.29,0.22771,5.62,1777869021
All Pools,EVO - AVAX,0.3,False,86.05,13838.0,0.21512,0.57,1777869021
All Pools,PTOP1100 - AVAX,0.1,False,83.89,364.93,0.08454,8.46,1777869021
All Pools,PTOP1100 - USDC,0.1,False,81.48,668.63,0.08175,4.46,1777869021
All Pools,MIM - USDt,0.03,False,79.47,9.658,0.02565,96.94,1777869021
All Pools,JOE - AVAX,0.15,False,71.01,71055.0,0.10885,0.06,1777869021
All Pools,PRIME - AVAX,0.4,False,70.0,109616.0,0.88946,0.3,1777869021
All Pools,LUNA - USDC.e,0.3,False,68.65,886.81,0.17163,7.06,1777869021
All Pools,APIX - USDC,0.3,False,61.17,3472.93,0.15292,1.61,1777869021
All Pools,GGP - AVAX,0.3,False,58.65,93239.0,0.14663,0.06,1777869021
All Pools,FITFI - USDT.e,0.3,False,55.8,378.11,0.1395,13.47,1777869021
All Pools,SWORLD - AVAX,0.3,False,49.38,7077.31,0.12346,0.64,1777869021
All Pools,CDK - AVAX,0.25,False,48.94,5712.53,0.19133,1.22,1777869021
All Pools,CAT - AVAX,0.3,False,46.43,1922.86,0.11609,2.2,1777869021
All Pools,AVAX - RISE,0.3,False,45.82,60319.0,0.11455,0.07,1777869021
All Pools,PTOP1200 - AVAX,0.1,False,45.4,694.48,0.04545,2.39,1777869021
All Pools,PTOP1200 - USDC,0.1,False,44.92,200.26,0.04555,8.3,1777869021
All Pools,APIX - ARENA,0.3,False,44.5,2377.26,0.11124,1.71,1777869021
All Pools,USDC.e - USDC,0.3,False,35.87,484036.0,0.08969,0.01,1777869021
All Pools,gOHM - FRAX,0.3,False,31.73,3636.49,0.07933,0.8,1777869021
All Pools,GUN - BLSEYE🎯,0.3,False,31.53,961.6,0.07883,2.99,1777869021
All Pools,BLSEYE🎯 - AVAX,0.3,False,29.82,6138.99,0.07454,0.44,1777869021
All Pools,GENI - USDC,0.3,False,29.74,1489.63,0.07436,1.82,1777869021
All Pools,PTOP800 - BTC.b,0.1,False,29.66,1014.87,0.03107,1.12,1777869021
All Pools,USDt - ncash,0.3,False,27.6,1148.61,0.06901,2.19,1777869021
All Pools,HUSKY - AVAX,0.3,False,26.68,3754.76,0.0667,0.65,1777869021
All Pools,BOI - AVAX,0.3,False,24.44,74.49,0.06111,29.94,1777869021
All Pools,PTOP1300 - AVAX,0.1,False,23.1,583.0,0.02314,1.45,1777869021
All Pools,PNG - AVAX,0.3,False,22.98,1079.99,0.05744,1.94,1777869021
All Pools,PTOP1300 - USDC,0.1,False,22.77,350.14,0.02285,2.38,1777869021
All Pools,USDV - AVAX,0.25,False,22.49,1832.62,0.08815,1.76,1777869021
All Pools,ROCO - AVAX,0.3,False,22.34,1304.77,0.05585,1.56,1777869021
All Pools,Balln - AVAX,0.3,False,21.85,4329.62,0.05462,0.46,1777869021
All Pools,GURS - AVAX,0.3,False,21.65,7700.34,0.05413,0.26,1777869021
All Pools,KLO - AVAX,0.3,False,20.92,15053.0,0.05231,0.13,1777869021
All Pools,GUN - AVAX,0.3,False,19.46,449.75,0.04866,3.95,1777869021
All Pools,MIM - WETH.e,0.3,False,19.24,1481.23,0.0481,1.19,1777869021
All Pools,BOOTY - AVAX,0.3,False,19.09,2149.69,0.04773,0.81,1777869021
All Pools,USDC.e - DAI.e,0.3,False,19.07,22798.0,0.04768,0.08,1777869021
All Pools,AVAX - FRAX,0.3,False,18.87,1031.8,0.04719,1.67,1777869021
All Pools,Psychic - AVAX,0.3,False,18.77,1202.74,0.04691,1.42,1777869021
All Pools,BLIZZ - AVAX,0.3,False,18.75,884.4,0.04687,1.93,1777869021
All Pools,HAT - AVAX,0.3,False,17.93,9718.38,0.04484,0.17,1777869021
All Pools,POLAR - AVAX,0.3,False,17.12,1859.88,0.0428,0.84,1777869021
All Pools,SECOND - AVAX,0.3,False,16.16,1801.43,0.0404,0.82,1777869021
All Pools,SECOND - USDC,0.3,False,16.15,7269.16,0.04038,0.2,1777869021
All Pools,MEOW - AVAX,0.3,False,15.57,10732.0,0.03892,0.13,1777869021
All Pools,CAPY - ARENA,0.3,False,15.41,31780.0,0.03852,0.04,1777869021
All Pools,RGOGLZ - USDC,0.3,False,15.34,1608.88,0.03835,0.87,1777869021
All Pools,BUSD - AVAX,0.3,False,14.73,429.2,0.03683,3.13,1777869021
All Pools,HATCHY - AVAX,0.3,False,14.27,9969.82,0.03567,0.13,1777869021
All Pools,MAI - AVAX,0.3,False,14.25,1851.6,0.03562,0.7,1777869021
All Pools,APIX - LAMBO,0.3,False,14.09,567.5,0.03522,2.27,1777869021
All Pools,ZRO - AVAX,0.3,False,14.02,202.79,0.03506,6.31,1777869021
All Pools,sAVAX - JACK,0.3,False,14.0,293507.0,0.035,0.0,1777869021
All Pools,AVAX - DOMI,0.3,False,13.96,17754.0,0.0349,0.07,1777869021
All Pools,Psychic - XAUt0,0.3,False,13.66,7051.13,0.03416,0.18,1777869021
All Pools,TECH - AVAX,0.3,False,13.39,14402.0,0.03349,0.08,1777869021
All Pools,SHRAP - DOMI,0.3,False,13.28,309.97,0.03319,3.91,1777869021
All Pools,ORNG - JUCI,0.3,False,12.7,508.04,0.03175,2.28,1777869021
All Pools,XROSS - ORNG,0.3,False,12.04,482.97,0.03011,2.28,1777869021
All Pools,YUSD - AVAX,0.3,False,11.94,136.29,0.02986,8.0,1777869021
All Pools,COQ - AVAX,0.8,False,11.44,10575.0,0.09204,0.32,1777869021
All Pools,DCAU - AVAX,0.3,False,11.44,1289.79,0.0286,0.81,1777869021
All Pools,DCAU - USDT.e,0.3,False,10.99,5359.35,0.02749,0.19,1777869021
All Pools,Ush - AVAX,0.3,False,10.84,2860.65,0.02709,0.35,1777869021
All Pools,AVAX - GEC,0.3,False,10.72,36731.0,0.02681,0.03,1777869021
All Pools,UST - USDC.e,0.3,False,10.59,759.35,0.02648,1.27,1777869021
All Pools,ORNG - MOOM,0.3,False,10.51,403.41,0.02627,2.38,1777869021
All Pools,YOU - ORNG,0.3,False,10.48,3236.07,0.02619,0.3,1777869021
All Pools,AVAX - HON,0.3,False,10.22,92284.0,0.02554,0.01,1777869021
All Pools,COMET - AVAX,0.3,False,10.19,495.67,0.02549,1.88,1777869021
All Pools,agEUR - USDC,0.3,False,10.18,63.91,0.02545,14.54,1777869021
All Pools,DATCM - ORNG,0.3,False,10.08,489.07,0.02521,1.88,1777869021
All Pools,SYN - AVAX,0.3,False,9.992,2805.55,0.02498,0.32,1777869021
All Pools,MYST - AVAX,0.3,False,9.703,929.41,0.02426,0.95,1777869021
All Pools,AVAXAI - USDC,0.3,False,9.68,1724.21,0.0242,0.51,1777869021
All Pools,STRZ - AVAX,0.3,False,9.168,28.03,0.02292,29.84,1777869021
All Pools,JPYC - USDC,0.3,False,8.644,351.59,0.02161,2.24,1777869021
All Pools,KINGSHIT - AVAX,0.3,False,8.355,5052.17,0.02089,0.15,1777869021
All Pools,BLSEYE🎯 - ARENA,0.3,False,8.077,1194.26,0.02019,0.62,1777869021
All Pools,ORNG - FLUX,0.3,False,7.374,359.6,0.01843,1.87,1777869021
All Pools,ORNG - SAI,0.3,False,6.363,304.82,0.01591,1.9,1777869021
All Pools,UST - USDC,0.3,False,6.297,485.71,0.01574,1.18,1777869021
All Pools,FITFI - AVAX,0.3,False,6.028,40.3,0.01507,13.65,1777869021
All Pools,WINK - AVAX,0.3,False,5.972,89.79,0.01493,6.07,1777869021
All Pools,EGG - AVAX,0.3,False,5.72,23426.0,0.0143,0.02,1777869021
All Pools,AVAX - PEFI,0.3,False,5.476,4604.27,0.01369,0.11,1777869021
All Pools,AVAX - ELK,0.3,False,4.811,1752.66,0.01203,0.25,1777869021
All Pools,avUSD - sAVAX,0.3,False,4.599,268.27,0.0115,1.56,1777869021
All Pools,BLS - USDt,0.3,False,4.169,120.43,0.01042,3.16,1777869021
All Pools,Psychic - BLACK,0.3,False,3.947,471.59,0.00987,0.76,1777869021
All Pools,USDT.e - DAI.e,0.3,False,3.726,7335.97,0.00931,0.05,1777869021
All Pools,LINK.e - USDT.e,0.3,False,3.534,235.92,0.00884,1.37,1777869021
All Pools,USDC.e - USDT.e,0.3,False,3.506,40437.0,0.00876,0.01,1777869021
All Pools,USV - DAI.e,0.3,False,3.502,4306.59,0.00876,0.07,1777869021
All Pools,LIQR - AVAX,0.3,False,3.413,52480.0,0.00853,0.01,1777869021
All Pools,SWIFT - USDC.e,0.3,False,3.401,546.79,0.0085,0.57,1777869021
All Pools,Gravity - BLACK,0.3,False,3.395,1082.2,0.00849,0.29,1777869021
All Pools,USDT.e - CLY,0.3,False,3.386,264.91,0.00846,1.17,1777869021
All Pools,FollowTheWhiteRabbit - BLACK,0.3,False,3.343,1195.26,0.00836,0.26,1777869021
All Pools,ISA - USDC.e,0.3,False,3.281,495.14,0.0082,0.6,1777869021
All Pools,MYST - USDC,0.3,False,3.278,259.02,0.00819,1.15,1777869021
All Pools,REDWOLF - AVAX,0.3,False,3.142,511.91,0.00785,0.56,1777869021
All Pools,COQ - COQAI,0.3,False,3.111,28531.0,0.00778,0.01,1777869021
All Pools,ISA - AVAX,0.3,False,3.093,1493.41,0.00773,0.19,1777869021
All Pools,BTC.b - TOPIA,0.3,False,3.091,315.48,0.00773,0.89,1777869021
All Pools,Gravity - AVAX,0.3,False,2.93,344.83,0.00733,0.78,1777869021
All Pools,GUDVBZ - AVAX,0.3,False,2.902,454.82,0.00726,0.58,1777869021
All Pools,BLSEYE🎯 - BEAM,0.3,False,2.881,351.57,0.0072,0.75,1777869021
All Pools,SWIFT - WETH.e,0.3,False,2.842,1671.26,0.00711,0.16,1777869021
All Pools,MIM - USDC.e,0.3,False,2.792,2004.01,0.00698,0.13,1777869021
All Pools,APOW - AVAX,0.3,False,2.758,1103.95,0.0069,0.23,1777869021
All Pools,TINU - AVAX,0.3,False,2.724,1368.29,0.00681,0.18,1777869021
All Pools,Trinity - BLACK,0.3,False,2.714,572.56,0.00679,0.43,1777869021
All Pools,WETH - USDC.e,0.3,False,2.628,231.4,0.00657,1.04,1777869021
All Pools,LINK.e - USDC.e,0.3,False,2.623,196.81,0.00656,1.22,1777869021
All Pools,YAK - USDC.e,0.3,False,2.613,223.2,0.00653,1.07,1777869021
All Pools,Trinity - AVAX,0.3,False,2.509,1055.63,0.00627,0.22,1777869021
All Pools,3QF - D - AVAX,0.3,False,2.481,1790.99,0.0062,0.13,1777869021
All Pools,3QF - D - WETH.e,0.3,False,2.474,3174.92,0.00618,0.07,1777869021
All Pools,SVETA - AVAX,0.3,False,2.41,1434.18,0.00603,0.15,1777869021
All Pools,FollowTheWhiteRabbit - AVAX,0.3,False,2.365,168.25,0.00591,1.28,1777869021
All Pools,LUNA - AVAX,0.3,False,2.357,22.49,0.00589,9.56,1777869021
All Pools,AVAX - aXEN,0.3,False,2.346,79.06,0.00586,2.71,1777869021
All Pools,LUNA - USDC.e,0.3,False,2.32,330.29,0.0058,0.64,1777869021
All Pools,Now - BLACK,0.3,False,2.275,449.2,0.00569,0.46,1777869021
All Pools,USDt - USDT.e,0.3,False,2.265,20403.0,0.00566,0.01,1777869021
All Pools,PNG - JOE,0.3,False,2.233,175.87,0.00558,1.16,1777869021
All Pools,AVAX - FRAX,0.3,False,2.172,277.65,0.00543,0.71,1777869021
All Pools,DPS - AVAX,0.3,False,2.12,226.27,0.0053,0.86,1777869021
All Pools,DPS - USDC,0.3,False,2.119,1953.85,0.0053,0.1,1777869021
All Pools,XAUt0 - Gravity,0.3,False,2.107,402.93,0.00527,0.48,1777869021
All Pools,WETH.e - USDT.e,0.3,False,2.034,169.89,0.00509,1.09,1777869021
All Pools,AAVE.e - REDWOLF,0.3,False,2.027,165.46,0.00507,1.12,1777869021
All Pools,67 - AVAX,0.3,False,2.022,26.49,0.00505,6.96,1777869021
All Pools,AVAX - TIME,0.3,False,2.021,1235.87,0.00505,0.15,1777869021
All Pools,USDC.e - MU,0.3,False,2.001,13565.0,0.005,0.01,1777869021
All Pools,MaryMagdalene - AVAX,0.3,False,1.945,228.84,0.00486,0.78,1777869021
All Pools,USDC - SOCK,0.3,False,1.887,490.08,0.00472,0.35,1777869021
All Pools,AVAX - SOCK,0.3,False,1.885,3384.9,0.00471,0.05,1777869021
All Pools,AVAX - APOW,0.3,False,1.883,26229.0,0.00471,0.01,1777869021
All Pools,Now - AVAX,0.3,False,1.879,272.09,0.0047,0.63,1777869021
All Pools,XAUt0 - Now,0.3,False,1.877,720.17,0.00469,0.24,1777869021
All Pools,REDWOLF - USDC,0.3,False,1.843,204.96,0.00461,0.82,1777869021
All Pools,AVAX - USDT,0.3,False,1.836,2038.91,0.00459,0.08,1777869021
All Pools,USDC - SHRAP,0.3,False,1.804,29.38,0.00451,5.6,1777869021
All Pools,GENI - AVAX,0.3,False,1.774,75.43,0.00444,2.15,1777869021
All Pools,CATWIF - AVAX,0.3,False,1.747,3348.4,0.00437,0.05,1777869021
All Pools,COQ - BLSEYE🎯,0.3,False,1.74,217.31,0.00435,0.73,1777869021
All Pools,HAREM - AVAX,0.3,False,1.694,143.45,0.00423,1.08,1777869021
All Pools,FXS - AVAX,0.3,False,1.678,449.86,0.0042,0.34,1777869021
All Pools,MAGICK - AVAX,0.3,False,1.54,362.67,0.00385,0.39,1777869021
All Pools,MAGICK - USDC,0.3,False,1.539,243.11,0.00385,0.58,1777869021
All Pools,JOE - USDT,0.3,False,1.487,371.59,0.00372,0.37,1777869021
All Pools,USDC.e - AVVO,0.3,False,1.461,253.9,0.00365,0.53,1777869021
All Pools,APOW - USDC,0.3,False,1.416,170.76,0.00354,0.76,1777869021
All Pools,HUSKY - JOE,0.3,False,1.402,188.21,0.00351,0.68,1777869021
All Pools,WETH.e - ONION,0.3,False,1.393,279.59,0.00348,0.45,1777869021
All Pools,USDT.e - ONION,0.3,False,1.392,778.86,0.00348,0.16,1777869021
All Pools,AVAX - SPELL,0.3,False,1.363,2824.16,0.00341,0.04,1777869021
All Pools,APOW - USDt,0.3,False,1.337,170.2,0.00334,0.72,1777869021
All Pools,AVAX - ONION,0.3,False,1.336,185.68,0.00334,0.66,1777869021
All Pools,LF - AVAX,0.3,False,1.306,297.55,0.00326,0.4,1777869021
All Pools,MIM - LF,0.3,False,1.305,914.83,0.00326,0.13,1777869021
All Pools,HOST - DAI.e,0.3,False,1.296,2612.35,0.00324,0.05,1777869021
All Pools,SHOE - AVAX,0.3,False,1.284,677.31,0.00321,0.17,1777869021
All Pools,AVAX - AMI,0.3,False,1.28,552.4,0.0032,0.21,1777869021
All Pools,SHOE - BTC.b,0.3,False,1.233,859.07,0.00308,0.13,1777869021
All Pools,BLSEYE🎯 - MEOW,0.3,False,1.212,676.13,0.00303,0.16,1777869021
All Pools,AVAX - NaughtiusMaximus,0.3,False,1.183,451.09,0.00296,0.24,1777869021
All Pools,CAI - AVAX,0.3,False,1.171,1823.95,0.00293,0.06,1777869021
All Pools,XAUt0 - NaughtiusMaximus,0.3,False,1.155,1063.37,0.00289,0.1,1777869021
All Pools,SWIFT - AVAX,0.3,False,1.151,315.27,0.00288,0.33,1777869021
All Pools,PIZZA - AVAX,0.3,False,1.134,528.04,0.00284,0.2,1777869021
All Pools,USDC.e - ONION,0.3,False,1.126,390.34,0.00281,0.26,1777869021
All Pools,SMRTr - AVAX,0.3,False,1.123,37545.0,0.00281,0.0,1777869021
All Pools,SMRTr - USDC.e,0.3,False,1.118,127.46,0.0028,0.8,1777869021
All Pools,MONEY - AVAX,0.3,False,1.093,642.77,0.00273,0.16,1777869021
All Pools,WBTC.e - ONION,0.3,False,1.076,415.36,0.00269,0.24,1777869021
All Pools,LUNA - AVAX,0.3,False,1.006,146.0,0.00251,0.63,1777869021
All Pools,DAI.e - ONION,0.3,False,1.004,355.95,0.00251,0.26,1777869021
All Pools,BANKSY - AVAX,0.3,False,0.99868,175.74,0.0025,0.52,1777869021
All Pools,BANKSY - USDT.e,0.3,False,0.99792,1565.22,0.00249,0.06,1777869021
All Pools,rloop - AVAX,0.3,False,0.99149,6353.36,0.00248,0.01,1777869021
All Pools,AVAX - $SICKO,0.3,False,0.9861,10.1,0.00247,8.91,1777869021
All Pools,MIM - PEFI,0.3,False,0.96498,206.94,0.00241,0.43,1777869021
All Pools,ROY - AVAX,0.3,False,0.96256,5044.32,0.00241,0.02,1777869021
All Pools,AVAX - IMPACT2,0.3,False,0.95471,173.04,0.00239,0.5,1777869021
All Pools,BRO - AVAX,0.3,False,0.95023,141081.0,0.00238,,1777869021
All Pools,BRO - COQ,0.3,False,0.94425,207.57,0.00236,0.42,1777869021
All Pools,KIWI - AVAX,0.3,False,0.91466,118.08,0.00229,0.71,1777869021
All Pools,WBTC.e - USDT.e,0.3,False,0.91101,175.0,0.00228,0.48,1777869021
All Pools,DREGG - AVAX,0.3,False,0.91089,183.24,0.00228,0.45,1777869021
All Pools,DREGG - USDT.e,0.3,False,0.90749,550.27,0.00227,0.15,1777869021
All Pools,MaryMagdalene - XAUt0,0.3,False,0.90443,1959.38,0.00226,0.04,1777869021
All Pools,KIWI - USDC,0.3,False,0.89595,312.36,0.00224,0.26,1777869021
All Pools,Trinity - Psychic,0.3,False,0.86937,553.08,0.00217,0.14,1777869021
All Pools,AVAX - MU,0.3,False,0.82765,90.48,0.00207,0.83,1777869021
All Pools,AVAX - SHRAP,0.3,False,0.8132,18.69,0.00203,3.97,1777869021
All Pools,GUN - AMI,0.3,False,0.78941,22.61,0.00197,3.19,1777869021
All Pools,AVAX - AVVO,0.3,False,0.78509,309.4,0.00196,0.23,1777869021
All Pools,FTOMB - AVAX,0.3,False,0.77124,10364.0,0.00193,0.01,1777869021
All Pools,YETI - AVAX,0.3,False,0.75916,952.52,0.0019,0.07,1777869021
All Pools,AVAX - SMRT,0.3,False,0.74559,2394.82,0.00186,0.03,1777869021
All Pools,TRESR - AVAX,0.3,False,0.74487,14950.0,0.00186,0.0,1777869021
All Pools,BLS - SHRAP,0.3,False,0.73213,10.47,0.00183,6.38,1777869021
All Pools,AVAX - ChristMark,0.3,False,0.72406,364.12,0.00181,0.18,1777869021
All Pools,DCAU - USDC,0.3,False,0.71508,152.44,0.00179,0.43,1777869021
All Pools,sAVAX - COQ,0.3,False,0.70979,95.58,0.00177,0.68,1777869021
All Pools,USDT.e - SMRT,0.3,False,0.70318,107.84,0.00176,0.6,1777869021
All Pools,AVAX - KONG,0.3,False,0.69187,7609.51,0.00173,0.01,1777869021
All Pools,LadyMary - AVAX,0.3,False,0.67852,371.09,0.0017,0.17,1777869021
All Pools,Gladiator - AVAX,0.3,False,0.64876,3.77,0.00162,15.7,1777869021
All Pools,CANS - AVAX,0.3,False,0.64424,13.13,0.00161,4.48,1777869021
All Pools,FollowTheWhiteRabbit - LuciferMorningstar,0.3,False,0.63467,3677.14,0.00159,0.02,1777869021
All Pools,GAINS - AVAX,0.3,False,0.63079,41.36,0.00158,1.39,1777869021
All Pools,USDC - SDOG,0.3,False,0.62522,485.5,0.00156,0.12,1777869021
All Pools,MAXI - DAI.e,0.3,False,0.62521,237.9,0.00156,0.24,1777869021
All Pools,USDC - SPT,0.3,False,0.62233,41.09,0.00156,1.38,1777869021
All Pools,USDC - GAU,0.3,False,0.60253,12274.0,0.00151,0.0,1777869021
All Pools,AVAX - TheGospelOfMary,0.3,False,0.5969,161.3,0.00149,0.34,1777869021
All Pools,Orange - AVAX,0.3,False,0.59197,88.99,0.00148,0.61,1777869021
All Pools,UST - USDT.e,0.3,False,0.57551,43.03,0.00144,1.22,1777869021
All Pools,USDC.e - WXT,0.3,False,0.57193,292.88,0.00143,0.18,1777869021
All Pools,MM - USDC,0.3,False,0.56365,84.98,0.00141,0.61,1777869021
All Pools,AVAX - ARENA,0.3,False,0.56247,82.68,0.00141,0.62,1777869021
All Pools,MM - AVAX,0.3,False,0.56201,137.12,0.00141,0.37,1777869021
All Pools,LadyMary - FollowTheWhiteRabbit,0.3,False,0.56163,657.48,0.0014,0.08,1777869021
All Pools,HOST - AVAX,0.3,False,0.5562,108.23,0.00139,0.47,1777869021
All Pools,HUSKY - AMI,0.3,False,0.55179,88.08,0.00138,0.57,1777869021
All Pools,XAUt0 - ChristMark,0.3,False,0.55004,700.92,0.00138,0.07,1777869021
All Pools,Trinity - LuciferMorningstar,0.3,False,0.53756,355355138.0,0.00134,,1777869021
All Pools,MIM - TIME,0.3,False,0.5287,123.53,0.00132,0.39,1777869021
All Pools,KALM - AVAX,0.3,False,0.52744,129.3,0.00132,0.37,1777869021
All Pools,KALM - USDC,0.3,False,0.52724,85.61,0.00132,0.56,1777869021
All Pools,AMPL - AVAX,0.3,False,0.51174,346.23,0.00128,0.13,1777869021
All Pools,JOE - EXP,0.3,False,0.50775,13504441.0,0.00127,,1777869021
All Pools,HEFE - GAINS,0.3,False,0.49392,5.95,0.00123,7.57,1777869021
All Pools,AVAX - ZUBAX,0.3,False,0.49304,118.95,0.00123,0.38,1777869021
All Pools,VPND - AVAX,0.3,False,0.4881,25867.0,0.00122,0.0,1777869021
All Pools,USDt - IMPACT2,0.3,False,0.47981,72.23,0.0012,0.61,1777869021
All Pools,PTOP1100 - TOPIA,0.3,False,0.47646,153.25,0.00119,0.28,1777869021
All Pools,MU - DAI.e,0.3,False,0.4695,247.02,0.00117,0.17,1777869021
All Pools,50 - AVAX,0.3,False,0.4693,77.54,0.00117,0.55,1777869021
All Pools,50 - USDC,0.3,False,0.46906,121.08,0.00117,0.35,1777869021
All Pools,ZUBAX - USDT.e,0.3,False,0.46888,186.05,0.00117,0.23,1777869021
All Pools,FERT - AVAX,0.3,False,0.4636,815.39,0.00116,0.05,1777869021
All Pools,PTOP900 - TOPIA,0.3,False,0.45979,105.35,0.00115,0.4,1777869021
All Pools,Orange - DivineFeminine,0.3,False,0.45842,1115.4,0.00115,0.04,1777869021
All Pools,STATIK - AVAX,0.3,False,0.4547,45.12,0.00114,0.92,1777869021
All Pools,Psychic - Now,0.3,False,0.45294,640.33,0.00113,0.06,1777869021
All Pools,BTC.b - oXAUT,0.3,False,0.44915,377.25,0.00112,0.11,1777869021
All Pools,oXAUT - AVAX,0.3,False,0.44906,525.26,0.00112,0.08,1777869021
All Pools,SYMBIOT - AVAX,0.3,False,0.44599,93.27,0.00111,0.44,1777869021
All Pools,LINDA - AVAX,0.3,False,0.44423,2117.87,0.00111,0.02,1777869021
All Pools,COQ - JUICE,0.3,False,0.43795,49.0,0.00109,0.82,1777869021
All Pools,SYMBIOT - DAI.e,0.3,False,0.43701,472.0,0.00109,0.08,1777869021
All Pools,BNB - AVAX,0.3,False,0.43055,4186.59,0.00108,0.01,1777869021
All Pools,ZRO - USDC,0.3,False,0.429,5.66,0.00107,6.92,1777869021
All Pools,BrideOfChrist - AVAX,0.3,False,0.41215,90.76,0.00103,0.41,1777869021
All Pools,MaryMagdalene - FollowTheWhiteRabbit,0.3,False,0.40605,209.09,0.00102,0.18,1777869021
All Pools,BTC.b - IMPACT2,0.3,False,0.40433,1290.74,0.00101,0.03,1777869021
All Pools,JEWEL - USDC,0.3,False,0.40251,4535.69,0.00101,0.01,1777869021
All Pools,USDT.e - MU,0.3,False,0.38377,256.58,,0.14,1777869021
All Pools,gOHM - SB,0.3,False,0.38097,15.85,,2.19,1777869021
All Pools,USDT - ETH,0.3,False,0.37489,217.3,,0.16,1777869021
All Pools,BTC.b - SPT,0.3,False,0.3726,40.3,,0.84,1777869021
All Pools,HEFE - CANS,0.3,False,0.35604,4.334,,7.5,1777869021
All Pools,Gladiator - USDC,0.3,False,0.35467,567.46,,0.06,1777869021
All Pools,WETH.e - USDC,0.3,False,0.35449,23.02,,1.41,1777869021
All Pools,BLUB - AVAX,0.3,False,0.33939,17280.0,,0.0,1777869021
All Pools,SOL - USDC,0.3,False,0.33584,24.37,,1.26,1777869021
All Pools,WETH.e - SURE,0.3,False,0.33066,1116.15,,0.03,1777869021
All Pools,Gladiator - AMI,0.3,False,0.32993,376.85,,0.08,1777869021
All Pools,FollowTheWhiteRabbit - TheGospelOfMary,0.3,False,0.31619,159.46,,0.18,1777869021
All Pools,WETH.e - REDWOLF,0.3,False,0.31592,104.61,,0.28,1777869021
All Pools,HOWDY - AVAX,0.3,False,0.30793,21280.0,,0.0,1777869021
All Pools,GOOD - AVAX,0.3,False,0.30564,154.44,,0.18,1777869021
All Pools,KIMBO - CANS,0.3,False,0.29561,396.74,,0.07,1777869021
All Pools,Psychic - Meaning,0.3,False,0.29131,316.82,,0.08,1777869021
All Pools,Meaning - AVAX,0.3,False,0.29108,460.7,,0.06,1777869021
All Pools,BTC.b - HOWDY,0.3,False,0.29073,185.79,,0.14,1777869021
All Pools,USDC - CHAM,0.3,False,0.28443,50.33,,0.52,1777869021
All Pools,RUX - AVAX,0.3,False,0.28361,30.71,,0.84,1777869021
All Pools,USDt - RUX,0.3,False,0.28347,16085.0,,0.0,1777869021
All Pools,USDC - aXEN,0.3,False,0.27959,9.282,,2.75,1777869021
All Pools,CQK - AVAX,0.3,False,0.27912,133.93,,0.19,1777869021
All Pools,CQK - USDC,0.3,False,0.27898,35.43,,0.72,1777869021
All Pools,CGS - AVAX,0.3,False,0.2779,67.38,,0.38,1777869021
All Pools,CGS - USDC.e,0.3,False,0.27774,160.0,,0.16,1777869021
All Pools,USDC.e - SOL,0.3,False,0.27478,42.08,,0.6,1777869021
All Pools,IMPACT2 - EURC,0.3,False,0.27467,47.53,,0.53,1777869021
All Pools,BOI - MU,0.3,False,0.27337,1.171,,21.3,1777869021
All Pools,GOOD - COQ,0.3,False,0.26997,97.81,,0.25,1777869021
All Pools,MIM - MU,0.3,False,0.26714,255.24,,0.1,1777869021
All Pools,ABC - AVAX,0.3,False,0.26698,1106.54,,0.02,1777869021
All Pools,DCAU - MIM,0.3,False,0.26083,314.21,,0.08,1777869021
All Pools,miMatic - USDC.e,0.3,False,0.25685,23.51,,1.0,1777869021
All Pools,USDC - USD+,0.3,False,0.2548,33.16,,0.7,1777869021
All Pools,AftermathsKobe - AVAX,0.3,False,0.25059,299.46,,0.08,1777869021
All Pools,BUSD - USDC,0.3,False,0.25016,7.804,,2.93,1777869021
All Pools,Psychic - AftermathsKobe,0.3,False,0.25005,328.85,,0.07,1777869021
All Pools,DivineFeminine - Gravity,0.3,False,0.2483,2349.71,,0.01,1777869021
All Pools,AVAX - WISE,0.3,False,0.24394,80.0,,0.28,1777869021
All Pools,USDC.e - WISE,0.3,False,0.24385,46.43,,0.48,1777869021
All Pools,AVAI - AVAX,0.3,False,0.23976,29.73,,0.74,1777869021
All Pools,UNIQOC - AVAX,0.3,False,0.23963,1143.54,,0.02,1777869021
All Pools,UNIQOC - COQ,0.3,False,0.23714,54.3,,0.4,1777869021
All Pools,Psychic - Ducks,0.3,False,0.23321,323.64,,0.07,1777869021
All Pools,Ducks - AVAX,0.3,False,0.23303,294.68,,0.07,1777869021
All Pools,BOI - AMI,0.3,False,0.23058,1.003,,20.98,1777869021
All Pools,AVAX - TOPIA,0.3,False,0.22731,536.71,,0.04,1777869021
All Pools,Psychic - Jjj,0.3,False,0.22584,324.04,,0.06,1777869021
All Pools,Jjj - AVAX,0.3,False,0.22576,295.27,,0.07,1777869021
All Pools,USDC - yyAVAX,0.3,False,0.2252,14.36,,1.43,1777869021
All Pools,MaryMagdalene - TheGospelOfMary,0.3,False,0.22466,272.81,,0.08,1777869021
All Pools,TSD - AVAX,0.3,False,0.22069,329.53,,0.06,1777869021
All Pools,COQ - NOCHILL,0.3,False,0.22051,15.63,,1.29,1777869021
All Pools,VENG - AVAX,0.3,False,0.21857,61.13,,0.33,1777869021
All Pools,COQ - OX,0.3,False,0.21441,12204.0,,0.0,1777869021
All Pools,AI - AVAX,0.3,False,0.21133,4421.06,,0.0,1777869021
All Pools,FollowTheWhiteRabbit - DivineFeminine,0.3,False,0.21041,686.29,,0.03,1777869021
All Pools,BrideOfChrist - FollowTheWhiteRabbit,0.3,False,0.20682,737.4,,0.03,1777869021
All Pools,VEE - USDC,0.3,False,0.20371,32.58,,0.57,1777869021
All Pools,Psychic - Xmas,0.3,False,0.20212,304.42,,0.06,1777869021
All Pools,Xmas - AVAX,0.3,False,0.20212,277.85,,0.07,1777869021
All Pools,AVAX - FORT,0.3,False,0.201,39.69,,0.46,1777869021
All Pools,MIM - FORT,0.3,False,0.20083,18207.0,,0.0,1777869021
All Pools,Psychic - MeaningOfNumbers,0.3,False,0.20032,323.98,,0.06,1777869021
All Pools,AVAX - MeaningOfNumbers,0.3,False,0.20022,294.91,,0.06,1777869021
All Pools,AVAX - XPOW,0.3,False,0.19868,40.65,,0.45,1777869021
All Pools,SURE - DAI.e,0.3,False,0.19749,28.37,,0.64,1777869021
All Pools,AVVO - DAI.e,0.3,False,0.19699,39.9,,0.45,1777869021
All Pools,AVAX - DUO,0.3,False,0.18682,71.96,,0.24,1777869021
All Pools,USDT.e - DUO,0.3,False,0.18662,57.73,,0.29,1777869021
All Pools,DFIAT - AVAX,0.3,False,0.18579,7657.9,,0.0,1777869021
All Pools,DFIAT - USDT.e,0.3,False,0.18557,28.43,,0.6,1777869021
All Pools,AVAX - CHAM,0.3,False,0.18238,33.44,,0.5,1777869021
All Pools,Psychic - Prometheus,0.3,False,0.18188,315.11,,0.05,1777869021
All Pools,AVAX - Prometheus,0.3,False,0.18185,288.18,,0.06,1777869021
All Pools,MaryMagdalene - Gravity,0.3,False,0.18139,133.29,,0.12,1777869021
All Pools,AVAX - APOW,0.3,False,0.17894,40.15,,0.41,1777869021
All Pools,AVAT - USDC,0.3,False,0.17764,40.77,,0.4,1777869021
All Pools,SLUSH - AVAX,0.3,False,0.1756,59.63,,0.27,1777869021
All Pools,SLUSH - USDT.e,0.3,False,0.17539,60.42,,0.26,1777869021
All Pools,DéjàVu - Gravity,0.3,False,0.17525,210.37,,0.08,1777869021
All Pools,FollowTheWhiteRabbit - Priory,0.3,False,0.17407,934.93,,0.02,1777869021
All Pools,Priory - AVAX,0.3,False,0.17405,77.78,,0.2,1777869021
All Pools,- AMI,0.3,False,0.17328,12.94,,1.22,1777869021
All Pools,DivineFeminine - AVAX,0.3,False,0.17288,6.317,,2.5,1777869021
All Pools,AVAX - ELK,0.3,False,0.17059,71.06,,0.22,1777869021
All Pools,Gold - Now,0.3,False,0.16939,906.65,,0.02,1777869021
All Pools,Gold - AVAX,0.3,False,0.16936,89.7,,0.17,1777869021
All Pools,AVAX - SPT,0.3,False,0.1675,16.74,,0.91,1777869021
All Pools,OSAK - AVAX,0.3,False,0.16749,6223.22,,0.0,1777869021
All Pools,COQ - OSAK,0.3,False,0.16645,36.9,,0.41,1777869021
All Pools,TOPIA - PTOP800,0.3,False,0.16519,149.32,,0.1,1777869021
All Pools,AVAX - MILO,0.3,False,0.16422,1172.39,,0.01,1777869021
All Pools,USDt - MILO,0.3,False,0.16413,17.28,,0.87,1777869021
All Pools,Chemistry - AVAX,0.3,False,0.16337,90.27,,0.17,1777869021
All Pools,JOE - KRW,0.3,False,0.16234,238.96,,0.06,1777869021
All Pools,KRW - AVAX,0.3,False,0.16211,456.39,,0.03,1777869021
All Pools,NOCHILL - OX,0.3,False,0.16186,13092.0,,0.0,1777869021
All Pools,HEFE - AMI,0.3,False,0.1613,1.8,,8.18,1777869021
All Pools,PTOP1000 - TOPIA,0.3,False,0.16114,104.11,,0.14,1777869021
All Pools,USDT.e - ZABU,0.3,False,0.15934,48.57,,0.3,1777869021
All Pools,BrideOfChrist - BLACK,0.3,False,0.15633,33.54,,0.43,1777869021
All Pools,Trinity - Gravity,0.3,False,0.15626,2495.01,,0.01,1777869021
All Pools,YEEHAW - BTC.b,0.3,False,0.15538,130.34,,0.11,1777869021
All Pools,wsOHM - AVAX,0.3,False,0.15383,22.44,,0.63,1777869021
All Pools,HUSKY - MUG,0.3,False,0.15044,24.65,,0.56,1777869021
All Pools,MaryMagdalene - BrideOfChrist,0.3,False,0.14676,120.91,,0.11,1777869021
All Pools,$Crazy - AVAX,0.3,False,0.14483,1020.98,,0.01,1777869021
All Pools,Chemistry - Now,0.3,False,0.14346,911.31,,0.01,1777869021
All Pools,AVAX - LuciferMorningstar,0.3,False,0.14281,14.78,,0.88,1777869021
All Pools,PAPA - AVAX,0.3,False,0.14257,31.05,,0.42,1777869021
All Pools,MIM - PAPA,0.3,False,0.14245,416.32,,0.03,1777869021
All Pools,SURE - USDC.e,0.3,False,0.14014,23.89,,0.54,1777869021
All Pools,USDC - BVAX,0.3,False,0.13947,31.05,,0.41,1777869021
All Pools,MIM - wsOHM,0.3,False,0.13912,1106.17,,0.01,1777869021
All Pools,YEEHAW - AVAX,0.3,False,0.13568,32.49,,0.38,1777869021
All Pools,SUB - USDC,0.3,False,0.1352,13.48,,0.92,1777869021
All Pools,Psychic - BlackAndGold,0.3,False,0.1337,323.39,,0.04,1777869021
All Pools,Matter - AVAX,0.3,False,0.13359,81.42,,0.15,1777869021
All Pools,AVAX - BlackAndGold,0.3,False,0.13357,296.4,,0.04,1777869021
All Pools,Orange - Matter,0.3,False,0.13329,9059.83,,0.0,1777869021
All Pools,GLOBA - AVAX,0.3,False,0.13056,52.14,,0.23,1777869021
All Pools,LINK.e - REDWOLF,0.3,False,0.12972,82.54,,0.14,1777869021
All Pools,WLRS - USDC.e,0.3,False,0.12838,4550.54,,0.0,1777869021
All Pools,AVAX - ZABU,0.3,False,0.12796,30.7,,0.38,1777869021
All Pools,COQ - BOOTY,0.3,False,0.12646,10.46,,1.1,1777869021
All Pools,GLOBA - DAI.e,0.3,False,0.12482,52.83,,0.22,1777869021
All Pools,Hopi - AVAX,0.3,False,0.12352,219.44,,0.05,1777869021
All Pools,Hopi - Now,0.3,False,0.12345,721.81,,0.02,1777869021
All Pools,METAG - AVAX,0.3,False,0.12277,24.75,,0.45,1777869021
All Pools,AVAT - AVAX,0.3,False,0.12268,21.84,,0.51,1777869021
All Pools,AMI - TOPIA,0.3,False,0.12214,227.38,,0.05,1777869021
All Pools,ElvisJackpot - BLACK,0.3,False,0.12213,18.0,,0.62,1777869021
All Pools,USDt - DXN,0.3,False,0.12121,215.65,,0.05,1777869021
All Pools,YETI - AVAX,0.3,False,0.12008,3337.02,,0.0,1777869021
All Pools,VELAI - AVAX,0.3,False,0.11947,0.32806,,33.23,1777869021
All Pools,miMatic - AVAX,0.3,False,0.11916,37.44,,0.29,1777869021
All Pools,RoselineBloodline - AVAX,0.3,False,0.11798,44.61,,0.24,1777869021
All Pools,AVAX - SDOG,0.3,False,0.11612,10.33,,1.03,1777869021
All Pools,MELT - AVAX,0.3,False,0.11497,25.29,,0.41,1777869021
All Pools,Beyond - AVAX,0.3,False,0.114,90.65,,0.11,1777869021
All Pools,Beyond - Orange,0.3,False,0.11378,4470.57,,0.0,1777869021
All Pools,WBTC.e - REDWOLF,0.3,False,0.11203,60.31,,0.17,1777869021
All Pools,REDWOLF - SOL,0.3,False,0.11161,75.76,,0.13,1777869021
All Pools,Solar - AVAX,0.3,False,0.10994,90.48,,0.11,1777869021
All Pools,Solar - Now,0.3,False,0.10987,914.49,,0.01,1777869021
All Pools,RPEPE - AVAX,0.3,False,0.10797,6397.71,,0.0,1777869021
All Pools,Psychic - DéjàVu,0.3,False,0.1071,199.24,,0.05,1777869021
All Pools,Psychic - CommieSukey,0.3,False,0.10605,323.96,,0.03,1777869021
All Pools,CommieSukey - AVAX,0.3,False,0.10604,295.87,,0.03,1777869021
All Pools,COQ - AMI,0.3,False,0.10519,14.28,,0.67,1777869021
All Pools,USDt - XPOW,0.3,False,0.1044,20.36,,0.47,1777869021
All Pools,USDt - REDWOLF,0.3,False,0.1043,15.08,,0.63,1777869021
All Pools,WarpSpeed - AVAX,0.3,False,0.10421,139.47,,0.07,1777869021
All Pools,Gravity - WarpSpeed,0.3,False,0.10419,84.77,,0.11,1777869021
All Pools,USDC - APOW,0.3,False,0.10336,20.33,,0.46,1777869021
All Pools,XAUt0 - ElvisJackpot,0.3,False,0.10152,331.79,,0.03,1777869021
All Pools,AVAX - BLANC,0.3,False,0.09953,22.21,,0.41,1777869021
All Pools,MIM - BLANC,0.3,False,0.09944,8454.1,,0.0,1777869021
All Pools,TOMB - USDC,0.3,False,0.09815,10.74,,0.83,1777869021
All Pools,MIM - USDC,0.3,False,0.09767,76.87,,0.12,1777869021
All Pools,Christmas - Merovingian,0.3,False,0.09712,118.19,,0.07,1777869021
All Pools,Christmas - AVAX,0.3,False,0.09709,252.7,,0.04,1777869021
All Pools,Now - Merovingian,0.3,False,0.09665,70.32,,0.13,1777869021
All Pools,TrumpTower - AVAX,0.3,False,0.09599,160.26,,0.05,1777869021
All Pools,TrumpTower - Gravity,0.3,False,0.09598,75.88,,0.12,1777869021
All Pools,JPYC - USDC.e,0.3,False,0.09463,4.81,,1.8,1777869021
All Pools,AVAX - LYLY,0.3,False,0.09434,72.37,,0.12,1777869021
All Pools,USDC - XPOW,0.3,False,0.09418,20.42,,0.42,1777869021
All Pools,Psychic - MerryXmas,0.3,False,0.09141,292.75,,0.03,1777869021
All Pools,MerryXmas - AVAX,0.3,False,0.09121,267.35,,0.03,1777869021
All Pools,AVAX - GAU,0.3,False,0.09108,9.305,,0.89,1777869021
All Pools,Trinity - LadyMary,0.3,False,0.09006,11324.0,,,1777869021
All Pools,UNI.e - REDWOLF,0.3,False,0.08945,9.793,,0.83,1777869021
All Pools,AVAX - Nala,0.3,False,0.08882,25.96,,0.31,1777869021
All Pools,MIM - GRAPE,0.3,False,0.08861,2415.97,,0.0,1777869021
All Pools,WLRS - GRAPE,0.3,False,0.08859,78.83,,0.1,1777869021
All Pools,COQ - bCASH,0.3,False,0.08735,18.19,,0.44,1777869021
All Pools,LIBRE - USDC.e,0.3,False,0.08609,15.06,,0.52,1777869021
All Pools,Psychic - DiamondbackGall,0.3,False,0.08208,318.31,,0.02,1777869021
All Pools,DiamondbackGall - AVAX,0.3,False,0.08191,291.76,,0.03,1777869021
All Pools,PTOP1300 - TOPIA,0.3,False,0.08188,98.63,,0.08,1777869021
All Pools,FLAKE - AVAX,0.3,False,0.08092,21.68,,0.34,1777869021
All Pools,FLAKE - USDT.e,0.3,False,0.08082,51.14,,0.14,1777869021
All Pools,METAG - USDt,0.3,False,0.08019,16.16,,0.45,1777869021
All Pools,Psychic - Serpentarius,0.3,False,0.07995,323.22,,0.02,1777869021
All Pools,Serpentarius - AVAX,0.3,False,0.0798,295.42,,0.02,1777869021
All Pools,AVAX - MUG,0.3,False,0.0788,357.79,,0.02,1777869021
All Pools,BTC.b - REDWOLF,0.3,False,0.07744,121.72,,0.06,1777869021
All Pools,AVAX - SNOB,0.3,False,0.07676,974.99,,0.01,1777869021
All Pools,NOCHILL - KET,0.3,False,0.0762,16.97,,0.41,1777869021
All Pools,USDT.e - XAVA,0.3,False,0.07555,11.34,,0.61,1777869021
All Pools,USDt - APOW,0.3,False,0.07549,20.32,,0.34,1777869021
All Pools,AVAX - STRAW,0.3,False,0.07424,16.01,,0.42,1777869021
All Pools,HEFE - HIGHER,0.3,False,0.07378,0.8999,,7.48,1777869021
All Pools,ALOT - USDC.e,0.3,False,0.07103,9.347,,0.69,1777869021
All Pools,DAI.e - STRAW,0.3,False,0.07095,34.5,,0.19,1777869021
All Pools,Psychic - Stolen,0.3,False,0.06993,86.81,,0.07,1777869021
All Pools,Gil - AVAX,0.3,False,0.06934,17.41,,0.36,1777869021
All Pools,AVAX - BLACK,0.3,False,0.06907,6.153,,1.02,1777869021
All Pools,Mungo - AVAX,0.3,False,0.06843,41.61,,0.15,1777869021
All Pools,DéjàVu - Mungo,0.3,False,0.06835,184.23,,0.03,1777869021
All Pools,YEEHAW - USDC,0.3,False,0.06757,12.86,,0.48,1777869021
All Pools,Blue - AVAX,0.3,False,0.06687,266.23,,0.02,1777869021
All Pools,UST - USDC,0.3,False,0.06655,4.388,,1.38,1777869021
All Pools,Gil - DAI.e,0.3,False,0.06626,28.71,,0.21,1777869021
All Pools,SLIME - AVAX,0.3,False,0.0659,22111.0,,,1777869021
All Pools,SLIME - USDt,0.3,False,0.06585,7.427,,0.81,1777869021
All Pools,COQ - REDWOLF,0.3,False,0.06545,12.46,,0.48,1777869021
All Pools,TruthClosure - BLACK,0.3,False,0.06525,26.17,,0.23,1777869021
All Pools,HIGHER - AVAX,0.3,False,0.06506,1.883,,3.15,1777869021
All Pools,LUNA - LUNA,0.3,False,0.06445,2.507,,2.35,1777869021
All Pools,GAS - AVAX,0.3,False,0.06444,234.49,,0.03,1777869021
All Pools,Go - AVAX,0.3,False,0.06427,141.56,,0.04,1777869021
All Pools,BANKSY - AVAX,0.3,False,0.06419,23.79,,0.25,1777869021
All Pools,BANKSY - USDC.e,0.3,False,0.06414,31.68,,0.18,1777869021
All Pools,BTC.b - USDC,0.3,False,0.06358,4.718,,1.23,1777869021
All Pools,USDC - AMI,0.3,False,0.063,0.67514,,8.51,1777869021
All Pools,AVAX - NEMO,0.3,False,0.06222,7.899,,0.72,1777869021
All Pools,USDt - NEMO,0.3,False,0.06217,97.01,,0.06,1777869021
All Pools,FollowTheWhiteRabbit - RoselineBloodline,0.3,False,0.06214,41.62,,0.14,1777869021
All Pools,Light - AVAX,0.3,False,0.06184,90.63,,0.06,1777869021
All Pools,Light - Now,0.3,False,0.0617,916.04,,0.01,1777869021
All Pools,Yellow - AVAX,0.3,False,0.06163,266.86,,0.02,1777869021
All Pools,COQ - MCV,0.3,False,0.06134,9.724,,0.58,1777869021
All Pools,COQ - LYLY,0.3,False,0.06092,15.16,,0.37,1777869021
All Pools,TECH - OX,0.3,False,0.06074,4872.75,,0.0,1777869021
All Pools,MELT - USDT.e,0.3,False,0.06019,31.1,,0.18,1777869021
All Pools,JOE - ZABU,0.3,False,0.05913,18.88,,0.29,1777869021
All Pools,FITFI - USDC,0.3,False,0.05893,0.45764,,11.75,1777869021
All Pools,Gravity - TheGospelOfMary,0.3,False,0.05701,34.38,,0.15,1777869021
All Pools,AVAX - SantaGospel,0.3,False,0.05688,135.27,,0.04,1777869021
All Pools,Anon - AVAX,0.3,False,0.0568,14.27,,0.36,1777869021
All Pools,MaryMagdalene - RoselineBloodline,0.3,False,0.05595,46.66,,0.11,1777869021
All Pools,Chrism - ChristMark,0.3,False,0.05587,181.85,,0.03,1777869021
All Pools,Gravity - NaughtiusMaximus,0.3,False,0.05498,5.077,,0.99,1777869021
All Pools,MELT - USDC.e,0.3,False,0.05469,31.46,,0.16,1777869021
All Pools,HEFE - Always,0.3,False,0.05398,0.87464,,5.63,1777869021
All Pools,wsOHM - USDC.e,0.3,False,0.05364,42.73,,0.11,1777869021
All Pools,MCV - AVAX,0.3,False,0.05328,402.01,,0.01,1777869021
All Pools,Psychic - Blue,0.3,False,0.05295,83.19,,0.06,1777869021
All Pools,MIM - AUSD,0.3,False,0.0525,35.41,,0.14,1777869021
All Pools,Psychic - Yellow,0.3,False,0.05201,83.29,,0.06,1777869021
All Pools,AMI - JUICY,0.3,False,0.05198,0.93139,,5.09,1777869021
All Pools,Sanskrit - AVAX,0.3,False,0.05151,90.73,,0.05,1777869021
All Pools,Sanskrit - Now,0.3,False,0.0514,917.25,,0.01,1777869021
All Pools,MIM - DAI.e,0.3,False,0.05118,52.34,,0.09,1777869021
All Pools,COQ - KOVIN,0.3,False,0.05111,13.06,,0.36,1777869021
All Pools,AVAX - Mentor,0.3,False,0.0494,90.33,,0.05,1777869021
All Pools,Now - Mentor,0.3,False,0.04934,913.63,,0.0,1777869021
All Pools,bECH - AVAX,0.3,False,0.0486,22.04,,0.2,1777869021
All Pools,Stolen - AVAX,0.3,False,0.04833,17.92,,0.25,1777869021
All Pools,MU - COQAI,0.3,False,0.04789,6.613,,0.66,1777869021
All Pools,Who - AVAX,0.3,False,0.04787,140.69,,0.03,1777869021
All Pools,CNR - USDt,0.3,False,0.04765,4.906,,0.89,1777869021
All Pools,CNR - USDC,0.3,False,0.04721,4.891,,0.88,1777869021
All Pools,Silver - AVAX,0.3,False,0.04712,89.17,,0.05,1777869021
All Pools,Silver - Now,0.3,False,0.04703,917.66,,0.0,1777869021
All Pools,MIM - SPELL,0.3,False,0.04614,7.671,,0.55,1777869021
All Pools,LoveIsTheKey - AVAX,0.3,False,0.04608,15.14,,0.28,1777869021
All Pools,Psychic - Nala,0.3,False,0.04504,271.44,,0.02,1777869021
All Pools,AVAX - All,0.3,False,0.04472,296.71,,0.01,1777869021
All Pools,Psychic - All,0.3,False,0.04464,323.51,,0.01,1777869021
All Pools,QI - LYLY,0.3,False,0.04417,2.721,,1.48,1777869021
All Pools,AVAX - ETH,0.3,False,0.04411,16.81,,0.24,1777869021
All Pools,Trinity - Nala,0.3,False,0.04388,41.2,,0.1,1777869021
All Pools,GG - AVAX,0.3,False,0.04345,12.57,,0.32,1777869021
All Pools,Psychic - Chrism,0.3,False,0.04345,64.64,,0.06,1777869021
All Pools,MIM - GG,0.3,False,0.0434,23.64,,0.17,1777869021
All Pools,WETH.e - yyAVAX,0.3,False,0.04323,19.75,,0.2,1777869021
All Pools,WDAO - AVAX,0.3,False,0.04315,20.01,,0.2,1777869021
All Pools,COQ - JUICY,0.3,False,0.04313,0.7086,,5.55,1777869021
All Pools,WDAO - MIM,0.3,False,0.0431,23.69,,0.17,1777869021
All Pools,AVAX - GG,0.3,False,0.04298,9.613,,0.41,1777869021
All Pools,MIM - GG,0.3,False,0.04293,295.05,,0.01,1777869021
All Pools,METAG - USDT.e,0.3,False,0.04246,49.73,,0.08,1777869021
All Pools,MAJIN - AVAX,0.3,False,0.04216,4468.35,,,1777869021
All Pools,TruthClosure - AVAX,0.3,False,0.04213,11.75,,0.33,1777869021
All Pools,Apollyon - AVAX,0.3,False,0.04211,36.82,,0.1,1777869021
All Pools,Apollyon - LuciferMorningstar,0.3,False,0.04206,235196665.0,,,1777869021
All Pools,BTC.b - MU,0.3,False,0.04147,11.51,,0.33,1777869021
All Pools,wMEMO - MIM,0.3,False,0.04138,20.82,,0.18,1777869021
All Pools,Trinity - Stolen,0.3,False,0.04098,30.11,,0.12,1777869021
All Pools,wMEMO - AVAX,0.3,False,0.04042,14.0,,0.26,1777869021
All Pools,REDWOLF - SHRAP,0.3,False,0.04042,1.209,,3.05,1777869021
All Pools,gOHM - wsOHM,0.3,False,0.04012,38.67,,0.09,1777869021
All Pools,DUO - USDT.e,0.3,False,0.03915,7.392,,0.48,1777869021
All Pools,SNP - AVAX,0.3,False,0.03876,11.61,,0.3,1777869021
All Pools,LoveYou - Gravity,0.3,False,0.03873,57.31,,0.06,1777869021
All Pools,LoveYou - AVAX,0.3,False,0.03873,62.29,,0.06,1777869021
All Pools,COQ - SNP,0.3,False,0.03852,26.44,,0.13,1777869021
All Pools,Necromancer - AVAX,0.3,False,0.03845,90.6,,0.04,1777869021
All Pools,Now - Necromancer,0.3,False,0.03837,915.97,,0.0,1777869021
All Pools,USDC - WSPP,0.3,False,0.03836,44.13,,0.08,1777869021
All Pools,WBTC.e - USDC.e,0.3,False,0.03809,9.088,,0.38,1777869021
All Pools,meGNX - AVAX,0.3,False,0.03805,17.75,,0.2,1777869021
All Pools,USDC - MXNB,0.3,False,0.03766,27.43,,0.13,1777869021
All Pools,RUGPULL - MUG,0.3,False,0.03764,185.53,,0.02,1777869021
All Pools,FollowTheWhiteRabbit - StatueOfLiberty,0.3,False,0.03761,512.7,,0.01,1777869021
All Pools,StatueOfLiberty - AVAX,0.3,False,0.0376,14.87,,0.23,1777869021
All Pools,GOOD - GAINS,0.3,False,0.03694,3.787,,0.89,1777869021
All Pools,Psychic - Who,0.3,False,0.03677,74.84,,0.04,1777869021
All Pools,Gravity - ChristMark,0.3,False,0.0363,15.63,,0.21,1777869021
All Pools,AVAX - WOLF,0.3,False,0.03624,75.73,,0.04,1777869021
All Pools,USDC.e - WOLF,0.3,False,0.0362,8.911,,0.37,1777869021
All Pools,Void - AVAX,0.3,False,0.0361,88.93,,0.04,1777869021
All Pools,Psychic - Go,0.3,False,0.03609,74.59,,0.04,1777869021
All Pools,Void - Now,0.3,False,0.03603,919.12,,0.0,1777869021
All Pools,Four - AVAX,0.3,False,0.03542,75.16,,0.04,1777869021
All Pools,WINK - NOCHILL,0.3,False,0.03527,1.023,,3.15,1777869021
All Pools,AVAX - Strength,0.3,False,0.03522,142.54,,0.02,1777869021
All Pools,Psychic - ArniStitch,0.3,False,0.03501,317.91,,0.01,1777869021
All Pools,AVAX - TMT,0.3,False,0.035,7.233,,0.44,1777869021
All Pools,ArniStitch - AVAX,0.3,False,0.03495,289.5,,0.01,1777869021
All Pools,USDT.e - TMT,0.3,False,0.03495,26.3,,0.12,1777869021
All Pools,MELT - AVAX,0.3,False,0.03473,1161.46,,0.0,1777869021
All Pools,MELT - USDC.e,0.3,False,0.0347,7.14,,0.44,1777869021
All Pools,DrainTheSwamp - AVAX,0.3,False,0.03457,37.9,,0.08,1777869021
All Pools,SURE - AVAX,0.3,False,0.03438,7.295,,0.43,1777869021
All Pools,Chrism - BLACK,0.3,False,0.03389,2.418,,1.28,1777869021
All Pools,AVAX - NADO,0.3,False,0.03266,7.901,,0.38,1777869021
All Pools,MIM - NADO,0.3,False,0.03262,1174.83,,0.0,1777869021
All Pools,MPL - AVAX,0.3,False,0.03257,6.248,,0.48,1777869021
All Pools,FITFI - USDC.e,0.3,False,0.03255,0.247,,12.02,1777869021
All Pools,MPL - USDt,0.3,False,0.03255,30.78,,0.1,1777869021
All Pools,JOE - ZUBAX,0.3,False,0.03249,9.293,,0.32,1777869021
All Pools,SMRT - XAVA,0.3,False,0.03242,2.91,,1.02,1777869021
All Pools,LoveIsTheKey - BLACK,0.3,False,0.03218,7.989,,0.37,1777869021
All Pools,LINK.e - MU,0.3,False,0.03125,7.539,,0.38,1777869021
All Pools,ICUBE - AVAX,0.3,False,0.03105,6.478,,0.44,1777869021
All Pools,LIFE - AVAX,0.3,False,0.03104,7.377,,0.38,1777869021
All Pools,COQ - MU,0.3,False,0.03102,4.592,,0.62,1777869021
All Pools,ICUBE - USDT.e,0.3,False,0.03101,109.18,,0.03,1777869021
All Pools,MIM - LIFE,0.3,False,0.03099,67.67,,0.04,1777869021
All Pools,KLO - USDT.e,0.3,False,0.03042,5.69,,0.49,1777869021
All Pools,BLUB - AVAX,0.0,False,0.02976,48.39,0.0,0.0,1777869021
All Pools,USDR - USDC,0.3,False,0.02975,41.03,,0.07,1777869021
All Pools,Psychic - SantaGospel,0.3,False,0.02909,74.3,,0.04,1777869021
All Pools,NineHundred - AVAX,0.3,False,0.02897,141.02,,0.02,1777869021
All Pools,LIRA - AVAX,0.3,False,0.02893,13.28,,0.2,1777869021
All Pools,AVAX - Propriety,0.3,False,0.02874,90.49,,0.03,1777869021
All Pools,Now - Propriety,0.3,False,0.02869,916.68,,0.0,1777869021
All Pools,Yellow - BLACK,0.3,False,0.02834,4.866,,0.53,1777869021
All Pools,Go - BLACK,0.3,False,0.02825,4.852,,0.53,1777869021
All Pools,Hydrogen - AVAX,0.3,False,0.02814,266.18,,0.01,1777869021
All Pools,AVAX - IMPACT,0.3,False,0.02813,6.36,,0.4,1777869021
All Pools,NaughtiusMaximus - Seventeen,0.3,False,0.02793,856.47,,0.0,1777869021
All Pools,BLACK - SantaGospel,0.3,False,0.02785,4.82,,0.53,1777869021
All Pools,WINK - MU,0.3,False,0.02783,0.52595,,4.83,1777869021
All Pools,SOB - LUNA,0.3,False,0.02778,1.304,,1.94,1777869021
All Pools,MaryMagdalene - LadyMary,0.3,False,0.02765,17.49,,0.14,1777869021
All Pools,AVAX - √Root,0.3,False,0.02762,90.68,,0.03,1777869021
All Pools,Now - √Root,0.3,False,0.02757,916.6,,0.0,1777869021
All Pools,SBR - AVAX,0.3,False,0.02731,7.447,,0.33,1777869021
All Pools,Strength - BLACK,0.3,False,0.02729,4.858,,0.51,1777869021
All Pools,MIM - SBR,0.3,False,0.02727,40.12,,0.06,1777869021
All Pools,Stolen - BLACK,0.3,False,0.02693,5.468,,0.45,1777869021
All Pools,AVAX - WSPP,0.3,False,0.02692,3.022,,0.81,1777869021
All Pools,USDC - LODE,0.3,False,0.02689,881.47,,0.0,1777869021
All Pools,GAINS - COQ,0.3,False,0.02667,2.034,,1.2,1777869021
All Pools,NOCHILL - AMI,0.3,False,0.02648,6.257,,0.39,1777869021
All Pools,KrisKringle - Gravity,0.3,False,0.02626,78.09,,0.03,1777869021
All Pools,KrisKringle - AVAX,0.3,False,0.02625,26.34,,0.09,1777869021
All Pools,Blue - BLACK,0.3,False,0.0262,4.914,,0.49,1777869021
All Pools,Who - BLACK,0.3,False,0.02609,4.831,,0.49,1777869021
All Pools,Trinity - Sinterklaas,0.3,False,0.02607,26.27,,0.09,1777869021
All Pools,AVAX - Sinterklaas,0.3,False,0.02607,140.7,,0.02,1777869021
All Pools,Hydrogen - BLACK,0.3,False,0.02557,4.911,,0.48,1777869021
All Pools,Orange - BLACK,0.3,False,0.02552,4.145,,0.56,1777869021
All Pools,NineHundred - BLACK,0.3,False,0.02544,4.847,,0.48,1777869021
All Pools,Gravity - HustleTappers,0.3,False,0.02526,24.13,,0.1,1777869021
All Pools,AVAX - HustleTappers,0.3,False,0.02525,55.98,,0.04,1777869021
All Pools,ORNG - JUICE,0.3,False,0.02513,2.788,,0.82,1777869021
All Pools,wALGO - AVAX,0.3,False,0.02499,165.28,,0.01,1777869021
All Pools,wALGO - USDC,0.3,False,0.02495,2.849,,0.8,1777869021
All Pools,OH - AVAX,0.3,False,0.02492,95.21,,0.02,1777869021
All Pools,AVAX - EROL,0.0,False,0.02487,75.15,0.0,0.0,1777869021
All Pools,AVAX - Ouroboros,0.3,False,0.02387,21.89,,0.1,1777869021
All Pools,QI - REDWOLF,0.3,False,0.02378,1.605,,1.35,1777869021
All Pools,MAI - TOMB,0.3,False,0.0236,134.3,,0.02,1777869021
All Pools,ELE - AVAX,0.3,False,0.02359,126.19,,0.02,1777869021
All Pools,WhollySphere - Gravity,0.3,False,0.02358,23.01,,0.09,1777869021
All Pools,WhollySphere - AVAX,0.3,False,0.02357,51.16,,0.04,1777869021
All Pools,Gravity - McdonaldTrouped,0.3,False,0.02344,22.99,,0.09,1777869021
All Pools,McdonaldTrouped - AVAX,0.3,False,0.02343,51.09,,0.04,1777869021
All Pools,GAINS - MEAT,0.3,False,0.02341,0.9925,,2.15,1777869021
All Pools,AVAX - GOT,0.3,False,0.02327,5.355,,0.4,1777869021
All Pools,USDT.e - GOT,0.3,False,0.02324,12.99,,0.16,1777869021
All Pools,Wingdings - Gravity,0.3,False,0.02318,21.98,,0.1,1777869021
All Pools,Wingdings - AVAX,0.3,False,0.02318,51.23,,0.04,1777869021
All Pools,FollowTheWhiteRabbit - TruthClosure,0.3,False,0.02314,46.19,,0.05,1777869021
All Pools,MAJIN - MU,0.3,False,0.02277,4.65,,0.45,1777869021
All Pools,AVAX - Teste,0.3,False,0.02274,89.81,,0.02,1777869021
All Pools,AAVE.e - meGNX,0.3,False,0.02271,4.096,,0.51,1777869021
All Pools,Now - Teste,0.3,False,0.0227,919.43,,0.0,1777869021
All Pools,DrainTheSwamp - Gravity,0.3,False,0.02254,22.67,,0.09,1777869021
All Pools,UST - UST,0.3,False,0.02233,1.866,,1.09,1777869021
All Pools,USDC.e - RUG,0.3,False,0.02228,25.29,,0.08,1777869021
All Pools,AVAX - BOREA,0.3,False,0.02212,6.795,,0.3,1777869021
All Pools,USDT.e - BOREA,0.3,False,0.02209,26.75,,0.08,1777869021
All Pools,BTC.b - GMX,0.3,False,0.02206,1.572,,1.28,1777869021
All Pools,AVAX - SPADE,0.3,False,0.02181,6.183,,0.32,1777869021
All Pools,USDC.e - SPADE,0.3,False,0.02179,16.38,,0.12,1777869021
All Pools,GURS - ARENA,0.3,False,0.02171,7.424,,0.27,1777869021
All Pools,GRELF[ava] - AVAX,0.3,False,0.02155,1164.87,,0.0,1777869021
All Pools,HIGHER - AMI,0.3,False,0.02147,3.346,,0.59,1777869021
All Pools,AVAX - Always,0.3,False,0.0208,0.59852,,3.17,1777869021
All Pools,Psychic - NeatestQuackery,0.3,False,0.02046,318.75,,0.01,1777869021
All Pools,NeatestQuackery - AVAX,0.3,False,0.02043,289.89,,0.01,1777869021
All Pools,MUMO - USDC,0.3,False,0.02035,8.281,,0.22,1777869021
All Pools,AMI - COQAI,0.3,False,0.02028,4.242,,0.44,1777869021
All Pools,CodexKennyMin - AVAX,0.3,False,0.02023,25.2,,0.07,1777869021
All Pools,CodexKennyMin - FollowTheWhiteRabbit,0.3,False,0.02023,22.02,,0.08,1777869021
All Pools,GMX - USDC,0.3,False,0.02005,0.90858,,2.01,1777869021
All Pools,AVAX - SwiftTaylor,0.3,False,0.01992,14.8,,0.12,1777869021
All Pools,CNR - AVAX,0.3,False,0.01989,62.92,,0.03,1777869021
All Pools,FatherChristmas - AVAX,0.3,False,0.01983,54.06,,0.03,1777869021
All Pools,FatherChristmas - Gravity,0.3,False,0.01979,21.93,,0.08,1777869021
All Pools,BENIS - NOCHILL,0.3,False,0.01976,4.96,,0.36,1777869021
All Pools,Satoshi - Gravity,0.3,False,0.01975,55.19,,0.03,1777869021
All Pools,Satoshi - AVAX,0.3,False,0.01974,19.28,,0.09,1777869021
All Pools,Gravity - Vaccinations,0.3,False,0.01963,61.97,,0.03,1777869021
All Pools,AVAX - Vaccinations,0.3,False,0.01963,18.53,,0.1,1777869021
All Pools,Gravity - Nakamoto,0.3,False,0.01954,62.13,,0.03,1777869021
All Pools,Nakamoto - AVAX,0.3,False,0.01954,18.53,,0.1,1777869021
All Pools,USDt - IMPACT,0.3,False,0.01949,3.369,,0.53,1777869021
All Pools,MerryChristmas - Gravity,0.3,False,0.01913,62.18,,0.03,1777869021
All Pools,MerryChristmas - AVAX,0.3,False,0.01913,18.56,,0.09,1777869021
All Pools,BTC.b - MUMO,0.3,False,0.0191,4.864,,0.36,1777869021
All Pools,COQ - MEAT,0.3,False,0.0189,0.71579,,2.41,1777869021
All Pools,AVAX - MICRO,0.3,False,0.01861,23.88,,0.07,1777869021
All Pools,COQ - MICRO,0.3,False,0.01848,3.74,,0.45,1777869021
All Pools,QI - USDC.e,0.3,False,0.0183,0.81917,,2.04,1777869021
All Pools,KIWI - USDt,0.3,False,0.01819,20.55,,0.08,1777869021
All Pools,RUG - USDT.e,0.3,False,0.01806,14.99,,0.11,1777869021
All Pools,JOE - QI,0.3,False,0.01802,0.96564,,1.7,1777869021
All Pools,Four - Found,0.3,False,0.01773,1847.7,,,1777869021
All Pools,ACS - AVAX,0.3,False,0.01769,212.65,,0.01,1777869021
All Pools,Milk - AVAX,0.3,False,0.01753,6.769,,0.24,1777869021
All Pools,Milk - USDT.e,0.3,False,0.01749,14.61,,0.11,1777869021
All Pools,ILoveYouWordSpell - AVAX,0.3,False,0.01745,18.4,,0.09,1777869021
All Pools,ILoveYouWordSpell - Gravity,0.3,False,0.01744,102.48,,0.02,1777869021
All Pools,SodomAndGomorrah - AVAX,0.3,False,0.01741,19.41,,0.08,1777869021
All Pools,Trinity - SodomAndGomorrah,0.3,False,0.0174,22.8,,0.07,1777869021
All Pools,Psychic - NineHundred,0.3,False,0.01735,74.03,,0.02,1777869021
All Pools,WalkTheWalkNowJesus - Gravity,0.3,False,0.01719,25.49,,0.06,1777869021
All Pools,WalkTheWalkNowJesus - AVAX,0.3,False,0.01719,25.04,,0.06,1777869021
All Pools,NOCHILL - REDWOLF,0.3,False,0.01704,3.616,,0.43,1777869021
All Pools,AAVE.e - USDT.e,0.3,False,0.01692,2.623,,0.59,1777869021
All Pools,XIO - AVAX,0.3,False,0.01671,2.848,,0.54,1777869021
All Pools,XIO - USDC,0.3,False,0.01668,24.56,,0.06,1777869021
All Pools,Psychic - Hydrogen,0.3,False,0.0165,83.54,,0.02,1777869021
All Pools,AVAX - LookingGlass,0.3,False,0.01639,16.39,,0.09,1777869021
All Pools,Gravity - LookingGlass,0.3,False,0.01635,184.87,,0.01,1777869021
All Pools,BNZ - WINK,0.3,False,0.01626,0.4793,,3.1,1777869021
All Pools,REDWOLF - ODDZ,0.3,False,0.0162,1.551,,0.95,1777869021
All Pools,AVAX - TT,0.3,False,0.01619,1.962,,0.75,1777869021
All Pools,Trinity - FourFourFour,0.3,False,0.01607,5.022,,0.29,1777869021
All Pools,3ULL - AVAX,0.3,False,0.01604,48.27,,0.03,1777869021
All Pools,USDT.e - AVVO,0.3,False,0.01577,4.079,,0.35,1777869021
All Pools,WETH.e - MU,0.3,False,0.01568,2.096,,0.68,1777869021
All Pools,Trinity - Yeshua,0.3,False,0.01563,34.78,,0.04,1777869021
All Pools,AVAX - Yeshua,0.3,False,0.01562,29.62,,0.05,1777869021
All Pools,AVAX - BAVA,0.3,False,0.01543,11.62,,0.12,1777869021
All Pools,ACS - USDC.e,0.3,False,0.01513,5.408,,0.26,1777869021
All Pools,AVAX - BOBS,0.3,False,0.01507,5521.59,,,1777869021
All Pools,WETH.e - USDR,0.3,False,0.01485,2.832,,0.48,1777869021
All Pools,GAINS - BOBS,0.3,False,0.01456,2.248,,0.59,1777869021
All Pools,WETH.e - meGNX,0.3,False,0.01436,6.729,,0.19,1777869021
All Pools,BGLD - AVAX,0.3,False,0.01423,4.461,,0.29,1777869021
All Pools,SUB - AVAX,0.3,False,0.01422,21.23,,0.06,1777869021
All Pools,BGLD - USDT.e,0.3,False,0.0142,17.15,,0.08,1777869021
All Pools,BSGG - AVAX,0.3,False,0.01414,3.924,,0.33,1777869021
All Pools,Yule - Seventeen,0.3,False,0.01393,272.75,,0.0,1777869021
All Pools,LoveIsTheKey - FollowTheWhiteRabbit,0.3,False,0.01391,65.0,,0.02,1777869021
All Pools,AVAX - Wormwood,0.3,False,0.0138,17.22,,0.07,1777869021
All Pools,Gravity - Wormwood,0.3,False,0.0138,15.43,,0.08,1777869021
All Pools,AVAX - SantaClaus,0.3,False,0.01372,24.93,,0.05,1777869021
All Pools,Gravity - SantaClaus,0.3,False,0.01371,11.93,,0.1,1777869021
All Pools,XAVA - HON,0.3,False,0.01354,1.89,,0.65,1777869021
All Pools,AVAX - LoveWins,0.3,False,0.01352,7.863,,0.16,1777869021
All Pools,FollowTheWhiteRabbit - LoveWins,0.3,False,0.01352,152.34,,0.01,1777869021
All Pools,MIM - RUG,0.3,False,0.01335,23.24,,0.05,1777869021
All Pools,AVAX - USDR,0.3,False,0.01328,3.009,,0.4,1777869021
All Pools,Gravity - Ouroboros,0.3,False,0.01324,30.53,,0.04,1777869021
All Pools,AVAX - EROL,0.3,False,0.01319,39.68,,0.03,1777869021
All Pools,PNG - REDWOLF,0.3,False,0.01316,4.331,,0.28,1777869021
All Pools,ChristMark - ChristIAmYou,0.3,False,0.01294,26.53,,0.04,1777869021
All Pools,Trinity - SwiftTaylor,0.3,False,0.01292,17.81,,0.07,1777869021
All Pools,AVAX - GrinchKidAfflict,0.3,False,0.01267,43.72,,0.03,1777869021
All Pools,XOMB - AVAX,0.3,False,0.01267,21.97,,0.05,1777869021
All Pools,ValentinMidwifes - Gravity,0.3,False,0.01267,39.13,,0.03,1777869021
All Pools,Gravity - GrinchKidAfflict,0.3,False,0.01266,9.156,,0.13,1777869021
All Pools,XOMB - USDT.e,0.3,False,0.01265,2.453,,0.47,1777869021
All Pools,GAINS - Degen,0.3,False,0.01254,2.033,,0.56,1777869021
All Pools,WOLF - AVAX,0.3,False,0.01251,72.11,,0.02,1777869021
All Pools,Degen - AVAX,0.3,False,0.0125,2018.29,,,1777869021
All Pools,WOLF - USDT.e,0.3,False,0.01249,4.122,,0.28,1777869021
All Pools,SOB - AVAX,0.3,False,0.01237,551.42,,0.0,1777869021
All Pools,TRYB - USDC.e,0.3,False,0.01221,31.52,,0.04,1777869021
All Pools,DrainTheSwamp - FollowTheWhiteRabbit,0.3,False,0.01203,11.05,,0.1,1777869021
All Pools,USDC.e - UST,0.3,False,0.012,1.75,,0.63,1777869021
All Pools,AVAX - iBONE,0.3,False,0.01197,5.53,,0.2,1777869021
All Pools,USDT.e - iBONE,0.3,False,0.01194,4.87,,0.22,1777869021
All Pools,3ULL - USDt,0.3,False,0.01169,2.544,,0.42,1777869021
All Pools,MEAT - MU,0.3,False,0.01168,0.50191,,2.12,1777869021
All Pools,MU - SOL,0.3,False,0.01161,1.336,,0.79,1777869021
All Pools,ARA - AVAX,0.3,False,0.01154,2.895,,0.36,1777869021
All Pools,COQ - ARENA,0.3,False,0.01134,1.249,,0.83,1777869021
All Pools,AVAX - OK,0.3,False,0.0113,1.989,,0.52,1777869021
All Pools,AVAX - QUASI,0.3,False,0.01123,592.78,,0.0,1777869021
All Pools,GAINS - QUASI,0.3,False,0.01118,1.407,,0.73,1777869021
All Pools,Wormhole - AVAX,0.3,False,0.01116,104.81,,0.01,1777869021
All Pools,Trinity - Wormhole,0.3,False,0.01115,6.222,,0.16,1777869021
All Pools,Orem - AVAX,0.3,False,0.01095,104.9,,0.01,1777869021
All Pools,Trinity - Orem,0.3,False,0.01094,6.227,,0.16,1777869021
All Pools,aDXN - AVAX,0.3,False,0.0109,3.708,,0.27,1777869021
All Pools,KOKSAL - AVAX,0.3,False,0.01088,3.581,,0.28,1777869021
All Pools,KOKSAL - USDC,0.3,False,0.01086,4.791,,0.21,1777869021
All Pools,TickTock - AVAX,0.3,False,0.01076,90.64,,0.01,1777869021
All Pools,TickTock - Now,0.3,False,0.01074,916.42,,0.0,1777869021
All Pools,USDC - OK,0.3,False,0.01056,1.198,,0.8,1777869021
All Pools,AVAX - DWC,0.3,False,0.01053,6118.77,,,1777869021
All Pools,Psychic - Turtle,0.3,False,0.01041,62.33,,0.02,1777869021
All Pools,AVAX - NORTH,0.3,False,0.01039,2.15,,0.44,1777869021
All Pools,USDT.e - NORTH,0.3,False,0.01037,26.94,,0.04,1777869021
All Pools,AVAX - COFI,0.3,False,0.01034,616.61,,0.0,1777869021
All Pools,COQ - COFI,0.3,False,0.01027,1.85,,0.51,1777869021
All Pools,SHERPA - AVAX,0.3,False,0.01005,132.33,,0.01,1777869021
All Pools,AVAX - DUA,0.3,False,0.01004,2.102,,0.44,1777869021
All Pools,DUA - USDC,0.3,False,0.01001,11.65,,0.08,1777869021
All Pools,BENIS - AVAX,0.3,False,0.00998,15.64,,0.06,1777869021
All Pools,AVAX - MUG,0.3,False,0.00989,1.226,,0.74,1777869021
All Pools,DivineFeminine - ValentinMidwifes,0.3,False,0.00987,41.25,,0.02,1777869021
All Pools,AVAX - LODE,0.3,False,0.00985,1.04,,0.86,1777869021
All Pools,ZH - JOE,0.3,False,0.00973,2.893,,0.31,1777869021
All Pools,Psychic - Numbers,0.3,False,0.00963,62.32,,0.01,1777869021
All Pools,AUSD - HUSKY,0.3,False,0.00963,0.76939,,1.14,1777869021
All Pools,Psychic - Luck,0.3,False,0.00952,62.33,,0.01,1777869021
All Pools,Psychic - Mirror,0.3,False,0.00949,62.29,,0.01,1777869021
All Pools,KIMBO - COQ,0.3,False,0.00937,1.71,,0.5,1777869021
All Pools,HIGHER - HOWDY,0.3,False,0.00935,1.52,,0.56,1777869021
All Pools,AVAX - WOHM,0.3,False,0.00917,3.44,,0.24,1777869021
All Pools,WOLF - AVAX,0.3,False,0.00915,43978.0,,,1777869021
All Pools,MIM - WOHM,0.3,False,0.00915,86.89,,0.01,1777869021
All Pools,KIMBO - AMI,0.3,False,0.009,4.373,,0.19,1777869021
All Pools,LUNA - USDC,0.3,False,0.00891,1.416,,0.57,1777869021
All Pools,HCT - AVAX,0.3,False,0.00889,3.428,,0.24,1777869021
All Pools,TokenZ - AVAX,0.3,False,0.00871,2.44,,0.33,1777869021
All Pools,TokenZ - USDC,0.3,False,0.00869,3.81,,0.21,1777869021
All Pools,XETA - AVAX,0.3,False,0.00865,0.24932,,3.17,1777869021
All Pools,BTC.b - IMPACT,0.3,False,0.00862,0.63941,,1.23,1777869021
All Pools,WOLF - MU,0.3,False,0.0086,5.227,,0.15,1777869021
All Pools,KIMBO - GAINS,0.3,False,0.00855,1.377,,0.57,1777869021
All Pools,SYN - USDC.e,0.3,False,0.00854,1.226,,0.64,1777869021
All Pools,ARENA - MU,0.3,False,0.00839,3.373,,0.23,1777869021
All Pools,AVAX - COSMIC,0.3,False,0.00836,1.266,,0.6,1777869021
All Pools,USDC - COSMIC,0.3,False,0.00835,54.54,,0.01,1777869021
All Pools,WETH.e - STATIK,0.3,False,0.00834,1.386,,0.55,1777869021
All Pools,Psychic - Bonfire,0.3,False,0.00831,62.32,,0.01,1777869021
All Pools,JOE - USDt,0.3,False,0.00828,0.85322,,0.89,1777869021
All Pools,AVAX - VYBE,0.3,False,0.00809,3.337,,0.22,1777869021
All Pools,MIM - VYBE,0.3,False,0.00808,3.775,,0.2,1777869021
All Pools,Psychic - WhoWhoWho,0.3,False,0.00805,62.29,,0.01,1777869021
All Pools,Psychic - Thick,0.3,False,0.00797,62.3,,0.01,1777869021
All Pools,SatoshiNakamoto - Psychic,0.3,False,0.00795,62.32,,0.01,1777869021
All Pools,Psychic - Strength,0.3,False,0.00794,75.33,,0.01,1777869021
All Pools,Psychic - Alphabet,0.3,False,0.00793,62.33,,0.01,1777869021
All Pools,Psychic - Oracle,0.3,False,0.00791,62.32,,0.01,1777869021
All Pools,XPOW - AVAX,0.3,False,0.00782,121.76,,0.01,1777869021
All Pools,XPOW - USDt,0.3,False,0.00781,1.41,,0.51,1777869021
All Pools,Psychic - Codes,0.3,False,0.00777,62.33,,0.01,1777869021
All Pools,Psychic - PennyTrinity,0.3,False,0.00776,62.34,,0.01,1777869021
All Pools,Psychic - Penny,0.3,False,0.00771,62.32,,0.01,1777869021
All Pools,RUGPULL - AVAX,0.3,False,0.00768,2.987,,0.23,1777869021
All Pools,AprilFoolsDay - AVAX,0.3,False,0.00768,104.74,,0.01,1777869021
All Pools,Trinity - AprilFoolsDay,0.3,False,0.00767,6.248,,0.11,1777869021
All Pools,AVAX - AXIAL,0.3,False,0.00764,1045.07,,,1777869021
All Pools,LUNA - USDt,0.3,False,0.00763,1.34,,0.52,1777869021
All Pools,COQ - ZUM,0.3,False,0.00753,1.117,,0.62,1777869021
All Pools,Psychic - Verse,0.3,False,0.00752,62.29,,0.01,1777869021
All Pools,Eye - Psychic,0.3,False,0.00751,62.32,,0.01,1777869021
All Pools,Psychic - Gematria,0.3,False,0.00744,62.33,,0.01,1777869021
All Pools,KOVIN - AVAX,0.3,False,0.00735,3237.03,,,1777869021
All Pools,NOCHILL - MU,0.3,False,0.00729,2.235,,0.3,1777869021
All Pools,Psychic - Crypt,0.3,False,0.00724,62.28,,0.01,1777869021
All Pools,Psychic - OneOneOne,0.3,False,0.00718,62.32,,0.01,1777869021
All Pools,Psychic - Architect,0.3,False,0.00716,62.32,,0.01,1777869021
All Pools,Psychic - daVinci,0.3,False,0.00714,62.32,,0.01,1777869021
All Pools,Psychic - Gematria,0.3,False,0.00713,62.33,,0.01,1777869021
All Pools,Psychic - RefZip,0.3,False,0.00712,62.32,,0.01,1777869021
All Pools,Psychic - Finish,0.3,False,0.00711,62.28,,0.01,1777869021
All Pools,Psychic - Qubit,0.3,False,0.0071,62.28,,0.01,1777869021
All Pools,Psychic - Blessings,0.3,False,0.00708,62.29,,0.01,1777869021
All Pools,Psychic - Solved,0.3,False,0.00708,62.32,,0.01,1777869021
All Pools,Psychic - IAmThatIAm,0.3,False,0.00706,62.33,,0.01,1777869021
All Pools,Psychic - Confusion,0.3,False,0.00705,62.32,,0.01,1777869021
All Pools,AVAX - GematrixDotOrg,0.3,False,0.00705,16.81,,0.04,1777869021
All Pools,Gravity - GematrixDotOrg,0.3,False,0.00703,13.03,,0.05,1777869021
All Pools,Psychic - TwinFlames,0.3,False,0.00703,63.03,,0.01,1777869021
All Pools,NotBrideOfChrist - AVAX,0.3,False,0.00702,69.89,,0.01,1777869021
All Pools,SaintGermain - BLACK,0.3,False,0.00701,2.53,,0.25,1777869021
All Pools,NotBrideOfChrist - SwiftTaylor,0.3,False,0.00701,52.12,,0.01,1777869021
All Pools,Psychic - TrumpCard,0.3,False,0.00699,62.34,,0.01,1777869021
All Pools,Choice - Psychic,0.3,False,0.00698,62.29,,0.01,1777869021
All Pools,Psychic - YouAndI,0.3,False,0.00694,62.32,,0.01,1777869021
All Pools,AVAX - TUSK,0.3,False,0.00691,2.533,,0.25,1777869021
All Pools,Loyalty - Psychic,0.3,False,0.00686,62.28,,0.01,1777869021
All Pools,STOMB - AVAX,0.3,False,0.00683,7991.26,,,1777869021
All Pools,Psychic - BiTonic,0.3,False,0.00681,62.33,,0.01,1777869021
All Pools,Psychic - TheArcher,0.3,False,0.00681,62.32,,0.01,1777869021
All Pools,JOE - CRA,0.3,False,0.0068,11.23,,0.06,1777869021
All Pools,MU - MUG,0.3,False,0.00679,2449.68,,,1777869021
All Pools,Psychic - Artemis,0.3,False,0.00678,62.27,,0.01,1777869021
All Pools,AVAX - EDG,0.3,False,0.00672,3.184,,0.19,1777869021
All Pools,MIM - EDG,0.3,False,0.0067,7.915,,0.08,1777869021
All Pools,Psychic - Six,0.3,False,0.00657,62.32,,0.01,1777869021
All Pools,Psychic - Nine,0.3,False,0.00654,62.3,,0.01,1777869021
All Pools,Psychic - ElmoSunkGematria,0.3,False,0.00652,62.33,,0.01,1777869021
All Pools,Spider - Psychic,0.3,False,0.0065,62.28,,0.01,1777869021
All Pools,USDC.e - TUSK,0.3,False,0.00649,9.817,,0.06,1777869021
All Pools,Psychic - Zero,0.3,False,0.00648,62.3,,0.01,1777869021
All Pools,aDXN - aXEN,0.3,False,0.0064,0.62403,,0.94,1777869021
All Pools,Psychic - Lock,0.3,False,0.00631,62.3,,0.01,1777869021
All Pools,USDC.e - BAVA,0.3,False,0.0063,2.982,,0.19,1777869021
All Pools,ABC - AMI,0.3,False,0.00629,4.022,,0.14,1777869021
All Pools,Psychic - KekiusMaximus,0.3,False,0.0062,62.33,,0.01,1777869021
All Pools,Psychic - Time,0.3,False,0.00619,62.32,,0.01,1777869021
All Pools,Psychic - SevenSevenSeven,0.3,False,0.00617,62.33,,0.01,1777869021
All Pools,Psychic - BirthingCode,0.3,False,0.0061,62.33,,0.01,1777869021
All Pools,Flection - Psychic,0.3,False,0.00607,62.33,,0.01,1777869021
All Pools,TRACTOR - AVAX,0.3,False,0.00603,15191.0,,,1777869021
All Pools,Psychic - LordJesusChrist,0.3,False,0.00602,59.7,,0.01,1777869021
All Pools,TRACTOR - USDT.e,0.3,False,0.00601,1.997,,0.27,1777869021
All Pools,Psychic - Diamonds,0.3,False,0.006,62.32,,0.01,1777869021
All Pools,SYN - REDWOLF,0.3,False,0.00594,2.641,,0.21,1777869021
All Pools,Psychic - Happy,0.3,False,0.0059,62.33,,0.01,1777869021
All Pools,AAVE.e - USDC.e,0.3,False,0.0059,1.272,,0.42,1777869021
All Pools,gOHM - JOE,0.3,False,0.0059,4.049,,0.13,1777869021
All Pools,DCAR - AVAX,0.3,False,0.00582,1.113,,0.48,1777869021
All Pools,GURS - HOWDY,0.3,False,0.00581,1.85,,0.29,1777869021
All Pools,DCAR - USDC,0.3,False,0.00581,56.21,,0.01,1777869021
All Pools,AVAX - Gaza,0.3,False,0.0058,3.218,,0.16,1777869021
All Pools,TEDDY - AVAX,0.3,False,0.00579,17.18,,0.03,1777869021
All Pools,Psychic - [In]finity,0.3,False,0.00579,62.3,,0.01,1777869021
All Pools,Trinity - Gaza,0.3,False,0.00579,3.791,,0.14,1777869021
All Pools,GMX - USDt,0.3,False,0.00576,0.37632,,1.4,1777869021
All Pools,KOVIN - MU,0.3,False,0.00574,3.098,,0.17,1777869021
All Pools,BNZ - AVAX,0.3,False,0.0057,62.55,,0.01,1777869021
All Pools,WETH.e - JOE,0.3,False,0.00567,0.03853,,13.42,1777869021
All Pools,Psychic - Alice,0.3,False,0.00566,62.29,,0.01,1777869021
All Pools,AVAX - PAR,0.3,False,0.00566,2.413,,0.21,1777869021
All Pools,Psychic - WhoWho,0.3,False,0.00566,62.32,,0.01,1777869021
All Pools,MIM - PAR,0.3,False,0.00565,1.921,,0.27,1777869021
All Pools,Psychic - Sequence,0.3,False,0.00564,62.33,,0.01,1777869021
All Pools,AVAI - USDC.e,0.3,False,0.00561,33.73,,0.02,1777869021
All Pools,BEAM - MU,0.3,False,0.0056,1.092,,0.47,1777869021
All Pools,KIMBO - KOVIN,0.3,False,0.00559,5.376,,0.09,1777869021
All Pools,USDC.e - SMRT,0.3,False,0.00554,2.228,,0.23,1777869021
All Pools,DWC - MU,0.3,False,0.00554,3.507,,0.14,1777869021
All Pools,AI9000 - AVAX,0.3,False,0.00554,309.62,,0.0,1777869021
All Pools,aAvaLINK - AVAX,0.3,False,0.00552,9.691,,0.05,1777869021
All Pools,CATWIF - MU,0.3,False,0.00552,3.661,,0.14,1777869021
All Pools,Psychic - Partment,0.3,False,0.00548,62.3,,0.01,1777869021
All Pools,AVAX - WISE,0.3,False,0.00544,2.834,,0.18,1777869021
All Pools,USDC.e - WISE,0.3,False,0.00543,7.142,,0.07,1777869021
All Pools,GAINS - KONG,0.3,False,0.00542,0.76169,,0.65,1777869021
All Pools,AVAX - AMONKS,0.3,False,0.0054,1601.31,,,1777869021
All Pools,REDWOLF - AMONKS,0.3,False,0.00539,7.251,,0.07,1777869021
All Pools,GURS - NOCHILL,0.3,False,0.00535,1.99,,0.25,1777869021
All Pools,Hollywood - Ouroboros,0.3,False,0.00531,13.04,,0.04,1777869021
All Pools,MIM - UNIV,0.3,False,0.0053,20.23,,0.02,1777869021
All Pools,UNIV - AVAX,0.3,False,0.0053,10.27,,0.05,1777869021
All Pools,Psychic - Line,0.3,False,0.00524,63.1,,0.01,1777869021
All Pools,Psychic - Who,0.3,False,0.00522,62.33,,0.01,1777869021
All Pools,MEOW - MU,0.3,False,0.00521,1.591,,0.3,1777869021
All Pools,FiveTwelveThirteen - AVAX,0.3,False,0.00521,5.244,,0.09,1777869021
All Pools,ElkeNevusRome - AVAX,0.3,False,0.00521,13.15,,0.04,1777869021
All Pools,ZUM - NOCHILL,0.3,False,0.0052,1.271,,0.37,1777869021
All Pools,ElkeNevusRome - Gravity,0.3,False,0.00519,4.966,,0.1,1777869021
All Pools,FiveTwelveThirteen - Gravity,0.3,False,0.00519,6.894,,0.07,1777869021
All Pools,WETH.e - BTCBR,0.3,False,0.00512,0.06133,,7.62,1777869021
All Pools,AVAX - HOST,0.3,False,0.00512,1.976,,0.24,1777869021
All Pools,Psychic - Ups,0.3,False,0.00509,62.33,,0.01,1777869021
All Pools,CRA - AVAX,0.3,False,0.00505,10268.0,,,1777869021
All Pools,GAINS - DWC,0.3,False,0.005,0.98417,,0.46,1777869021
All Pools,WETH - AVAX,0.3,False,0.00499,1.369,,0.33,1777869021
All Pools,HOST - DAI.e,0.3,False,0.00489,3.02,,0.15,1777869021
All Pools,GAINS - TECH,0.3,False,0.00481,0.62352,,0.7,1777869021
All Pools,MIM - ICE,0.3,False,0.0048,0.99869,,0.44,1777869021
All Pools,TrueLove - AVAX,0.3,False,0.0048,13.01,,0.03,1777869021
All Pools,TrueLove - Gravity,0.3,False,0.00479,4.911,,0.09,1777869021
All Pools,WBTC.e - USDC,0.3,False,0.00476,0.21101,,2.06,1777869021
All Pools,EGG - AVAX,0.3,False,0.00474,1.717,,0.25,1777869021
All Pools,EGG - USDT.e,0.3,False,0.00474,1.989,,0.22,1777869021
All Pools,GAINS - BAWLS,0.3,False,0.00469,0.92109,,0.46,1777869021
All Pools,BAWLS - AVAX,0.3,False,0.00467,16.52,,0.03,1777869021
All Pools,RGOGLZ - AVAX,0.3,False,0.00464,4.175,,0.1,1777869021
All Pools,SNTA - MIM,0.3,False,0.00462,1.0,,0.42,1777869021
All Pools,USDC - MU,0.3,False,0.0046,0.34491,,1.22,1777869021
All Pools,HIGHER - NOCHILL,0.3,False,0.00457,0.35429,,1.18,1777869021
All Pools,WITCH - AVAX,0.3,False,0.00456,2.817,,0.15,1777869021
All Pools,WITCH - USDC,0.3,False,0.00455,1.735,,0.24,1777869021
All Pools,USV - AVAX,0.3,False,0.00449,1.171,,0.35,1777869021
All Pools,AKA - AVAX,0.3,False,0.00445,2.307,,0.18,1777869021
All Pools,AKA - USDt,0.3,False,0.00444,2.949,,0.14,1777869021
All Pools,KR - AVAX,0.3,False,0.00442,1.716,,0.23,1777869021
All Pools,FLOT - AVAX,0.3,False,0.00441,4327.59,,,1777869021
All Pools,KR - USDC.e,0.3,False,0.0044,11.48,,0.04,1777869021
All Pools,FLOT - COQ,0.3,False,0.00438,0.7866,,0.51,1777869021
All Pools,TT - DAI.e,0.3,False,0.0043,1.931,,0.2,1777869021
All Pools,USDt - USDC.e,0.3,False,0.00422,14.22,,0.03,1777869021
All Pools,GAINS - KOVIN,0.3,False,0.0042,0.65102,,0.59,1777869021
All Pools,Psychic - Number,0.3,False,0.00419,62.34,,0.01,1777869021
All Pools,Psychic - Vampire,0.3,False,0.00418,62.33,,0.01,1777869021
All Pools,Psychic - Aquarius,0.3,False,0.00417,62.29,,0.01,1777869021
All Pools,SYN - USDT.e,0.3,False,0.00399,0.65526,,0.56,1777869021
All Pools,Psychic - TrueStory,0.3,False,0.00397,62.33,,0.01,1777869021
All Pools,Lightworker - AVAX,0.3,False,0.00395,2.763,,0.13,1777869021
All Pools,Gravity - Lightworker,0.3,False,0.00394,53.49,,0.01,1777869021
All Pools,Evergreen - AVAX,0.3,False,0.00393,25.54,,0.01,1777869021
All Pools,Evergreen - Gravity,0.3,False,0.00392,4.778,,0.07,1777869021
All Pools,Psychic - Seminole,0.3,False,0.00389,62.28,,0.01,1777869021
All Pools,Psychic - PoPo,0.3,False,0.00386,62.33,,0.01,1777869021
All Pools,Anon - USDC,0.3,False,0.00385,1.03,,0.34,1777869021
All Pools,Psychic - James,0.3,False,0.00382,62.34,,0.01,1777869021
All Pools,GURS - AMI,0.3,False,0.00382,2.008,,0.17,1777869021
All Pools,Psychic - FinityFinity,0.3,False,0.0038,62.34,,0.01,1777869021
All Pools,EHCNALAVA - AVAX,0.3,False,0.00379,1522.25,,,1777869021
All Pools,KIMBO - EHCNALAVA,0.3,False,0.00379,2.866,,0.12,1777869021
All Pools,BTCBR - USDC,0.3,False,0.00376,0.20259,,1.69,1777869021
All Pools,WINK - AMI,0.3,False,0.00375,0.12063,,2.83,1777869021
All Pools,SYN - WETH.e,0.3,False,0.00373,0.68685,,0.5,1777869021
All Pools,Psychic - QuetzalCoatl,0.3,False,0.00373,62.33,,0.01,1777869021
All Pools,PNG - USDT.e,0.3,False,0.00372,0.89583,,0.38,1777869021
All Pools,Trinity - IfYouKnowYouKnow,0.3,False,0.00371,5.078,,0.07,1777869021
All Pools,YEEHAW - AMI,0.3,False,0.00367,9.705,,0.03,1777869021
All Pools,xJOE - AVAX,0.3,False,0.00365,2.818,,0.12,1777869021
All Pools,MIM - SMRT,0.3,False,0.00364,1.677,,0.2,1777869021
All Pools,GMX - JOE,0.3,False,0.00363,0.43145,,0.77,1777869021
All Pools,YETI - WINE,0.3,False,0.00362,1.46,,0.23,1777869021
All Pools,GATOR - AMI,0.3,False,0.00358,4.584,,0.07,1777869021
All Pools,SMRTr - USDT.e,0.3,False,0.00358,1.323,,0.25,1777869021
All Pools,JPYC - AVAX,0.3,False,0.00356,0.27806,,1.17,1777869021
All Pools,Psychic - Checkmate,0.3,False,0.00351,62.47,,0.01,1777869021
All Pools,GG - AVAX,0.3,False,0.00347,0.16143,,1.96,1777869021
All Pools,Psychic - Equal,0.3,False,0.00347,62.33,,0.01,1777869021
All Pools,Psychic - Abracadabra,0.3,False,0.00345,62.3,,0.01,1777869021
All Pools,COQ - EGG,0.3,False,0.00344,0.58818,,0.53,1777869021
All Pools,3ULL - USDC,0.3,False,0.00341,0.65843,,0.47,1777869021
All Pools,Psychic - PlotTwist,0.3,False,0.00341,63.72,,0.0,1777869021
All Pools,AVXT - POLAR,0.3,False,0.00341,0.44818,,0.69,1777869021
All Pools,APOW - MU,0.3,False,0.00335,3.555,,0.09,1777869021
All Pools,Psychic - KatzJoel,0.3,False,0.00325,62.3,,0.0,1777869021
All Pools,sAVAX - USDC,0.3,False,0.00323,0.53796,,0.55,1777869021
All Pools,SB - DAI.e,0.3,False,0.00322,0.13002,,2.26,1777869021
All Pools,Psychic - Hexagon,0.3,False,0.00318,62.33,,0.0,1777869021
All Pools,AMI - MU,0.3,False,0.00313,1.73,,0.17,1777869021
All Pools,AI9000 - MU,0.3,False,0.00312,1.296,,0.22,1777869021
All Pools,NXPC - USDC,0.3,False,0.00309,0.7208,,0.39,1777869021
All Pools,NOCHILL - ARENA,0.3,False,0.00309,0.45362,,0.62,1777869021
All Pools,CRAFT - USDC.e,0.3,False,0.00309,0.87822,,0.32,1777869021
All Pools,JOE - REDWOLF,0.3,False,0.00303,4.045,,0.07,1777869021
All Pools,AVAX - ICE,0.3,False,0.00301,152.34,,0.0,1777869021
All Pools,ETHM - AVAX,0.3,False,0.00301,27.84,,0.01,1777869021
All Pools,EagleToken - AVAX,0.3,False,0.00293,2.138,,0.12,1777869021
All Pools,EagleToken - USDC.e,0.3,False,0.00292,2.22,,0.12,1777869021
All Pools,BUSD - USDT.e,0.3,False,0.00289,0.07916,,3.33,1777869021
All Pools,ETHM - DAI.e,0.3,False,0.00287,0.68118,,0.38,1777869021
All Pools,GRAPE - AVAX,0.3,False,0.00283,0.89536,,0.29,1777869021
All Pools,ValentinMidwifes - AVAX,0.3,False,0.00282,2.403,,0.11,1777869021
All Pools,USDC - TT,0.3,False,0.00276,2.019,,0.12,1777869021
All Pools,MIM - sTHO,0.3,False,0.00274,498.11,,,1777869021
All Pools,COQ - SHEN,0.3,False,0.00271,0.49017,,0.5,1777869021
All Pools,MU - KET,0.3,False,0.00269,1.349,,0.18,1777869021
All Pools,JOE - aXEN,0.3,False,0.00266,0.24452,,0.99,1777869021
All Pools,SHEN - AVAX,0.3,False,0.00263,57.15,,0.0,1777869021
All Pools,ARENA - AMI,0.3,False,0.00256,1.421,,0.16,1777869021
All Pools,ACS - USDt,0.3,False,0.00254,0.97521,,0.24,1777869021
All Pools,DREGG - USDC.e,0.3,False,0.00253,3.096,,0.07,1777869021
All Pools,YAK - USDT.e,0.3,False,0.00247,0.5646,,0.4,1777869021
All Pools,ARENA - JUICY,0.3,False,0.00245,0.03395,,6.59,1777869021
All Pools,BTC.b - MUG,0.3,False,0.00241,0.90222,,0.24,1777869021
All Pools,AI9000 - USDt,0.3,False,0.0024,0.91015,,0.24,1777869021
All Pools,AVAX - RUG,0.3,False,0.00239,0.5448,,0.4,1777869021
All Pools,EUROS - AVAX,0.3,False,0.00236,1.201,,0.18,1777869021
All Pools,AVAX - NXUSD,0.3,False,0.00232,0.4975,,0.42,1777869021
All Pools,MAXI - AVAX,0.3,False,0.00227,0.80608,,0.26,1777869021
All Pools,Psychic - Self,0.3,False,0.00222,64.37,,0.0,1777869021
All Pools,YEEHAW - HIGHER,0.3,False,0.00219,0.46079,,0.43,1777869021
All Pools,STG - JOE,0.3,False,0.00218,0.17205,,1.16,1777869021
All Pools,TT - USDT.e,0.3,False,0.00202,2.019,,0.09,1777869021
All Pools,USDt - TT,0.3,False,0.00201,2.023,,0.09,1777869021
All Pools,USDC.e - CHAM,0.3,False,0.00195,0.83422,,0.21,1777869021
All Pools,GATOR - ARENA,0.3,False,0.00195,2.01,,0.09,1777869021
All Pools,CATWIF - MAJIN,0.3,False,0.00195,0.90197,,0.2,1777869021
All Pools,BEE - AVAX,0.3,False,0.00192,0.81355,,0.22,1777869021
All Pools,BEE - USDT.e,0.3,False,0.00192,32.39,,0.01,1777869021
All Pools,LUNA - USDC,0.3,False,0.0019,0.13065,,1.33,1777869021
All Pools,HOWDY - KONG,0.3,False,0.00188,0.42569,,0.4,1777869021
All Pools,LIRA - BUSD,0.3,False,0.00184,0.08346,,2.01,1777869021
All Pools,GGP - JUICY,0.3,False,0.0018,0.0342,,4.8,1777869021
All Pools,USDC.e - XAVA,0.3,False,0.0018,0.36301,,0.45,1777869021
All Pools,toi - AVAX,0.3,False,0.00178,0.94864,,0.17,1777869021
All Pools,MIM - toi,0.3,False,0.00178,3.44,,0.05,1777869021
All Pools,AVAX - WINE,0.3,False,0.00177,0.67631,,0.24,1777869021
All Pools,AVAX - DREX,0.3,False,0.00177,0.60398,,0.27,1777869021
All Pools,MIM - WINE,0.3,False,0.00177,3105.37,,,1777869021
All Pools,MIM - DREX,0.3,False,0.00176,37.57,,0.0,1777869021
All Pools,GAINS - Always,0.3,False,0.00174,0.10618,,1.5,1777869021
All Pools,ELXR - USDC.e,0.3,False,0.00173,1092.79,,,1777869021
All Pools,AVXT - AVAX,0.3,False,0.0017,53.04,,0.0,1777869021
All Pools,MM - USDC.e,0.3,False,0.00168,0.60932,,0.25,1777869021
All Pools,HERESY - MEOW,0.3,False,0.00167,0.27914,,0.55,1777869021
All Pools,JOE - USDR,0.3,False,0.00167,0.74033,,0.21,1777869021
All Pools,LIFE - AVAX,0.3,False,0.00162,1.354,,0.11,1777869021
All Pools,MIM - LIFE,0.3,False,0.00162,0.94295,,0.16,1777869021
All Pools,AMI - EROL,0.3,False,0.0016,0.6825,,0.21,1777869021
All Pools,Balln - AMI,0.3,False,0.0016,0.61279,,0.24,1777869021
All Pools,WBTC.e - MU,0.3,False,0.00157,0.73173,,0.2,1777869021
All Pools,AVAX - sSB,0.3,False,0.00156,0.50901,,0.28,1777869021
All Pools,AVAX - MTB,0.3,False,0.00156,0.96914,,0.15,1777869021
All Pools,USDC.e - sSB,0.3,False,0.00155,838.47,,,1777869021
All Pools,MIM - MTB,0.3,False,0.00155,2.214,,0.06,1777869021
All Pools,AVAX - CAKE,0.3,False,0.00154,0.72837,,0.19,1777869021
All Pools,USDT.e - CAKE,0.3,False,0.00154,48.64,,0.0,1777869021
All Pools,Always - KONG,0.3,False,0.00151,0.04356,,3.17,1777869021
All Pools,AVAX - WARP,0.3,False,0.0015,1.492,,0.09,1777869021
All Pools,AVAX - SAGE,0.3,False,0.0015,0.90055,,0.15,1777869021
All Pools,USDC.e - NXUSD,0.3,False,0.00149,1.662,,0.08,1777869021
All Pools,USDC.e - WARP,0.3,False,0.00149,0.865,,0.16,1777869021
All Pools,USDC.e - SAGE,0.3,False,0.00149,2.185,,0.06,1777869021
All Pools,MUMO - AVAX,0.3,False,0.00148,0.18173,,0.74,1777869021
All Pools,MUMO - MU,0.3,False,0.00146,0.61566,,0.22,1777869021
All Pools,QI - USDC,0.3,False,0.00146,0.08933,,1.49,1777869021
All Pools,JEWEL - AVAX,0.3,False,0.00143,0.22706,,0.58,1777869021
All Pools,DB - AVAX,0.3,False,0.0014,2.229,,0.06,1777869021
All Pools,MIM - YAK,0.3,False,0.0014,0.43706,,0.29,1777869021
All Pools,MIM - DB,0.3,False,0.0014,0.67056,,0.19,1777869021
All Pools,WETH.e - ETHM,0.3,False,0.00138,0.51118,,0.25,1777869021
All Pools,CANS - AMI,0.3,False,0.00135,0.23145,,0.53,1777869021
All Pools,SLUSH - AVAX,0.3,False,0.00134,0.70803,,0.17,1777869021
All Pools,SLUSH - USDT.e,0.3,False,0.00133,1.326,,0.09,1777869021
All Pools,HUSKY - SNOWY,0.3,False,0.00131,0.44098,,0.27,1777869021
All Pools,QI - SNOWY,0.3,False,0.0013,0.80898,,0.15,1777869021
All Pools,LYD - AVAX,0.3,False,0.00129,0.83201,,0.14,1777869021
All Pools,KANA - AVAX,0.3,False,0.00127,1146.65,,,1777869021
All Pools,Naughty - HIGHER,0.3,False,0.00127,0.45225,,0.26,1777869021
All Pools,KANA - USDC,0.3,False,0.00127,0.51195,,0.23,1777869021
All Pools,Trinity - IngersollLockwood,0.3,False,0.00127,1.136,,0.1,1777869021
All Pools,ALPHAZERO - USDT.e,0.3,False,0.00127,2.164,,0.05,1777869021
All Pools,Naughty - AVAX,0.3,False,0.00126,240.45,,,1777869021
All Pools,CRA - USDC.e,0.3,False,0.00123,0.56762,,0.2,1777869021
All Pools,MUME - USDC,0.3,False,0.00123,0.08483,,1.32,1777869021
All Pools,tst1 - AVAX,0.3,False,0.00117,0.58485,,0.18,1777869021
All Pools,PTOP1200 - TOPIA,0.3,False,0.00117,104.69,,0.0,1777869021
All Pools,tst1 - USDT.e,0.3,False,0.00117,2.701,,0.04,1777869021
All Pools,weETH - AVAX,0.3,False,0.00117,0.39115,,0.27,1777869021
All Pools,SUB - AVAX,0.3,False,0.00113,0.5128,,0.2,1777869021
All Pools,SUB - USDC,0.3,False,0.00113,69.79,,0.0,1777869021
All Pools,ZUM - MEOW,0.3,False,0.00111,0.18298,,0.55,1777869021
All Pools,AUX - AVAX,0.3,False,0.00109,0.39708,,0.25,1777869021
All Pools,AUX - USDC,0.3,False,0.00109,688.53,,,1777869021
All Pools,AVAX - SYMBIOT,0.3,False,0.00107,0.32629,,0.3,1777869021
All Pools,Balln - HOWDY,0.3,False,0.00106,0.3038,,0.32,1777869021
All Pools,JOE - aDXN,0.3,False,0.00106,0.8489,,0.11,1777869021
All Pools,JOE - CNR,0.3,False,0.00106,1.08,,0.09,1777869021
All Pools,NUG - AVAX,0.3,False,0.00105,0.38595,,0.25,1777869021
All Pools,SLOT - AVAX,0.3,False,0.00105,3978.65,,,1777869021
All Pools,NUG - USDC,0.3,False,0.00105,2.375,,0.04,1777869021
All Pools,SLOT - USDC.e,0.3,False,0.00105,0.4852,,0.2,1777869021
All Pools,LIRA - USDt,0.3,False,0.00103,0.07422,,1.27,1777869021
All Pools,DAI.e - SYMBIOT,0.3,False,0.00102,1.414,,0.07,1777869021
All Pools,TEDDY - USDC,0.3,False,0.00102,0.43319,,0.22,1777869021
All Pools,gOHM - USDT.e,0.3,False,0.00101,0.61683,,0.15,1777869021
All Pools,xJOE - wsOHM,0.3,False,0.00101,0.54756,,0.17,1777869021
All Pools,RAIN - AVAX,0.3,False,0.00101,20.41,,0.0,1777869021
All Pools,WET - AVAX,0.3,False,0.001,17.06,,0.01,1777869021
All Pools,COQ - RAIN,0.3,False,0.001,0.187,,0.49,1777869021
All Pools,WET - USDT.e,0.3,False,,0.44291,,0.21,1777869021
All Pools,PB - AVAX,0.3,False,,0.4946,,0.18,1777869021
All Pools,PB - MIM,0.3,False,,39.81,,0.0,1777869021
All Pools,AVAX - FTEST,0.3,False,,0.40242,,0.23,1777869021
All Pools,USDT.e - FTEST,0.3,False,,1.316,,0.07,1777869021
All Pools,GURS - UNIQOC,0.3,False,,0.40822,,0.22,1777869021
All Pools,AVAX - KEESH,0.3,False,,1304.78,,,1777869021
All Pools,SYMBIOT - AVAX,0.3,False,,1.459,,0.06,1777869021
All Pools,AVAX - AKITA,0.3,False,,2544.67,,,1777869021
All Pools,COQ - KEESH,0.3,False,,0.1213,,0.73,1777869021
All Pools,MIM - AKITA,0.3,False,,0.2548,,0.35,1777869021
All Pools,WETH.e - SPELL,0.3,False,,0.29768,,0.29,1777869021
All Pools,SYMBIOT - DAI.e,0.3,False,,0.45857,,0.18,1777869021
All Pools,OH - USDC.e,0.3,False,,0.39178,,0.21,1777869021
All Pools,3ULL - USDT.e,0.3,False,,0.65856,,0.12,1777869021
All Pools,ROCO - USDT.e,0.3,False,,0.08487,,0.96,1777869021
All Pools,ARABBIT - AVAX,0.3,False,,0.57157,,0.14,1777869021
All Pools,MIM - ARABBIT,0.3,False,,1.295,,0.06,1777869021
All Pools,JOE - AVE,0.3,False,,1.828,,0.04,1777869021
All Pools,SolarDAO - AVAX,0.3,False,,0.40209,,0.2,1777869021
All Pools,LAMA - AVAX,0.3,False,,11872.0,,,1777869021
All Pools,SolarDAO - USDT.e,0.3,False,,2.071,,0.04,1777869021
All Pools,SMOKA - AVAX,0.3,False,,0.55252,,0.14,1777869021
All Pools,MIM - SMOKA,0.3,False,,1.139,,0.07,1777869021
All Pools,USDC - DAI.e,0.3,False,,2.017,,0.04,1777869021
All Pools,LAMA - JUICY,0.3,False,,0.01587,,4.87,1777869021
All Pools,AVAX - PLEB,0.3,False,,0.27359,,0.28,1777869021
All Pools,MIM - PLEB,0.3,False,,53.98,,0.0,1777869021
All Pools,COQ - BMC,0.3,False,,0.09513,,0.79,1777869021
All Pools,USDC - NXUSD,0.3,False,,3.523,,0.02,1777869021
All Pools,aAvaWAVAX - AVAX,0.3,False,,0.26359,,0.28,1777869021
All Pools,gOHM - USDC.e,0.3,False,,0.31436,,0.23,1777869021
All Pools,YUSD - USDC,0.3,False,,23.05,,0.0,1777869021
All Pools,BLZZ - AVAX,0.3,False,,8016.47,,,1777869021
All Pools,AVAX - NUTS,0.3,False,,231.39,,,1777869021
All Pools,USDC - NUTS,0.3,False,,0.23179,,0.31,1777869021
All Pools,GAINS - MEOW,0.3,False,,0.21607,,0.33,1777869021
All Pools,BUSD - MU,0.3,False,,0.02632,,2.66,1777869021
All Pools,MIM - WBTC.e,0.3,False,,0.05669,,1.21,1777869021
All Pools,MUME - BUSD,0.3,False,,0.02878,,2.38,1777869021
All Pools,USDC.e - WET,0.3,False,,0.44446,,0.15,1777869021
All Pools,MU - GEC,0.3,False,,0.09135,,0.72,1777869021
All Pools,AVAX - HOST,0.3,False,,0.1452,,0.45,1777869021
All Pools,AVAX - RBEES,0.3,False,,0.70184,,0.09,1777869021
All Pools,USDC.e - RBEES,0.3,False,,0.49599,,0.13,1777869021
All Pools,DAI.e - HOST,0.3,False,,16.09,,0.0,1777869021
All Pools,CLAVIS - AVAX,0.3,False,,0.13477,,0.46,1777869021
All Pools,MIM - CLAVIS,0.3,False,,120.19,,,1777869021
All Pools,DMD - AVAX,0.3,False,,26.62,,0.0,1777869021
All Pools,LINK.e - MUG,0.3,False,,0.25093,,0.24,1777869021
All Pools,FAR - AVAX,0.3,False,,0.45959,,0.13,1777869021
All Pools,FAR - USDC.e,0.3,False,,0.14999,,0.39,1777869021
All Pools,RENT - JOE,0.3,False,,3.646,,0.02,1777869021
All Pools,RENT - USDT.e,0.3,False,,0.18694,,0.31,1777869021
All Pools,MIM - ICY,0.3,False,,17.18,,0.0,1777869021
All Pools,DMD - DAI.e,0.3,False,,0.12971,,0.45,1777869021
All Pools,AVAX - STICK,0.3,False,,2202.26,,,1777869021
All Pools,ENGLISH - AVAX,0.3,False,,0.23793,,0.24,1777869021
All Pools,STICK - MU,0.3,False,,0.14775,,0.39,1777869021
All Pools,WETH.e - MUi,0.3,False,,0.03066,,1.81,1777869021
All Pools,AVAX - BANKSY V2,0.3,False,,0.3374,,0.16,1777869021
All Pools,USDT.e - BANKSY V2,0.3,False,,0.92062,,0.06,1777869021
All Pools,SNOW - AVAX,0.3,False,,0.19742,,0.26,1777869021
All Pools,WETH.e - MUMO,0.3,False,,0.23019,,0.23,1777869021
All Pools,MIM - SNOW,0.3,False,,0.64545,,0.08,1777869021
All Pools,LEXIP - AVAX,0.3,False,,0.42934,,0.12,1777869021
All Pools,MUMO - USDC.e,0.3,False,,0.13196,,0.39,1777869021
All Pools,MIM - LEXIP,0.3,False,,0.23815,,0.22,1777869021
All Pools,COQ - BOBS,0.3,False,,0.12091,,0.42,1777869021
All Pools,SN - AVAX,0.3,False,,0.12455,,0.4,1777869021
All Pools,MIM - SN,0.3,False,,100.64,,,1777869021
All Pools,WETH - MU,0.3,False,,0.09503,,0.52,1777869021
All Pools,AVAX - BANKSY,0.3,False,,0.23092,,0.21,1777869021
All Pools,BANKSY - AVAX,0.3,False,,0.19322,,0.25,1777869021
All Pools,USDC.e - BANKSY,0.3,False,,0.69154,,0.07,1777869021
All Pools,BANKSY - USDT.e,0.3,False,,0.68095,,0.07,1777869021
All Pools,WOLF - USDt,0.3,False,,0.11045,,0.44,1777869021
All Pools,meGNX - aAvaAAVE,0.3,False,,0.0346,,1.34,1777869021
All Pools,AAVE.e - BTCBR,0.3,False,,0.20788,,0.22,1777869021
All Pools,MUME - USDC.e,0.3,False,,0.55631,,0.08,1777869021
All Pools,KIMBO - MU,0.3,False,,0.10112,,0.45,1777869021
All Pools,BNB - MU,0.3,False,,0.08868,,0.51,1777869021
All Pools,DAI.e - PEFI,0.3,False,,0.13367,,0.33,1777869021
All Pools,ONION - CORN,0.3,False,,34.28,,,1777869021
All Pools,AUSD - USDC,0.01,False,10184831.0,4185752.0,1018.54,8.88,1777872621
All Pools,AUSD - USDt,0.01,False,10078426.0,3417721.0,1007.9,10.76,1777872621
All Pools,AVAX - USDC,0.05,False,5307501.0,3963859.0,2781.24,25.61,1777872621
All Pools,BTC.b - USDC,0.05,False,337065.0,815420.0,175.14,7.84,1777872621
All Pools,USDC.e - O3,0.3,False,229593.0,343158042.0,573.98,0.06,1777872621
All Pools,USDt - USDC,0.005,False,120757.0,694864.0,8.548,0.45,1777872621
All Pools,AVAX - USDC,0.2,False,67168.0,208632.0,135.02,23.62,1777872621
All Pools,sAVAX - AVAX,0.01,False,54567.0,191799.0,5.462,1.04,1777872621
All Pools,GUN - AVAX,0.25,False,43833.0,127433.0,113.35,32.47,1777872621
All Pools,ARENA - AVAX,0.01,False,41233.0,180843.0,4.122,0.83,1777872621
All Pools,GUN - AVAX,0.1,False,37820.0,40598.0,40.54,36.44,1777872621
All Pools,USDC - XAVA,0.3,False,37102.0,615587.0,92.75,5.5,1777872621
All Pools,AVAX - BTC.b,0.05,False,33668.0,594276.0,17.69,1.09,1777872621
All Pools,NXPC - AVAX,0.3,False,32657.0,240399.0,81.64,12.4,1777872621
All Pools,USDT.e - USDC,0.02,False,22632.0,48839.0,4.545,3.4,1777872621
All Pools,DAI.e - USDC,0.02,False,20992.0,29705.0,4.049,4.98,1777872621
All Pools,WBTC - BTC.b,0.03,False,17658.0,85333.0,5.368,2.3,1777872621
All Pools,AVAX - USDt,0.2,False,17376.0,132885.0,35.03,9.62,1777872621
All Pools,FOLKS - AVAX,0.25,False,15124.0,35010.0,38.55,40.19,1777872621
All Pools,USDT.e - USDt,0.02,False,13564.0,44229.0,2.722,2.25,1777872621
All Pools,QI - AVAX,0.3,False,12941.0,247222.0,32.35,4.78,1777872621
All Pools,AVAX - USDT.e,0.3,False,12630.0,554806.0,31.58,2.08,1777872621
All Pools,XAUt0 - USDt,0.04,False,11604.0,38956.0,5.054,4.74,1777872621
All Pools,AVAX - USDC,0.3,False,11559.0,408658.0,28.9,2.58,1777872621
All Pools,JOE - AVAX,0.3,False,11057.0,529230.0,27.64,1.91,1777872621
All Pools,MIM - AVAX,0.3,False,10963.0,564533.0,27.41,1.77,1777872621
All Pools,USDC.e - AVAX,0.3,False,9526.92,431812.0,23.82,2.01,1777872621
All Pools,AAVE.e - AVAX,0.3,False,9138.0,307044.0,22.85,2.72,1777872621
All Pools,COQ - AVAX,0.3,False,8309.5,617674.0,20.77,1.23,1777872621
All Pools,WBTC.e - BTC.b,0.03,False,7754.66,335601.0,2.384,0.26,1777872621
All Pools,JOE - USDC.e,0.3,False,7540.33,339307.0,18.85,2.03,1777872621
All Pools,SolvBTC - BTC.b,0.04,False,5198.6,258500.0,3.069,0.43,1777872621
All Pools,USDt - USDC,0.01,False,5160.22,181588.0,0.4133,0.08,1777872621
All Pools,EURC - USDC,0.03,False,4355.48,13125.0,1.431,3.98,1777872621
All Pools,USDT.e - USDC,0.02,False,3617.57,886.43,0.37418,15.41,1777872621
All Pools,ORNG - AVAX,0.3,False,3238.72,27818.0,8.097,10.62,1777872621
All Pools,JPYC - USDC,0.04,False,3129.16,4467.68,1.833,14.98,1777872621
All Pools,FLD - AVAX,0.3,False,2883.45,52510.0,7.209,5.01,1777872621
All Pools,XAVA - AVAX,0.8,False,2294.45,231582.0,18.47,2.91,1777872621
All Pools,BEAM - AVAX,0.25,False,2277.03,20561.0,5.732,10.17,1777872621
All Pools,HEFE - AVAX,0.3,False,2121.8,21541.0,5.305,8.99,1777872621
All Pools,DAI.e - USDC,0.02,False,2118.59,2420.86,0.41006,6.18,1777872621
All Pools,WETH.e - AVAX,0.3,False,2050.53,503431.0,5.126,0.37,1777872621
All Pools,LCPEDU - USDt,0.8,False,2037.94,9626335.0,32.67,0.12,1777872621
All Pools,BEAM - AVAX,0.3,False,1876.7,95410.0,4.692,1.79,1777872621
All Pools,BEAM - USDC,0.3,False,1723.84,72945.0,4.31,2.16,1777872621
All Pools,WBTC.e - AVAX,0.3,False,1696.2,174159.0,4.24,0.89,1777872621
All Pools,SOL - AVAX,0.3,False,1611.65,439094.0,4.029,0.33,1777872621
All Pools,JOE - USDT.e,0.3,False,1595.35,67993.0,3.988,2.14,1777872621
All Pools,AVAX - avUSD,0.25,False,1524.84,2376.47,3.831,58.84,1777872621
All Pools,ZRO - AVAX,0.25,False,1448.31,2320.98,11.53,181.32,1777872621
All Pools,USDt - AVAX,0.3,False,1400.18,45311.0,3.5,2.82,1777872621
All Pools,XAVA - AVAX,0.25,False,1377.64,3234.43,3.483,39.3,1777872621
All Pools,SHRAP - AVAX,0.8,False,1363.38,13117.0,13.6,37.85,1777872621
All Pools,AUSD - AVAX,0.1,False,1255.29,40337.0,1.284,1.16,1777872621
All Pools,BTC.b - AVAX,0.3,False,1176.06,143692.0,2.94,0.75,1777872621
All Pools,AVAX - JUICE,0.3,False,1112.07,15911.0,2.78,6.38,1777872621
All Pools,JOE - USDC,0.3,False,1056.82,40507.0,2.642,2.38,1777872621
All Pools,LINK.e - AVAX,0.3,False,1027.66,49108.0,2.569,1.91,1777872621
All Pools,SIERRA - USDC,0.1,False,994.7,39720.0,0.99564,0.91,1777872621
All Pools,ALOT - AVAX,0.3,False,986.94,229627.0,2.467,0.39,1777872621
All Pools,AVAX - DAI.e,0.3,False,880.57,34357.0,2.201,2.34,1777872621
All Pools,AVAX - ALVA,0.3,False,844.88,1265.73,2.112,60.91,1777872621
All Pools,MUON - AVAX,0.3,False,742.96,47920.0,1.857,1.41,1777872621
All Pools,w3ULL - AVAX,0.3,False,599.49,66523.0,1.499,0.82,1777872621
All Pools,WETH.e - USDC,0.15,False,597.06,10058.0,0.90902,3.3,1777872621
All Pools,AVAX - XAVA,0.3,False,530.81,16165.0,1.327,3.0,1777872621
All Pools,AARB - AVAX,0.3,False,439.33,0.18308,1.098,218966.13,1777872621
All Pools,ARC - AVAX,0.3,False,439.02,0.18302,1.098,218887.59,1777872621
All Pools,UTAO - AVAX,0.3,False,433.74,0.18193,1.084,217553.54,1777872621
All Pools,JOE - AVAX,0.25,False,424.33,11631.0,1.068,3.35,1777872621
All Pools,SB - AVAX,0.3,False,400.17,7044.02,1.0,5.18,1777872621
All Pools,NOCHILL - AVAX,0.3,False,354.28,91470.0,0.88569,0.35,1777872621
All Pools,QI - AVAX,0.25,False,304.02,15404.0,0.76172,1.8,1777872621
All Pools,HERESY - AVAX,0.3,False,220.93,21948.0,0.55234,0.92,1777872621
All Pools,HUNDRED - USDC,0.3,False,218.56,521219.0,0.5464,0.04,1777872621
All Pools,XSEED - AVAX,0.3,False,218.2,12442.0,0.5455,1.6,1777872621
All Pools,APIX - ID,0.3,False,216.52,25453.0,0.54129,0.78,1777872621
All Pools,WBTC.e - BTC.b,0.03,False,195.03,698.57,0.08196,4.28,1777872621
All Pools,XETA - USDC,0.3,False,191.68,6442.09,0.4792,2.72,1777872621
All Pools,MIM - SB,0.3,False,189.95,5771.72,0.47487,3.0,1777872621
All Pools,WETH.e - USDC.e,0.3,False,178.39,12426.0,0.44598,1.31,1777872621
All Pools,gOHM - AVAX,0.3,False,172.3,142480.0,0.43076,0.11,1777872621
All Pools,AVAX - JUICY,0.3,False,172.09,3038.53,0.43023,5.17,1777872621
All Pools,STG - USDC,0.3,False,169.7,1471.28,0.42426,10.53,1777872621
All Pools,UST - AVAX,0.3,False,163.45,7812.61,0.40862,1.91,1777872621
All Pools,USDt - USDC,0.02,False,161.53,2232.9,0.03234,0.53,1777872621
All Pools,SOL - AVAX,0.1,False,151.6,1106.74,0.15557,5.13,1777872621
All Pools,YAK - AVAX,0.3,False,150.81,113219.0,0.37703,0.12,1777872621
All Pools,AVAX - UST,0.3,False,148.44,9090.61,0.3711,1.49,1777872621
All Pools,NXUSD - WXT,0.3,False,142.57,790439.0,0.35641,0.02,1777872621
All Pools,GMX - AVAX,0.3,False,138.62,5010.15,0.34655,2.52,1777872621
All Pools,AVAX - CLY,0.3,False,137.17,60433.0,0.34292,0.21,1777872621
All Pools,APIX - USDt,0.3,False,129.1,6949.01,0.32276,1.7,1777872621
All Pools,PTOP800 - USDC,0.1,False,119.14,661.23,0.11982,6.61,1777872621
All Pools,PTOP800 - AVAX,0.1,False,118.33,609.53,0.1188,7.11,1777872621
All Pools,LUNA - USDC.e,0.3,False,112.05,894.49,0.28013,11.43,1777872621
All Pools,KIMBO - AVAX,0.3,False,105.51,65281.0,0.26379,0.15,1777872621
All Pools,PTOP1100 - AVAX,0.1,False,90.89,365.37,0.09158,9.15,1777872621
All Pools,STG - AVAX,0.3,False,89.83,1473.69,0.22458,5.56,1777872621
All Pools,PTOP1100 - USDC,0.1,False,88.76,669.23,0.08904,4.86,1777872621
All Pools,EVO - AVAX,0.3,False,86.05,13785.0,0.21512,0.57,1777872621
All Pools,MIM - USDt,0.03,False,82.34,9.669,0.02654,100.18,1777872621
All Pools,USDC.e - USDC,0.3,False,75.44,482870.0,0.18861,0.01,1777872621
All Pools,PRIME - AVAX,0.4,False,70.0,109620.0,0.88946,0.3,1777872621
All Pools,JOE - AVAX,0.15,False,68.86,71489.0,0.10561,0.05,1777872621
All Pools,MEAT - AVAX,0.3,False,65.29,5435.04,0.16323,1.1,1777872621
All Pools,APIX - USDC,0.3,False,61.17,3472.93,0.15292,1.61,1777872621
All Pools,GGP - AVAX,0.3,False,58.65,92883.0,0.14663,0.06,1777872621
All Pools,FITFI - USDT.e,0.3,False,55.77,377.37,0.13942,13.48,1777872621
All Pools,PTOP1200 - AVAX,0.1,False,51.3,696.99,0.05134,2.69,1777872621
All Pools,PTOP1200 - USDC,0.1,False,50.62,200.88,0.05138,9.34,1777872621
All Pools,CDK - AVAX,0.25,False,48.94,5715.49,0.19133,1.22,1777872621
All Pools,CAT - AVAX,0.3,False,46.43,1915.49,0.11609,2.21,1777872621
All Pools,AVAX - RISE,0.3,False,45.82,60088.0,0.11455,0.07,1777872621
All Pools,APIX - ARENA,0.3,False,44.5,2369.56,0.11124,1.71,1777872621
All Pools,PTOP1300 - AVAX,0.1,False,41.62,582.22,0.0417,2.61,1777872621
All Pools,PTOP1300 - USDC,0.1,False,41.25,349.6,0.04136,4.32,1777872621
All Pools,gOHM - FRAX,0.3,False,31.73,3628.11,0.07933,0.8,1777872621
All Pools,GUN - BLSEYE🎯,0.3,False,30.56,956.99,0.0764,2.91,1777872621
All Pools,GENI - USDC,0.3,False,29.74,1489.63,0.07436,1.82,1777872621
All Pools,BLSEYE🎯 - AVAX,0.3,False,29.35,6104.78,0.07336,0.44,1777872621
All Pools,CAI - AVAX,0.3,False,28.28,1784.05,0.07069,1.45,1777872621
All Pools,PTOP800 - BTC.b,0.1,False,27.73,1012.54,0.02913,1.05,1777872621
All Pools,USDt - ncash,0.3,False,27.6,1148.84,0.06901,2.19,1777872621
All Pools,SWORLD - AVAX,0.3,False,24.85,7050.15,0.06213,0.32,1777872621
All Pools,BOI - AVAX,0.3,False,24.44,74.21,0.06111,30.06,1777872621
All Pools,PNG - AVAX,0.3,False,24.4,1070.39,0.06101,2.08,1777872621
All Pools,USDV - AVAX,0.25,False,22.49,1835.01,0.08815,1.75,1777872621
All Pools,ROCO - AVAX,0.3,False,22.34,1299.83,0.05585,1.57,1777872621
All Pools,Balln - AVAX,0.3,False,21.85,4313.14,0.05462,0.46,1777872621
All Pools,KLO - AVAX,0.3,False,20.92,14996.0,0.05231,0.13,1777872621
All Pools,AVAX - FRAX,0.3,False,19.4,1025.52,0.04851,1.73,1777872621
All Pools,MIM - WETH.e,0.3,False,19.24,1472.59,0.0481,1.19,1777872621
All Pools,GUN - AVAX,0.3,False,19.21,446.7,0.04803,3.92,1777872621
All Pools,USDC.e - DAI.e,0.3,False,19.07,22724.0,0.04768,0.08,1777872621
All Pools,BOOTY - AVAX,0.3,False,19.04,2141.45,0.0476,0.81,1777872621
All Pools,AVAX - DOMI,0.3,False,18.94,17590.0,0.04735,0.1,1777872621
All Pools,Psychic - AVAX,0.3,False,18.85,1198.35,0.04712,1.44,1777872621
All Pools,BLIZZ - AVAX,0.3,False,18.75,881.01,0.04687,1.94,1777872621
All Pools,SHRAP - DOMI,0.3,False,18.22,296.25,0.04555,5.61,1777872621
All Pools,HAT - AVAX,0.3,False,17.93,9681.08,0.04484,0.17,1777872621
All Pools,POLAR - AVAX,0.3,False,17.12,1852.73,0.0428,0.84,1777872621
All Pools,SECOND - AVAX,0.3,False,16.16,1794.63,0.0404,0.82,1777872621
All Pools,SECOND - USDC,0.3,False,16.15,7269.16,0.04038,0.2,1777872621
All Pools,CAPY - ARENA,0.3,False,15.41,31677.0,0.03852,0.04,1777872621
All Pools,RGOGLZ - USDC,0.3,False,15.34,1608.88,0.03835,0.87,1777872621
All Pools,BUSD - AVAX,0.3,False,14.76,425.95,0.03691,3.16,1777872621
All Pools,HUSKY - AVAX,0.3,False,14.74,3725.65,0.03685,0.36,1777872621
All Pools,HATCHY - AVAX,0.3,False,14.27,9932.17,0.03567,0.13,1777872621
All Pools,APIX - LAMBO,0.3,False,14.09,567.5,0.03522,2.27,1777872621
All Pools,sAVAX - JACK,0.3,False,14.0,293381.0,0.035,0.0,1777872621
All Pools,XROSS - ORNG,0.3,False,13.78,481.32,0.03445,2.61,1777872621
All Pools,Psychic - XAUt0,0.3,False,13.66,7047.4,0.03416,0.18,1777872621
All Pools,TECH - AVAX,0.3,False,13.28,14343.0,0.0332,0.08,1777872621
All Pools,ZRO - AVAX,0.3,False,12.8,202.19,0.03199,5.78,1777872621
All Pools,YUSD - AVAX,0.3,False,11.99,135.09,0.02997,8.1,1777872621
All Pools,ORNG - JUCI,0.3,False,11.8,503.05,0.0295,2.14,1777872621
All Pools,ORNG - MOOM,0.3,False,11.55,400.47,0.02888,2.63,1777872621
All Pools,DCAU - AVAX,0.3,False,11.44,1284.5,0.0286,0.81,1777872621
All Pools,DCAU - USDT.e,0.3,False,10.99,5348.18,0.02749,0.19,1777872621
All Pools,Ush - AVAX,0.3,False,10.84,2848.76,0.02709,0.35,1777872621
All Pools,DATCM - ORNG,0.3,False,10.64,483.59,0.02659,2.01,1777872621
All Pools,UST - USDC.e,0.3,False,10.59,757.6,0.02648,1.28,1777872621
All Pools,AVAX - HON,0.3,False,10.22,91905.0,0.02554,0.01,1777872621
All Pools,COMET - AVAX,0.3,False,10.19,493.61,0.02549,1.88,1777872621
All Pools,agEUR - USDC,0.3,False,10.18,63.91,0.02545,14.54,1777872621
All Pools,YOU - ORNG,0.3,False,10.04,3208.32,0.02509,0.29,1777872621
All Pools,SYN - AVAX,0.3,False,9.992,2794.04,0.02498,0.33,1777872621
All Pools,MYST - AVAX,0.3,False,9.703,925.61,0.02426,0.96,1777872621
All Pools,AVAXAI - USDC,0.3,False,9.68,1724.21,0.0242,0.51,1777872621
All Pools,STRZ - AVAX,0.3,False,9.168,27.92,0.02292,29.97,1777872621
All Pools,AVAX - GEC,0.3,False,8.68,36580.0,0.0217,0.02,1777872621
All Pools,JPYC - USDC,0.3,False,8.644,351.59,0.02161,2.24,1777872621
All Pools,KINGSHIT - AVAX,0.3,False,8.355,5031.15,0.02089,0.15,1777872621
All Pools,BLSEYE🎯 - ARENA,0.3,False,8.077,1188.26,0.02019,0.62,1777872621
All Pools,ORNG - FLUX,0.3,False,7.124,356.2,0.01781,1.83,1777872621
All Pools,UST - USDC,0.3,False,6.413,485.17,0.01603,1.21,1777872621
All Pools,ORNG - SAI,0.3,False,6.39,301.33,0.01597,1.94,1777872621
All Pools,FITFI - AVAX,0.3,False,6.028,40.14,0.01507,13.71,1777872621
All Pools,WINK - AVAX,0.3,False,5.972,89.42,0.01493,6.09,1777872621
All Pools,EGG - AVAX,0.3,False,5.717,23329.0,0.01429,0.02,1777872621
All Pools,AVAX - PEFI,0.3,False,5.397,4585.38,0.01349,0.11,1777872621
All Pools,AVAX - ELK,0.3,False,5.218,1745.55,0.01305,0.27,1777872621
All Pools,MAI - AVAX,0.3,False,4.644,1844.41,0.01161,0.23,1777872621
All Pools,avUSD - sAVAX,0.3,False,4.599,266.74,0.0115,1.57,1777872621
All Pools,BLS - USDt,0.3,False,4.169,120.17,0.01042,3.17,1777872621
All Pools,USDT.e - DAI.e,0.3,False,4.034,7313.61,0.01009,0.05,1777872621
All Pools,Psychic - BLACK,0.3,False,3.947,471.54,0.00987,0.76,1777872621
All Pools,LUNA - AVAX,0.3,False,3.662,22.65,0.00916,14.76,1777872621
All Pools,Gravity - BLACK,0.3,False,3.551,1082.17,0.00888,0.3,1777872621
All Pools,LINK.e - USDT.e,0.3,False,3.534,234.9,0.00884,1.37,1777872621
All Pools,USDC.e - USDT.e,0.3,False,3.506,40259.0,0.00876,0.01,1777872621
All Pools,USV - DAI.e,0.3,False,3.502,4302.89,0.00876,0.07,1777872621
All Pools,LIQR - AVAX,0.3,False,3.413,52264.0,0.00853,0.01,1777872621
All Pools,USDT.e - CLY,0.3,False,3.386,264.4,0.00846,1.17,1777872621
All Pools,SWIFT - USDC.e,0.3,False,3.372,545.53,0.00843,0.56,1777872621
All Pools,FollowTheWhiteRabbit - BLACK,0.3,False,3.343,1195.11,0.00836,0.26,1777872621
All Pools,ISA - USDC.e,0.3,False,3.281,494.0,0.0082,0.61,1777872621
All Pools,MYST - USDC,0.3,False,3.278,259.02,0.00819,1.15,1777872621
All Pools,REDWOLF - AVAX,0.3,False,3.148,510.11,0.00787,0.56,1777872621
All Pools,ISA - AVAX,0.3,False,3.093,1487.28,0.00773,0.19,1777872621
All Pools,BTC.b - TOPIA,0.3,False,3.091,314.91,0.00773,0.9,1777872621
All Pools,Gravity - AVAX,0.3,False,2.93,343.45,0.00733,0.78,1777872621
All Pools,GUDVBZ - AVAX,0.3,False,2.902,452.93,0.00726,0.58,1777872621
All Pools,SWIFT - WETH.e,0.3,False,2.842,1664.91,0.00711,0.16,1777872621
All Pools,MIM - USDC.e,0.3,False,2.792,1995.34,0.00698,0.13,1777872621
All Pools,PNG - JOE,0.3,False,2.775,173.34,0.00694,1.46,1777872621
All Pools,APOW - AVAX,0.3,False,2.758,1099.43,0.0069,0.23,1777872621
All Pools,TINU - AVAX,0.3,False,2.724,1362.65,0.00681,0.18,1777872621
All Pools,Trinity - BLACK,0.3,False,2.714,572.08,0.00679,0.43,1777872621
All Pools,Trinity - AVAX,0.3,False,2.665,1050.55,0.00666,0.23,1777872621
All Pools,WETH - USDC.e,0.3,False,2.626,230.86,0.00657,1.04,1777872621
All Pools,LINK.e - USDC.e,0.3,False,2.623,195.91,0.00656,1.22,1777872621
All Pools,YAK - USDC.e,0.3,False,2.604,222.71,0.00651,1.07,1777872621
All Pools,3QF - D - AVAX,0.3,False,2.414,1783.49,0.00603,0.12,1777872621
All Pools,SVETA - AVAX,0.3,False,2.41,1428.3,0.00603,0.15,1777872621
All Pools,3QF - D - WETH.e,0.3,False,2.407,3162.58,0.00602,0.07,1777872621
All Pools,FollowTheWhiteRabbit - AVAX,0.3,False,2.365,167.56,0.00591,1.29,1777872621
All Pools,AVAX - aXEN,0.3,False,2.346,78.77,0.00586,2.72,1777872621
All Pools,LUNA - USDC.e,0.3,False,2.336,329.5,0.00584,0.65,1777872621
All Pools,Now - BLACK,0.3,False,2.275,449.15,0.00569,0.46,1777872621
All Pools,USDt - USDT.e,0.3,False,2.265,20364.0,0.00566,0.01,1777872621
All Pools,USDC - SHRAP,0.3,False,2.249,28.23,0.00562,7.27,1777872621
All Pools,DPS - AVAX,0.3,False,2.12,225.34,0.0053,0.86,1777872621
All Pools,DPS - USDC,0.3,False,2.119,1953.85,0.0053,0.1,1777872621
All Pools,XAUt0 - Gravity,0.3,False,2.107,402.75,0.00527,0.48,1777872621
All Pools,AVAX - FRAX,0.3,False,2.106,276.51,0.00526,0.69,1777872621
All Pools,AAVE.e - REDWOLF,0.3,False,2.027,165.56,0.00507,1.12,1777872621
All Pools,BLSEYE🎯 - BEAM,0.3,False,2.022,349.87,0.00505,0.53,1777872621
All Pools,67 - AVAX,0.3,False,2.022,26.38,0.00505,6.99,1777872621
All Pools,AVAX - TIME,0.3,False,2.021,1230.8,0.00505,0.15,1777872621
All Pools,USDC.e - MU,0.3,False,2.001,13534.0,0.005,0.01,1777872621
All Pools,WETH.e - USDT.e,0.3,False,1.993,168.89,0.00498,1.08,1777872621
All Pools,MaryMagdalene - AVAX,0.3,False,1.945,227.9,0.00486,0.78,1777872621
All Pools,JOE - USDT,0.3,False,1.914,366.5,0.00478,0.48,1777872621
All Pools,USDC - SOCK,0.3,False,1.887,490.08,0.00472,0.35,1777872621
All Pools,AVAX - SOCK,0.3,False,1.885,3371.04,0.00471,0.05,1777872621
All Pools,AVAX - APOW,0.3,False,1.883,26121.0,0.00471,0.01,1777872621
All Pools,Now - AVAX,0.3,False,1.879,270.97,0.0047,0.63,1777872621
All Pools,XAUt0 - Now,0.3,False,1.877,719.77,0.00469,0.24,1777872621
All Pools,AVAX - USDT,0.3,False,1.836,2022.17,0.00459,0.08,1777872621
All Pools,REDWOLF - USDC,0.3,False,1.777,205.08,0.00444,0.79,1777872621
All Pools,GENI - AVAX,0.3,False,1.774,75.12,0.00444,2.16,1777872621
All Pools,CATWIF - AVAX,0.3,False,1.747,3334.62,0.00437,0.05,1777872621
All Pools,HAREM - AVAX,0.3,False,1.694,142.87,0.00423,1.08,1777872621
All Pools,BEAR - AVAX,0.3,False,1.619,7357.66,0.00405,0.02,1777872621
All Pools,FXS - AVAX,0.3,False,1.56,448.01,0.0039,0.32,1777872621
All Pools,MAGICK - AVAX,0.3,False,1.54,361.18,0.00385,0.39,1777872621
All Pools,MAGICK - USDC,0.3,False,1.539,243.11,0.00385,0.58,1777872621
All Pools,USDC.e - AVVO,0.3,False,1.461,253.31,0.00365,0.53,1777872621
All Pools,APOW - USDC,0.3,False,1.416,170.76,0.00354,0.76,1777872621
All Pools,WETH.e - ONION,0.3,False,1.393,278.53,0.00348,0.46,1777872621
All Pools,USDT.e - ONION,0.3,False,1.392,777.24,0.00348,0.16,1777872621
All Pools,AVAX - SPELL,0.3,False,1.363,2812.55,0.00341,0.04,1777872621
All Pools,SHOE - AVAX,0.3,False,1.351,675.58,0.00338,0.18,1777872621
All Pools,APOW - USDt,0.3,False,1.337,170.18,0.00334,0.72,1777872621
All Pools,AVAX - ONION,0.3,False,1.336,184.91,0.00334,0.66,1777872621
All Pools,LF - AVAX,0.3,False,1.306,296.33,0.00326,0.4,1777872621
All Pools,MIM - LF,0.3,False,1.305,912.99,0.00326,0.13,1777872621
All Pools,SHOE - BTC.b,0.3,False,1.3,858.85,0.00325,0.14,1777872621
All Pools,HOST - DAI.e,0.3,False,1.296,2610.11,0.00324,0.05,1777872621
All Pools,HUSKY - JOE,0.3,False,1.285,185.65,0.00321,0.63,1777872621
All Pools,BLSEYE🎯 - MEOW,0.3,False,1.212,675.85,0.00303,0.16,1777872621
All Pools,AVAX - NaughtiusMaximus,0.3,False,1.183,449.24,0.00296,0.24,1777872621
All Pools,XAUt0 - NaughtiusMaximus,0.3,False,1.155,1062.79,0.00289,0.1,1777872621
All Pools,PIZZA - AVAX,0.3,False,1.134,525.88,0.00284,0.2,1777872621
All Pools,USDC.e - ONION,0.3,False,1.126,389.45,0.00281,0.26,1777872621
All Pools,SMRTr - AVAX,0.3,False,1.123,37391.0,0.00281,0.0,1777872621
All Pools,SWIFT - AVAX,0.3,False,1.122,313.98,0.00281,0.33,1777872621
All Pools,SMRTr - USDC.e,0.3,False,1.118,127.17,0.0028,0.8,1777872621
All Pools,AVAX - SHRAP,0.3,False,1.086,17.88,0.00272,5.54,1777872621
All Pools,LUNA - AVAX,0.3,False,1.081,145.38,0.0027,0.68,1777872621
All Pools,WBTC.e - ONION,0.3,False,1.076,413.95,0.00269,0.24,1777872621
All Pools,AVAX - AMI,0.3,False,1.016,550.42,0.00254,0.17,1777872621
All Pools,DAI.e - ONION,0.3,False,1.004,355.64,0.00251,0.26,1777872621
All Pools,rloop - AVAX,0.3,False,0.99149,6326.92,0.00248,0.01,1777872621
All Pools,LUEEGI - AVAX,0.3,False,0.98903,1605.93,0.00247,0.06,1777872621
All Pools,BANKSY - AVAX,0.3,False,0.98875,175.02,0.00247,0.52,1777872621
All Pools,BANKSY - USDT.e,0.3,False,0.98799,1561.97,0.00247,0.06,1777872621
All Pools,MIM - PEFI,0.3,False,0.96498,206.52,0.00241,0.43,1777872621
All Pools,ROY - AVAX,0.3,False,0.96256,5023.36,0.00241,0.02,1777872621
All Pools,AVAX - IMPACT2,0.3,False,0.95471,172.33,0.00239,0.51,1777872621
All Pools,KIWI - AVAX,0.3,False,0.91466,117.6,0.00229,0.71,1777872621
All Pools,WBTC.e - USDT.e,0.3,False,0.91101,174.04,0.00228,0.48,1777872621
All Pools,DREGG - AVAX,0.3,False,0.91089,182.49,0.00228,0.46,1777872621
All Pools,DREGG - USDT.e,0.3,False,0.90749,549.13,0.00227,0.15,1777872621
All Pools,MaryMagdalene - XAUt0,0.3,False,0.90443,1958.31,0.00226,0.04,1777872621
All Pools,COQ - BLSEYE🎯,0.3,False,0.89704,216.8,0.00224,0.38,1777872621
All Pools,KIWI - USDC,0.3,False,0.89595,312.36,0.00224,0.26,1777872621
All Pools,Trinity - Psychic,0.3,False,0.86937,552.68,0.00217,0.14,1777872621
All Pools,BLS - SHRAP,0.3,False,0.86864,10.04,0.00217,7.9,1777872621
All Pools,AVAX - $SICKO,0.3,False,0.83496,10.05,0.00209,7.58,1777872621
All Pools,AVAX - MU,0.3,False,0.82765,90.11,0.00207,0.84,1777872621
All Pools,AVAX - AVVO,0.3,False,0.78509,308.13,0.00196,0.23,1777872621
All Pools,FTOMB - AVAX,0.3,False,0.77124,10321.0,0.00193,0.01,1777872621
All Pools,YETI - AVAX,0.3,False,0.75916,948.61,0.0019,0.07,1777872621
All Pools,GUN - AMI,0.3,False,0.74985,22.56,0.00187,3.03,1777872621
All Pools,AVAX - SMRT,0.3,False,0.74559,2385.0,0.00186,0.03,1777872621
All Pools,TRESR - AVAX,0.3,False,0.74454,14888.0,0.00186,0.0,1777872621
All Pools,AVAX - ChristMark,0.3,False,0.72406,362.62,0.00181,0.18,1777872621
All Pools,DCAU - USDC,0.3,False,0.71508,152.44,0.00179,0.43,1777872621
All Pools,USDT.e - SMRT,0.3,False,0.70318,107.61,0.00176,0.6,1777872621
All Pools,AVAX - KONG,0.3,False,0.69187,7578.25,0.00173,0.01,1777872621
All Pools,LadyMary - AVAX,0.3,False,0.67852,369.57,0.0017,0.17,1777872621
All Pools,Gladiator - AVAX,0.3,False,0.64876,3.755,0.00162,15.77,1777872621
All Pools,CANS - AVAX,0.3,False,0.64424,13.07,0.00161,4.5,1777872621
All Pools,FollowTheWhiteRabbit - LuciferMorningstar,0.3,False,0.63467,3677.14,0.00159,0.02,1777872621
All Pools,USDC - SDOG,0.3,False,0.62522,485.5,0.00156,0.12,1777872621
All Pools,MAXI - DAI.e,0.3,False,0.62521,237.69,0.00156,0.24,1777872621
All Pools,USDC - SPT,0.3,False,0.62233,41.09,0.00156,1.38,1777872621
All Pools,USDC - GAU,0.3,False,0.61755,12279.0,0.00154,0.0,1777872621
All Pools,GAINS - AVAX,0.3,False,0.60463,41.19,0.00151,1.34,1777872621
All Pools,AVAX - TheGospelOfMary,0.3,False,0.5969,160.64,0.00149,0.34,1777872621
All Pools,GURS - AVAX,0.3,False,0.59502,7668.31,0.00149,0.01,1777872621
All Pools,Orange - AVAX,0.3,False,0.59197,88.63,0.00148,0.61,1777872621
All Pools,MONEY - AVAX,0.3,False,0.59067,641.82,0.00148,0.08,1777872621
All Pools,UST - USDT.e,0.3,False,0.57551,42.94,0.00144,1.22,1777872621
All Pools,MM - USDC,0.3,False,0.56625,84.89,0.00142,0.61,1777872621
All Pools,AVAX - ARENA,0.3,False,0.5639,82.06,0.00141,0.63,1777872621
All Pools,MM - AVAX,0.3,False,0.56201,136.4,0.00141,0.38,1777872621
All Pools,LadyMary - FollowTheWhiteRabbit,0.3,False,0.56163,657.48,0.0014,0.08,1777872621
All Pools,HOST - AVAX,0.3,False,0.5562,107.78,0.00139,0.47,1777872621
All Pools,XAUt0 - ChristMark,0.3,False,0.55004,700.54,0.00138,0.07,1777872621
All Pools,Trinity - LuciferMorningstar,0.3,False,0.53756,355099463.0,0.00134,,1777872621
All Pools,MIM - TIME,0.3,False,0.5287,123.28,0.00132,0.39,1777872621
All Pools,KALM - AVAX,0.3,False,0.52744,128.77,0.00132,0.37,1777872621
All Pools,KALM - USDC,0.3,False,0.52724,85.61,0.00132,0.56,1777872621
All Pools,AMPL - AVAX,0.3,False,0.51174,344.75,0.00128,0.14,1777872621
All Pools,JOE - EXP,0.3,False,0.50775,13504439.0,0.00127,,1777872621
All Pools,AVAX - ZUBAX,0.3,False,0.49304,118.46,0.00123,0.38,1777872621
All Pools,HEFE - GAINS,0.3,False,0.4882,5.94,0.00122,7.5,1777872621
All Pools,VPND - AVAX,0.3,False,0.4881,25759.0,0.00122,0.0,1777872621
All Pools,50 - AVAX,0.3,False,0.48231,77.23,0.00121,0.57,1777872621
All Pools,50 - USDC,0.3,False,0.48206,121.11,0.00121,0.36,1777872621
All Pools,USDt - IMPACT2,0.3,False,0.47981,72.22,0.0012,0.61,1777872621
All Pools,PTOP1100 - TOPIA,0.3,False,0.47646,152.99,0.00119,0.28,1777872621
All Pools,MU - DAI.e,0.3,False,0.4695,246.81,0.00117,0.17,1777872621
All Pools,ZUBAX - USDT.e,0.3,False,0.46888,185.67,0.00117,0.23,1777872621
All Pools,FERT - AVAX,0.3,False,0.4636,812.0,0.00116,0.05,1777872621
All Pools,PTOP900 - TOPIA,0.3,False,0.45979,105.8,0.00115,0.4,1777872621
All Pools,Orange - DivineFeminine,0.3,False,0.45842,1115.4,0.00115,0.04,1777872621
All Pools,USDC.e - WXT,0.3,False,0.4566,292.21,0.00114,0.14,1777872621
All Pools,STATIK - AVAX,0.3,False,0.4547,44.93,0.00114,0.92,1777872621
All Pools,Psychic - Now,0.3,False,0.45294,640.33,0.00113,0.06,1777872621
All Pools,BTC.b - oXAUT,0.3,False,0.44915,376.56,0.00112,0.11,1777872621
All Pools,oXAUT - AVAX,0.3,False,0.44906,523.07,0.00112,0.08,1777872621
All Pools,SYMBIOT - AVAX,0.3,False,0.44599,92.88,0.00111,0.44,1777872621
All Pools,LINDA - AVAX,0.3,False,0.44423,2109.07,0.00111,0.02,1777872621
All Pools,SYMBIOT - DAI.e,0.3,False,0.43701,471.59,0.00109,0.08,1777872621
All Pools,BNB - AVAX,0.3,False,0.43055,4169.36,0.00108,0.01,1777872621
All Pools,BrideOfChrist - AVAX,0.3,False,0.41215,90.39,0.00103,0.42,1777872621
All Pools,MaryMagdalene - FollowTheWhiteRabbit,0.3,False,0.40605,209.09,0.00102,0.18,1777872621
All Pools,BTC.b - IMPACT2,0.3,False,0.40433,1288.4,0.00101,0.03,1777872621
All Pools,JEWEL - USDC,0.3,False,0.40251,4535.69,0.00101,0.01,1777872621
All Pools,ZRO - USDC,0.3,False,0.3935,5.666,,6.34,1777872621
All Pools,HUSKY - AMI,0.3,False,0.38678,87.78,,0.4,1777872621
All Pools,gOHM - SB,0.3,False,0.38097,15.85,,2.19,1777872621
All Pools,USDT - ETH,0.3,False,0.37489,216.4,,0.16,1777872621
All Pools,BTC.b - SPT,0.3,False,0.3726,40.22,,0.85,1777872621
All Pools,USDT.e - MU,0.3,False,0.37058,256.04,,0.13,1777872621
All Pools,HEFE - CANS,0.3,False,0.35604,4.327,,7.51,1777872621
All Pools,Gladiator - USDC,0.3,False,0.35467,567.46,,0.06,1777872621
All Pools,WETH.e - USDC,0.3,False,0.35449,22.93,,1.41,1777872621
All Pools,SOL - USDC,0.3,False,0.34312,24.26,,1.29,1777872621
All Pools,BLUB - AVAX,0.3,False,0.33939,17209.0,,0.0,1777872621
All Pools,WETH.e - SURE,0.3,False,0.33066,1111.9,,0.03,1777872621
All Pools,Gladiator - AMI,0.3,False,0.32993,377.05,,0.08,1777872621
All Pools,WETH.e - REDWOLF,0.3,False,0.31943,104.28,,0.28,1777872621
All Pools,FollowTheWhiteRabbit - TheGospelOfMary,0.3,False,0.31619,159.46,,0.18,1777872621
All Pools,KIMBO - CANS,0.3,False,0.29561,396.74,,0.07,1777872621
All Pools,USDC - CHAM,0.3,False,0.29215,50.38,,0.53,1777872621
All Pools,Psychic - Meaning,0.3,False,0.29131,316.82,,0.08,1777872621
All Pools,Meaning - AVAX,0.3,False,0.29108,458.81,,0.06,1777872621
All Pools,RUX - AVAX,0.3,False,0.28361,30.59,,0.85,1777872621
All Pools,USDt - RUX,0.3,False,0.28347,16083.0,,0.0,1777872621
All Pools,USDC - aXEN,0.3,False,0.27959,9.286,,2.75,1777872621
All Pools,CQK - AVAX,0.3,False,0.27912,133.39,,0.19,1777872621
All Pools,CQK - USDC,0.3,False,0.27898,35.43,,0.72,1777872621
All Pools,CGS - AVAX,0.3,False,0.2779,67.1,,0.38,1777872621
All Pools,CGS - USDC.e,0.3,False,0.27774,159.63,,0.16,1777872621
All Pools,USDC.e - SOL,0.3,False,0.27478,41.98,,0.6,1777872621
All Pools,IMPACT2 - EURC,0.3,False,0.27467,47.44,,0.53,1777872621
All Pools,BOI - MU,0.3,False,0.27337,1.171,,21.3,1777872621
All Pools,ABC - AVAX,0.3,False,0.26698,1102.0,,0.02,1777872621
All Pools,sAVAX - COQ,0.3,False,0.2623,95.24,,0.25,1777872621
All Pools,DCAU - MIM,0.3,False,0.26083,313.58,,0.08,1777872621
All Pools,USDC - USD+,0.3,False,0.2548,33.16,,0.7,1777872621
All Pools,JOE - KRW,0.3,False,0.25334,240.12,,0.1,1777872621
All Pools,KRW - AVAX,0.3,False,0.25319,461.17,,0.05,1777872621
All Pools,AftermathsKobe - AVAX,0.3,False,0.25059,298.23,,0.08,1777872621
All Pools,BUSD - USDC,0.3,False,0.25016,7.774,,2.94,1777872621
All Pools,Psychic - AftermathsKobe,0.3,False,0.25005,328.85,,0.07,1777872621
All Pools,miMatic - USDC.e,0.3,False,0.24835,23.46,,0.97,1777872621
All Pools,DivineFeminine - Gravity,0.3,False,0.2483,2349.92,,0.01,1777872621
All Pools,AVAX - WISE,0.3,False,0.24394,79.67,,0.28,1777872621
All Pools,USDC.e - WISE,0.3,False,0.24385,46.32,,0.48,1777872621
All Pools,AVAI - AVAX,0.3,False,0.23976,29.61,,0.74,1777872621
All Pools,Psychic - Ducks,0.3,False,0.23321,323.64,,0.07,1777872621
All Pools,Ducks - AVAX,0.3,False,0.23303,293.47,,0.07,1777872621
All Pools,MIM - MU,0.3,False,0.23083,254.72,,0.08,1777872621
All Pools,BOI - AMI,0.3,False,0.23058,1.004,,20.97,1777872621
All Pools,AVAX - TOPIA,0.3,False,0.22731,534.51,,0.04,1777872621
All Pools,Psychic - Jjj,0.3,False,0.22584,324.04,,0.06,1777872621
All Pools,Jjj - AVAX,0.3,False,0.22576,294.06,,0.07,1777872621
All Pools,USDC - yyAVAX,0.3,False,0.2252,14.36,,1.43,1777872621
All Pools,MaryMagdalene - TheGospelOfMary,0.3,False,0.22466,272.81,,0.08,1777872621
All Pools,TSD - AVAX,0.3,False,0.22069,328.18,,0.06,1777872621
All Pools,VENG - AVAX,0.3,False,0.21857,60.88,,0.33,1777872621
All Pools,FollowTheWhiteRabbit - DivineFeminine,0.3,False,0.21041,686.29,,0.03,1777872621
All Pools,BrideOfChrist - FollowTheWhiteRabbit,0.3,False,0.20682,737.4,,0.03,1777872621
All Pools,VEE - USDC,0.3,False,0.20371,32.58,,0.57,1777872621
All Pools,Psychic - Xmas,0.3,False,0.20212,304.42,,0.06,1777872621
All Pools,Xmas - AVAX,0.3,False,0.20212,276.71,,0.07,1777872621
All Pools,AVAX - FORT,0.3,False,0.201,39.52,,0.46,1777872621
All Pools,MIM - FORT,0.3,False,0.20083,18171.0,,0.0,1777872621
All Pools,COQ - JUICE,0.3,False,0.20032,48.57,,0.38,1777872621
All Pools,Psychic - MeaningOfNumbers,0.3,False,0.20032,323.98,,0.06,1777872621
All Pools,AVAX - MeaningOfNumbers,0.3,False,0.20022,293.7,,0.06,1777872621
All Pools,AVAX - XPOW,0.3,False,0.19868,40.48,,0.45,1777872621
All Pools,SURE - DAI.e,0.3,False,0.19749,28.35,,0.64,1777872621
All Pools,AVVO - DAI.e,0.3,False,0.19699,39.87,,0.45,1777872621
All Pools,AVAX - DUO,0.3,False,0.18682,71.66,,0.24,1777872621
All Pools,USDT.e - DUO,0.3,False,0.18662,57.61,,0.3,1777872621
All Pools,DFIAT - AVAX,0.3,False,0.18579,7626.48,,0.0,1777872621
All Pools,DFIAT - USDT.e,0.3,False,0.18557,28.37,,0.6,1777872621
All Pools,AVAX - CHAM,0.3,False,0.18238,33.34,,0.5,1777872621
All Pools,Psychic - Prometheus,0.3,False,0.18188,315.11,,0.05,1777872621
All Pools,AVAX - Prometheus,0.3,False,0.18185,287.0,,0.06,1777872621
All Pools,MaryMagdalene - Gravity,0.3,False,0.18139,133.29,,0.12,1777872621
All Pools,AI - AVAX,0.3,False,0.18093,4402.5,,0.0,1777872621
All Pools,AVAX - APOW,0.3,False,0.17894,39.98,,0.41,1777872621
All Pools,AVAT - USDC,0.3,False,0.17764,40.77,,0.4,1777872621
All Pools,SLUSH - AVAX,0.3,False,0.1756,59.39,,0.27,1777872621
All Pools,SLUSH - USDT.e,0.3,False,0.17539,60.3,,0.27,1777872621
All Pools,DéjàVu - Gravity,0.3,False,0.17525,210.37,,0.08,1777872621
All Pools,FollowTheWhiteRabbit - Priory,0.3,False,0.17407,934.93,,0.02,1777872621
All Pools,Priory - AVAX,0.3,False,0.17405,77.46,,0.21,1777872621
All Pools,- AMI,0.3,False,0.17328,12.94,,1.22,1777872621
All Pools,DivineFeminine - AVAX,0.3,False,0.17288,6.291,,2.51,1777872621
All Pools,Gold - Now,0.3,False,0.16939,906.65,,0.02,1777872621
All Pools,Gold - AVAX,0.3,False,0.16936,89.33,,0.17,1777872621
All Pools,TOPIA - PTOP800,0.3,False,0.16519,148.71,,0.1,1777872621
All Pools,AVAX - MILO,0.3,False,0.16422,1167.58,,0.01,1777872621
All Pools,USDt - MILO,0.3,False,0.16413,17.28,,0.87,1777872621
All Pools,Chemistry - AVAX,0.3,False,0.16337,89.9,,0.17,1777872621
All Pools,LUNA - LUNA,0.3,False,0.16299,2.535,,5.87,1777872621
All Pools,HEFE - AMI,0.3,False,0.1613,1.798,,8.19,1777872621
All Pools,PTOP1000 - TOPIA,0.3,False,0.16114,103.84,,0.14,1777872621
All Pools,AVAX - SPT,0.3,False,0.16087,16.67,,0.88,1777872621
All Pools,USDT.e - ZABU,0.3,False,0.15934,48.47,,0.3,1777872621
All Pools,AVAX - ELK,0.3,False,0.15756,70.77,,0.2,1777872621
All Pools,BrideOfChrist - BLACK,0.3,False,0.15633,33.56,,0.43,1777872621
All Pools,Trinity - Gravity,0.3,False,0.15626,2495.01,,0.01,1777872621
All Pools,YEEHAW - BTC.b,0.3,False,0.15538,130.1,,0.11,1777872621
All Pools,wsOHM - AVAX,0.3,False,0.15383,22.35,,0.63,1777872621
All Pools,PAPA - AVAX,0.3,False,0.14921,30.94,,0.44,1777872621
All Pools,MIM - PAPA,0.3,False,0.14908,415.74,,0.03,1777872621
All Pools,LINK.e - REDWOLF,0.3,False,0.14872,82.41,,0.16,1777872621
All Pools,MaryMagdalene - BrideOfChrist,0.3,False,0.14676,120.91,,0.11,1777872621
All Pools,$Crazy - AVAX,0.3,False,0.14483,1016.74,,0.01,1777872621
All Pools,Chemistry - Now,0.3,False,0.14346,911.31,,0.01,1777872621
All Pools,AVAX - LuciferMorningstar,0.3,False,0.14281,14.72,,0.89,1777872621
All Pools,SURE - USDC.e,0.3,False,0.14014,23.83,,0.54,1777872621
All Pools,USDC - BVAX,0.3,False,0.13947,31.05,,0.41,1777872621
All Pools,MIM - wsOHM,0.3,False,0.13912,1103.94,,0.01,1777872621
All Pools,SUB - USDC,0.3,False,0.1352,13.48,,0.92,1777872621
All Pools,Psychic - BlackAndGold,0.3,False,0.1337,323.39,,0.04,1777872621
All Pools,Matter - AVAX,0.3,False,0.13359,81.09,,0.15,1777872621
All Pools,AVAX - BlackAndGold,0.3,False,0.13357,295.19,,0.04,1777872621
All Pools,Orange - Matter,0.3,False,0.13329,9059.83,,0.0,1777872621
All Pools,YEEHAW - AVAX,0.3,False,0.13201,32.36,,0.37,1777872621
All Pools,GLOBA - AVAX,0.3,False,0.13056,51.93,,0.23,1777872621
All Pools,WLRS - USDC.e,0.3,False,0.12838,4540.05,,0.0,1777872621
All Pools,AVAX - ZABU,0.3,False,0.12796,30.57,,0.38,1777872621
All Pools,GLOBA - DAI.e,0.3,False,0.12482,52.78,,0.22,1777872621
All Pools,Hopi - AVAX,0.3,False,0.12352,218.54,,0.05,1777872621
All Pools,Hopi - Now,0.3,False,0.12345,721.81,,0.02,1777872621
All Pools,METAG - AVAX,0.3,False,0.12277,24.64,,0.45,1777872621
All Pools,AVAT - AVAX,0.3,False,0.12268,21.75,,0.51,1777872621
All Pools,ElvisJackpot - BLACK,0.3,False,0.12213,18.01,,0.62,1777872621
All Pools,USDt - DXN,0.3,False,0.12121,215.63,,0.05,1777872621
All Pools,YETI - AVAX,0.3,False,0.12008,3323.3,,0.0,1777872621
All Pools,VELAI - AVAX,0.3,False,0.11947,0.3267,,33.37,1777872621
All Pools,RoselineBloodline - AVAX,0.3,False,0.11798,44.42,,0.24,1777872621
All Pools,AVAX - SDOG,0.3,False,0.11612,10.29,,1.03,1777872621
All Pools,Beyond - AVAX,0.3,False,0.114,90.28,,0.12,1777872621
All Pools,Beyond - Orange,0.3,False,0.11378,4470.57,,0.0,1777872621
All Pools,WBTC.e - REDWOLF,0.3,False,0.11203,60.14,,0.17,1777872621
All Pools,REDWOLF - SOL,0.3,False,0.11161,75.81,,0.13,1777872621
All Pools,miMatic - AVAX,0.3,False,0.11065,37.29,,0.27,1777872621
All Pools,MELT - AVAX,0.3,False,0.11002,25.18,,0.4,1777872621
All Pools,Solar - AVAX,0.3,False,0.10994,90.1,,0.11,1777872621
All Pools,Solar - Now,0.3,False,0.10987,914.49,,0.01,1777872621
All Pools,USDt - REDWOLF,0.3,False,0.10917,15.09,,0.66,1777872621
All Pools,RPEPE - AVAX,0.3,False,0.10797,6371.05,,0.0,1777872621
All Pools,Psychic - DéjàVu,0.3,False,0.1071,199.24,,0.05,1777872621
All Pools,Psychic - CommieSukey,0.3,False,0.10605,323.96,,0.03,1777872621
All Pools,CommieSukey - AVAX,0.3,False,0.10604,294.66,,0.03,1777872621
All Pools,USDt - XPOW,0.3,False,0.1044,20.35,,0.47,1777872621
All Pools,WarpSpeed - AVAX,0.3,False,0.10421,138.89,,0.07,1777872621
All Pools,Gravity - WarpSpeed,0.3,False,0.10419,84.77,,0.11,1777872621
All Pools,USDC - APOW,0.3,False,0.10336,20.33,,0.46,1777872621
All Pools,XAUt0 - ElvisJackpot,0.3,False,0.10152,331.43,,0.03,1777872621
All Pools,AVAX - BLANC,0.3,False,0.09953,22.12,,0.41,1777872621
All Pools,MIM - BLANC,0.3,False,0.09944,8434.38,,0.0,1777872621
All Pools,TOMB - USDC,0.3,False,0.09815,10.74,,0.83,1777872621
All Pools,MIM - USDC,0.3,False,0.09767,76.69,,0.12,1777872621
All Pools,Christmas - Merovingian,0.3,False,0.09712,118.19,,0.07,1777872621
All Pools,Christmas - AVAX,0.3,False,0.09709,251.66,,0.04,1777872621
All Pools,Now - Merovingian,0.3,False,0.09665,70.32,,0.13,1777872621
All Pools,COQ - NOCHILL,0.3,False,0.09625,15.61,,0.56,1777872621
All Pools,TrumpTower - AVAX,0.3,False,0.09599,159.59,,0.05,1777872621
All Pools,TrumpTower - Gravity,0.3,False,0.09598,75.88,,0.12,1777872621
All Pools,JPYC - USDC.e,0.3,False,0.09463,4.799,,1.8,1777872621
All Pools,USDC - XPOW,0.3,False,0.09418,20.42,,0.42,1777872621
All Pools,Psychic - MerryXmas,0.3,False,0.09141,292.75,,0.03,1777872621
All Pools,MerryXmas - AVAX,0.3,False,0.09121,266.24,,0.03,1777872621
All Pools,AVAX - GAU,0.3,False,0.09108,9.271,,0.9,1777872621
All Pools,Trinity - LadyMary,0.3,False,0.09006,11324.0,,,1777872621
All Pools,UNI.e - REDWOLF,0.3,False,0.08945,9.799,,0.83,1777872621
All Pools,AVAX - Nala,0.3,False,0.08882,25.86,,0.31,1777872621
All Pools,MIM - GRAPE,0.3,False,0.08861,2410.33,,0.0,1777872621
All Pools,WLRS - GRAPE,0.3,False,0.08859,78.83,,0.1,1777872621
All Pools,HUSKY - MUG,0.3,False,0.08776,24.56,,0.33,1777872621
All Pools,Psychic - DiamondbackGall,0.3,False,0.08208,318.31,,0.02,1777872621
All Pools,DiamondbackGall - AVAX,0.3,False,0.08191,290.54,,0.03,1777872621
All Pools,PTOP1300 - TOPIA,0.3,False,0.08188,98.18,,0.08,1777872621
All Pools,FLAKE - AVAX,0.3,False,0.08092,21.59,,0.34,1777872621
All Pools,FLAKE - USDT.e,0.3,False,0.08082,51.03,,0.14,1777872621
All Pools,METAG - USDt,0.3,False,0.08019,16.16,,0.45,1777872621
All Pools,Psychic - Serpentarius,0.3,False,0.07995,323.22,,0.02,1777872621
All Pools,Serpentarius - AVAX,0.3,False,0.0798,294.19,,0.02,1777872621
All Pools,LIBRE - USDC.e,0.3,False,0.07868,15.03,,0.48,1777872621
All Pools,BTC.b - REDWOLF,0.3,False,0.07744,121.53,,0.06,1777872621
All Pools,AVAX - SNOB,0.3,False,0.07676,970.92,,0.01,1777872621
All Pools,USDT.e - XAVA,0.3,False,0.07555,11.32,,0.61,1777872621
All Pools,USDt - APOW,0.3,False,0.07549,20.32,,0.34,1777872621
All Pools,COQ - BOOTY,0.3,False,0.07437,10.45,,0.65,1777872621
All Pools,AVAX - STRAW,0.3,False,0.07424,15.94,,0.42,1777872621
All Pools,HEFE - HIGHER,0.3,False,0.07378,0.89664,,7.51,1777872621
All Pools,ALOT - USDC.e,0.3,False,0.07103,9.326,,0.7,1777872621
All Pools,DAI.e - STRAW,0.3,False,0.07095,34.47,,0.19,1777872621
All Pools,Psychic - Stolen,0.3,False,0.06993,86.81,,0.07,1777872621
All Pools,Gil - AVAX,0.3,False,0.06934,17.34,,0.36,1777872621
All Pools,AVAX - BLACK,0.3,False,0.06923,6.131,,1.03,1777872621
All Pools,Mungo - AVAX,0.3,False,0.06843,41.44,,0.15,1777872621
All Pools,DéjàVu - Mungo,0.3,False,0.06835,184.23,,0.03,1777872621
All Pools,YEEHAW - USDC,0.3,False,0.06757,12.86,,0.48,1777872621
All Pools,Blue - AVAX,0.3,False,0.06687,265.14,,0.02,1777872621
All Pools,UST - USDC,0.3,False,0.06655,4.388,,1.38,1777872621
All Pools,HIGHER - AVAX,0.3,False,0.06647,1.872,,3.24,1777872621
All Pools,Gil - DAI.e,0.3,False,0.06626,28.69,,0.21,1777872621
All Pools,SLIME - AVAX,0.3,False,0.0659,22020.0,,,1777872621
All Pools,SLIME - USDt,0.3,False,0.06585,7.426,,0.81,1777872621
All Pools,TruthClosure - BLACK,0.3,False,0.06525,26.18,,0.23,1777872621
All Pools,AMI - TOPIA,0.3,False,0.06511,227.5,,0.03,1777872621
All Pools,GAS - AVAX,0.3,False,0.06444,233.53,,0.03,1777872621
All Pools,Go - AVAX,0.3,False,0.06427,140.98,,0.04,1777872621
All Pools,BANKSY - AVAX,0.3,False,0.06419,23.69,,0.25,1777872621
All Pools,BANKSY - USDC.e,0.3,False,0.06414,31.61,,0.19,1777872621
All Pools,COQ - OX,0.3,False,0.06401,12204.0,,,1777872621
All Pools,SOB - LUNA,0.3,False,0.06387,1.342,,4.34,1777872621
All Pools,AVAX - NEMO,0.3,False,0.06222,7.867,,0.72,1777872621
All Pools,USDt - NEMO,0.3,False,0.06217,97.0,,0.06,1777872621
All Pools,FollowTheWhiteRabbit - RoselineBloodline,0.3,False,0.06214,41.62,,0.14,1777872621
All Pools,Light - AVAX,0.3,False,0.06184,90.25,,0.06,1777872621
All Pools,USDC - AMI,0.3,False,0.06178,0.67549,,8.35,1777872621
All Pools,Light - Now,0.3,False,0.0617,916.04,,0.01,1777872621
All Pools,Yellow - AVAX,0.3,False,0.06163,265.76,,0.02,1777872621
All Pools,JOE - ZABU,0.3,False,0.05913,18.7,,0.29,1777872621
All Pools,REDWOLF - SHRAP,0.3,False,0.05913,1.163,,4.64,1777872621
All Pools,FITFI - USDC,0.3,False,0.05865,0.45764,,11.69,1777872621
All Pools,BTC.b - USDC,0.3,False,0.05811,4.708,,1.13,1777872621
All Pools,Anon - AVAX,0.3,False,0.05801,14.24,,0.37,1777872621
All Pools,Gravity - TheGospelOfMary,0.3,False,0.05701,34.38,,0.15,1777872621
All Pools,AVAX - SantaGospel,0.3,False,0.05688,134.71,,0.04,1777872621
All Pools,MaryMagdalene - RoselineBloodline,0.3,False,0.05595,46.66,,0.11,1777872621
All Pools,Chrism - ChristMark,0.3,False,0.05587,181.85,,0.03,1777872621
All Pools,MELT - USDT.e,0.3,False,0.05524,31.04,,0.16,1777872621
All Pools,Gravity - NaughtiusMaximus,0.3,False,0.05498,5.077,,0.99,1777872621
All Pools,MELT - USDC.e,0.3,False,0.05469,31.39,,0.16,1777872621
All Pools,HEFE - Always,0.3,False,0.05398,0.87319,,5.64,1777872621
All Pools,wsOHM - USDC.e,0.3,False,0.05364,42.63,,0.11,1777872621
All Pools,Psychic - Blue,0.3,False,0.05295,83.19,,0.06,1777872621
All Pools,MIM - AUSD,0.3,False,0.0525,35.33,,0.14,1777872621
All Pools,Psychic - Yellow,0.3,False,0.05201,83.29,,0.06,1777872621
All Pools,AMI - JUICY,0.3,False,0.05198,0.93189,,5.09,1777872621
All Pools,Sanskrit - AVAX,0.3,False,0.05151,90.36,,0.05,1777872621
All Pools,Sanskrit - Now,0.3,False,0.0514,917.25,,0.01,1777872621
All Pools,MIM - DAI.e,0.3,False,0.05118,52.16,,0.09,1777872621
All Pools,AVAX - Mentor,0.3,False,0.0494,89.96,,0.05,1777872621
All Pools,Now - Mentor,0.3,False,0.04934,913.63,,0.0,1777872621
All Pools,bECH - AVAX,0.3,False,0.0486,21.95,,0.2,1777872621
All Pools,Stolen - AVAX,0.3,False,0.04833,17.85,,0.25,1777872621
All Pools,Who - AVAX,0.3,False,0.04787,140.11,,0.03,1777872621
All Pools,CNR - USDt,0.3,False,0.04765,4.906,,0.89,1777872621
All Pools,CNR - USDC,0.3,False,0.04721,4.891,,0.88,1777872621
All Pools,Silver - AVAX,0.3,False,0.04712,88.8,,0.05,1777872621
All Pools,Silver - Now,0.3,False,0.04703,917.66,,0.0,1777872621
All Pools,MIM - SPELL,0.3,False,0.04614,7.653,,0.55,1777872621
All Pools,LoveIsTheKey - AVAX,0.3,False,0.04608,15.07,,0.28,1777872621
All Pools,Psychic - Nala,0.3,False,0.04504,271.44,,0.02,1777872621
All Pools,AVAX - All,0.3,False,0.04472,295.49,,0.01,1777872621
All Pools,Psychic - All,0.3,False,0.04464,323.51,,0.01,1777872621
All Pools,Trinity - Nala,0.3,False,0.04388,41.2,,0.1,1777872621
All Pools,Psychic - Chrism,0.3,False,0.04345,64.64,,0.06,1777872621
All Pools,WETH.e - yyAVAX,0.3,False,0.04323,19.67,,0.2,1777872621
All Pools,WDAO - AVAX,0.3,False,0.04315,19.93,,0.2,1777872621
All Pools,WDAO - MIM,0.3,False,0.0431,23.63,,0.17,1777872621
All Pools,METAG - USDT.e,0.3,False,0.04246,49.63,,0.08,1777872621
All Pools,MAJIN - AVAX,0.3,False,0.04216,4450.01,,,1777872621
All Pools,TruthClosure - AVAX,0.3,False,0.04213,11.7,,0.33,1777872621
All Pools,Apollyon - AVAX,0.3,False,0.04211,36.67,,0.1,1777872621
All Pools,Apollyon - LuciferMorningstar,0.3,False,0.04206,235196665.0,,,1777872621
All Pools,BTC.b - MU,0.3,False,0.04147,11.48,,0.33,1777872621
All Pools,wMEMO - MIM,0.3,False,0.04138,20.77,,0.18,1777872621
All Pools,Trinity - Stolen,0.3,False,0.04098,30.11,,0.12,1777872621
All Pools,wMEMO - AVAX,0.3,False,0.04042,13.94,,0.26,1777872621
All Pools,gOHM - wsOHM,0.3,False,0.04012,38.67,,0.09,1777872621
All Pools,COQ - JUICY,0.3,False,0.03994,0.70822,,5.15,1777872621
All Pools,NOCHILL - KET,0.3,False,0.03987,16.96,,0.21,1777872621
All Pools,GG - AVAX,0.3,False,0.03951,12.52,,0.29,1777872621
All Pools,MIM - GG,0.3,False,0.03945,23.58,,0.15,1777872621
All Pools,DUO - USDT.e,0.3,False,0.03915,7.378,,0.48,1777872621
All Pools,AVAX - GG,0.3,False,0.03876,9.574,,0.37,1777872621
All Pools,LoveYou - Gravity,0.3,False,0.03873,57.31,,0.06,1777872621
All Pools,LoveYou - AVAX,0.3,False,0.03873,62.03,,0.06,1777872621
All Pools,MIM - GG,0.3,False,0.0387,294.36,,0.01,1777872621
All Pools,AVAX - LYLY,0.3,False,0.03863,72.07,,0.05,1777872621
All Pools,QI - LYLY,0.3,False,0.03855,2.716,,1.3,1777872621
All Pools,Necromancer - AVAX,0.3,False,0.03845,90.23,,0.04,1777872621
All Pools,Now - Necromancer,0.3,False,0.03837,915.97,,0.0,1777872621
All Pools,USDC - WSPP,0.3,False,0.03836,44.13,,0.08,1777872621
All Pools,WBTC.e - USDC.e,0.3,False,0.03809,9.03,,0.38,1777872621
All Pools,AVAX - ETH,0.3,False,0.03807,16.74,,0.21,1777872621
All Pools,USDC - MXNB,0.3,False,0.03766,27.43,,0.13,1777872621
All Pools,RUGPULL - MUG,0.3,False,0.03764,185.53,,0.02,1777872621
All Pools,FollowTheWhiteRabbit - StatueOfLiberty,0.3,False,0.03761,512.7,,0.01,1777872621
All Pools,StatueOfLiberty - AVAX,0.3,False,0.0376,14.81,,0.23,1777872621
All Pools,Psychic - Who,0.3,False,0.03677,74.84,,0.04,1777872621
All Pools,Gravity - ChristMark,0.3,False,0.0363,15.63,,0.21,1777872621
All Pools,AVAX - WOLF,0.3,False,0.03624,75.41,,0.04,1777872621
All Pools,USDC.e - WOLF,0.3,False,0.0362,8.89,,0.37,1777872621
All Pools,Void - AVAX,0.3,False,0.0361,88.57,,0.04,1777872621
All Pools,Psychic - Go,0.3,False,0.03609,74.59,,0.04,1777872621
All Pools,Void - Now,0.3,False,0.03603,919.12,,0.0,1777872621
All Pools,Four - AVAX,0.3,False,0.03542,74.85,,0.04,1777872621
All Pools,AVAX - Strength,0.3,False,0.03522,141.96,,0.02,1777872621
All Pools,Psychic - ArniStitch,0.3,False,0.03501,317.91,,0.01,1777872621
All Pools,AVAX - TMT,0.3,False,0.035,7.203,,0.44,1777872621
All Pools,ArniStitch - AVAX,0.3,False,0.03495,288.29,,0.01,1777872621
All Pools,USDT.e - TMT,0.3,False,0.03495,26.25,,0.12,1777872621
All Pools,MELT - AVAX,0.3,False,0.03473,1156.69,,0.0,1777872621
All Pools,MELT - USDC.e,0.3,False,0.0347,7.123,,0.44,1777872621
All Pools,DrainTheSwamp - AVAX,0.3,False,0.03457,37.75,,0.08,1777872621
All Pools,SURE - AVAX,0.3,False,0.03438,7.265,,0.43,1777872621
All Pools,meGNX - AVAX,0.3,False,0.03416,17.68,,0.18,1777872621
All Pools,Chrism - BLACK,0.3,False,0.03389,2.42,,1.28,1777872621
All Pools,AVAX - MUG,0.3,False,0.03365,356.32,,0.01,1777872621
All Pools,WINK - NOCHILL,0.3,False,0.03289,1.022,,2.93,1777872621
All Pools,AVAX - NADO,0.3,False,0.03266,7.868,,0.38,1777872621
All Pools,MIM - NADO,0.3,False,0.03262,1172.15,,0.0,1777872621
All Pools,MPL - AVAX,0.3,False,0.03257,6.222,,0.48,1777872621
All Pools,FITFI - USDC.e,0.3,False,0.03255,0.24642,,12.05,1777872621
All Pools,MPL - USDt,0.3,False,0.03255,30.78,,0.1,1777872621
All Pools,JOE - ZUBAX,0.3,False,0.03249,9.203,,0.32,1777872621
All Pools,SMRT - XAVA,0.3,False,0.03242,2.911,,1.02,1777872621
All Pools,LoveIsTheKey - BLACK,0.3,False,0.03218,7.992,,0.37,1777872621
All Pools,GOOD - GAINS,0.3,False,0.03192,3.787,,0.77,1777872621
All Pools,GOOD - AVAX,0.3,False,0.03177,153.8,,0.02,1777872621
All Pools,LINK.e - MU,0.3,False,0.03125,7.522,,0.38,1777872621
All Pools,ICUBE - AVAX,0.3,False,0.03105,6.452,,0.44,1777872621
All Pools,LIFE - AVAX,0.3,False,0.03104,7.347,,0.39,1777872621
All Pools,ICUBE - USDT.e,0.3,False,0.03101,108.96,,0.03,1777872621
All Pools,MIM - LIFE,0.3,False,0.03099,67.51,,0.04,1777872621
All Pools,KLO - USDT.e,0.3,False,0.03042,5.679,,0.49,1777872621
All Pools,BLUB - AVAX,0.0,False,0.02976,48.19,0.0,0.0,1777872621
All Pools,USDR - USDC,0.3,False,0.02975,41.03,,0.07,1777872621
All Pools,Psychic - SantaGospel,0.3,False,0.02909,74.3,,0.04,1777872621
All Pools,ELE - AVAX,0.3,False,0.02903,125.73,,0.02,1777872621
All Pools,NineHundred - AVAX,0.3,False,0.02897,140.43,,0.02,1777872621
All Pools,LIRA - AVAX,0.3,False,0.02893,13.23,,0.2,1777872621
All Pools,COQ - AMI,0.3,False,0.02885,14.28,,0.18,1777872621
All Pools,AVAX - Propriety,0.3,False,0.02874,90.12,,0.03,1777872621
All Pools,Now - Propriety,0.3,False,0.02869,916.68,,0.0,1777872621
All Pools,Yellow - BLACK,0.3,False,0.02834,4.868,,0.53,1777872621
All Pools,Go - BLACK,0.3,False,0.02825,4.854,,0.53,1777872621
All Pools,Hydrogen - AVAX,0.3,False,0.02814,265.09,,0.01,1777872621
All Pools,NaughtiusMaximus - Seventeen,0.3,False,0.02793,856.47,,0.0,1777872621
All Pools,BLACK - SantaGospel,0.3,False,0.02785,4.822,,0.53,1777872621
All Pools,WINK - MU,0.3,False,0.02783,0.52595,,4.83,1777872621
All Pools,MaryMagdalene - LadyMary,0.3,False,0.02765,17.49,,0.14,1777872621
All Pools,AVAX - √Root,0.3,False,0.02762,90.31,,0.03,1777872621
All Pools,Now - √Root,0.3,False,0.02757,916.6,,0.0,1777872621
All Pools,Strength - BLACK,0.3,False,0.02729,4.86,,0.51,1777872621
All Pools,Stolen - BLACK,0.3,False,0.02693,5.471,,0.45,1777872621
All Pools,AVAX - WSPP,0.3,False,0.02692,3.01,,0.82,1777872621
All Pools,USDC - LODE,0.3,False,0.02689,881.47,,0.0,1777872621
All Pools,NOCHILL - AMI,0.3,False,0.02648,6.256,,0.39,1777872621
All Pools,KrisKringle - Gravity,0.3,False,0.02626,78.09,,0.03,1777872621
All Pools,KrisKringle - AVAX,0.3,False,0.02625,26.23,,0.09,1777872621
All Pools,Blue - BLACK,0.3,False,0.0262,4.916,,0.49,1777872621
All Pools,Who - BLACK,0.3,False,0.02609,4.833,,0.49,1777872621
All Pools,Trinity - Sinterklaas,0.3,False,0.02607,26.27,,0.09,1777872621
All Pools,AVAX - Sinterklaas,0.3,False,0.02607,140.12,,0.02,1777872621
All Pools,AVAX - IMPACT,0.3,False,0.02572,6.334,,0.37,1777872621
All Pools,Hydrogen - BLACK,0.3,False,0.02557,4.913,,0.47,1777872621
All Pools,Orange - BLACK,0.3,False,0.02552,4.147,,0.56,1777872621
All Pools,NineHundred - BLACK,0.3,False,0.02544,4.849,,0.48,1777872621
All Pools,QI - REDWOLF,0.3,False,0.02536,1.603,,1.44,1777872621
All Pools,Gravity - HustleTappers,0.3,False,0.02526,24.13,,0.1,1777872621
All Pools,AVAX - HustleTappers,0.3,False,0.02525,55.75,,0.04,1777872621
All Pools,ORNG - JUICE,0.3,False,0.02513,2.753,,0.83,1777872621
All Pools,wALGO - AVAX,0.3,False,0.02499,164.6,,0.01,1777872621
All Pools,wALGO - USDC,0.3,False,0.02495,2.849,,0.8,1777872621
All Pools,OH - AVAX,0.3,False,0.02492,94.82,,0.02,1777872621
All Pools,AVAX - EROL,0.0,False,0.02487,74.84,0.0,0.0,1777872621
All Pools,MEOW - AVAX,0.3,False,0.02397,10688.0,,,1777872621
All Pools,SOB - AVAX,0.3,False,0.02392,559.12,,0.0,1777872621
All Pools,AVAX - Ouroboros,0.3,False,0.02387,21.8,,0.1,1777872621
All Pools,WhollySphere - Gravity,0.3,False,0.02358,23.01,,0.09,1777872621
All Pools,WhollySphere - AVAX,0.3,False,0.02357,50.95,,0.04,1777872621
All Pools,Gravity - McdonaldTrouped,0.3,False,0.02344,22.99,,0.09,1777872621
All Pools,McdonaldTrouped - AVAX,0.3,False,0.02343,50.88,,0.04,1777872621
All Pools,AVAX - GOT,0.3,False,0.02327,5.333,,0.4,1777872621
All Pools,USDT.e - GOT,0.3,False,0.02324,12.96,,0.16,1777872621
All Pools,SBR - AVAX,0.3,False,0.02324,7.416,,0.29,1777872621
All Pools,MIM - SBR,0.3,False,0.0232,40.04,,0.05,1777872621
All Pools,Wingdings - Gravity,0.3,False,0.02318,21.98,,0.1,1777872621
All Pools,Wingdings - AVAX,0.3,False,0.02318,51.02,,0.04,1777872621
All Pools,FollowTheWhiteRabbit - TruthClosure,0.3,False,0.02314,46.19,,0.05,1777872621
All Pools,MAJIN - MU,0.3,False,0.02277,4.65,,0.45,1777872621
All Pools,AVAX - Teste,0.3,False,0.02274,89.44,,0.02,1777872621
All Pools,AAVE.e - meGNX,0.3,False,0.02271,4.096,,0.51,1777872621
All Pools,Now - Teste,0.3,False,0.0227,919.43,,0.0,1777872621
All Pools,DrainTheSwamp - Gravity,0.3,False,0.02254,22.67,,0.09,1777872621
All Pools,UST - UST,0.3,False,0.02233,1.856,,1.1,1777872621
All Pools,USDC.e - RUG,0.3,False,0.02228,25.23,,0.08,1777872621
All Pools,AVAX - BOREA,0.3,False,0.02212,6.767,,0.3,1777872621
All Pools,USDT.e - BOREA,0.3,False,0.02209,26.71,,0.08,1777872621
All Pools,BTC.b - GMX,0.3,False,0.02206,1.568,,1.28,1777872621
All Pools,AVAX - SPADE,0.3,False,0.02181,6.158,,0.32,1777872621
All Pools,USDC.e - SPADE,0.3,False,0.02179,16.34,,0.12,1777872621
All Pools,GRELF[ava] - AVAX,0.3,False,0.02171,1160.6,,0.0,1777872621
All Pools,GURS - ARENA,0.3,False,0.02171,7.399,,0.27,1777872621
All Pools,HIGHER - AMI,0.3,False,0.02147,3.341,,0.59,1777872621
All Pools,AVAX - Always,0.3,False,0.0208,0.59606,,3.18,1777872621
All Pools,ACS - AVAX,0.3,False,0.02049,211.83,,0.01,1777872621
All Pools,Psychic - NeatestQuackery,0.3,False,0.02046,318.75,,0.01,1777872621
All Pools,NeatestQuackery - AVAX,0.3,False,0.02043,288.68,,0.01,1777872621
All Pools,CodexKennyMin - AVAX,0.3,False,0.02023,25.1,,0.07,1777872621
All Pools,CodexKennyMin - FollowTheWhiteRabbit,0.3,False,0.02023,22.02,,0.08,1777872621
All Pools,JOE - QI,0.3,False,0.02016,0.95475,,1.93,1777872621
All Pools,GMX - USDC,0.3,False,0.02005,0.90858,,2.01,1777872621
All Pools,AVAX - SwiftTaylor,0.3,False,0.01992,14.74,,0.12,1777872621
All Pools,CNR - AVAX,0.3,False,0.01989,62.66,,0.03,1777872621
All Pools,FatherChristmas - AVAX,0.3,False,0.01983,53.83,,0.03,1777872621
All Pools,FatherChristmas - Gravity,0.3,False,0.01979,21.93,,0.08,1777872621
All Pools,Satoshi - Gravity,0.3,False,0.01975,55.19,,0.03,1777872621
All Pools,Satoshi - AVAX,0.3,False,0.01974,19.2,,0.09,1777872621
All Pools,MUMO - USDC,0.3,False,0.01967,8.281,,0.22,1777872621
All Pools,Gravity - Vaccinations,0.3,False,0.01963,61.97,,0.03,1777872621
All Pools,AVAX - Vaccinations,0.3,False,0.01963,18.45,,0.1,1777872621
All Pools,Gravity - Nakamoto,0.3,False,0.01954,62.13,,0.03,1777872621
All Pools,Nakamoto - AVAX,0.3,False,0.01954,18.46,,0.1,1777872621
All Pools,MerryChristmas - Gravity,0.3,False,0.01913,62.18,,0.03,1777872621
All Pools,MerryChristmas - AVAX,0.3,False,0.01913,18.49,,0.09,1777872621
All Pools,BTC.b - MUMO,0.3,False,0.0191,4.854,,0.36,1777872621
All Pools,XIO - AVAX,0.3,False,0.01898,2.835,,0.61,1777872621
All Pools,XIO - USDC,0.3,False,0.01895,24.55,,0.07,1777872621
All Pools,QI - USDC.e,0.3,False,0.0183,0.81588,,2.05,1777872621
All Pools,PNG - REDWOLF,0.3,False,0.01824,4.311,,0.39,1777872621
All Pools,KIWI - USDt,0.3,False,0.01819,20.55,,0.08,1777872621
All Pools,GAINS - MEAT,0.3,False,0.0181,0.9925,,1.66,1777872621
All Pools,RUG - USDT.e,0.3,False,0.01806,14.96,,0.11,1777872621
All Pools,ACS - USDC.e,0.3,False,0.01792,5.397,,0.3,1777872621
All Pools,Four - Found,0.3,False,0.01773,1847.7,,,1777872621
All Pools,Milk - AVAX,0.3,False,0.01753,6.742,,0.24,1777872621
All Pools,Milk - USDT.e,0.3,False,0.01749,14.59,,0.11,1777872621
All Pools,ILoveYouWordSpell - AVAX,0.3,False,0.01745,18.32,,0.09,1777872621
All Pools,ILoveYouWordSpell - Gravity,0.3,False,0.01744,102.48,,0.02,1777872621
All Pools,SodomAndGomorrah - AVAX,0.3,False,0.01741,19.33,,0.08,1777872621
All Pools,Trinity - SodomAndGomorrah,0.3,False,0.0174,22.8,,0.07,1777872621
All Pools,Psychic - NineHundred,0.3,False,0.01735,74.03,,0.02,1777872621
All Pools,BENIS - NOCHILL,0.3,False,0.01722,4.957,,0.32,1777872621
All Pools,WalkTheWalkNowJesus - Gravity,0.3,False,0.01719,25.49,,0.06,1777872621
All Pools,WalkTheWalkNowJesus - AVAX,0.3,False,0.01719,24.93,,0.06,1777872621
All Pools,USDt - IMPACT,0.3,False,0.01707,3.368,,0.46,1777872621
All Pools,AAVE.e - USDT.e,0.3,False,0.01692,2.619,,0.59,1777872621
All Pools,Psychic - Hydrogen,0.3,False,0.0165,83.54,,0.02,1777872621
All Pools,AVAX - LookingGlass,0.3,False,0.01639,16.32,,0.09,1777872621
All Pools,Gravity - LookingGlass,0.3,False,0.01635,184.87,,0.01,1777872621
All Pools,BNZ - WINK,0.3,False,0.01626,0.4793,,3.1,1777872621
All Pools,REDWOLF - ODDZ,0.3,False,0.0162,1.552,,0.95,1777872621
All Pools,Trinity - FourFourFour,0.3,False,0.01607,5.022,,0.29,1777872621
All Pools,3ULL - AVAX,0.3,False,0.01604,48.07,,0.03,1777872621
All Pools,USDT.e - AVVO,0.3,False,0.01577,4.072,,0.35,1777872621
All Pools,WETH.e - MU,0.3,False,0.01568,2.088,,0.69,1777872621
All Pools,Trinity - Yeshua,0.3,False,0.01563,34.78,,0.04,1777872621
All Pools,AVAX - Yeshua,0.3,False,0.01562,29.5,,0.05,1777872621
All Pools,AVAX - BAVA,0.3,False,0.01543,11.58,,0.12,1777872621
All Pools,MU - COQAI,0.3,False,0.01521,6.613,,0.21,1777872621
All Pools,NOCHILL - REDWOLF,0.3,False,0.01508,3.616,,0.38,1777872621
All Pools,WETH.e - USDR,0.3,False,0.01485,2.821,,0.48,1777872621
All Pools,GAINS - COQ,0.3,False,0.01472,2.032,,0.66,1777872621
All Pools,GAINS - BOBS,0.3,False,0.01456,2.248,,0.59,1777872621
All Pools,AVAX - BOBS,0.3,False,0.01451,5498.65,,,1777872621
All Pools,SUB - AVAX,0.3,False,0.01422,21.14,,0.06,1777872621
All Pools,Yule - Seventeen,0.3,False,0.01393,272.75,,0.0,1777872621
All Pools,LoveIsTheKey - FollowTheWhiteRabbit,0.3,False,0.01391,65.0,,0.02,1777872621
All Pools,AVAX - Wormwood,0.3,False,0.0138,17.15,,0.07,1777872621
All Pools,Gravity - Wormwood,0.3,False,0.0138,15.43,,0.08,1777872621
All Pools,AVAX - SantaClaus,0.3,False,0.01372,24.83,,0.05,1777872621
All Pools,Gravity - SantaClaus,0.3,False,0.01371,11.93,,0.1,1777872621
All Pools,XAVA - HON,0.3,False,0.01354,1.89,,0.65,1777872621
All Pools,AVAX - LoveWins,0.3,False,0.01352,7.83,,0.16,1777872621
All Pools,FollowTheWhiteRabbit - LoveWins,0.3,False,0.01352,152.34,,0.01,1777872621
All Pools,AVAX - TT,0.3,False,0.01346,1.954,,0.63,1777872621
All Pools,MIM - RUG,0.3,False,0.01335,23.2,,0.05,1777872621
All Pools,AVAX - USDR,0.3,False,0.01328,2.996,,0.4,1777872621
All Pools,Gravity - Ouroboros,0.3,False,0.01324,30.53,,0.04,1777872621
All Pools,AVAX - EROL,0.3,False,0.01319,39.51,,0.03,1777872621
All Pools,ChristMark - ChristIAmYou,0.3,False,0.01294,26.53,,0.04,1777872621
All Pools,Trinity - SwiftTaylor,0.3,False,0.01292,17.81,,0.07,1777872621
All Pools,SHERPA - AVAX,0.3,False,0.01287,132.09,,0.01,1777872621
All Pools,AVAX - GrinchKidAfflict,0.3,False,0.01267,43.54,,0.03,1777872621
All Pools,XOMB - AVAX,0.3,False,0.01267,21.88,,0.05,1777872621
All Pools,ValentinMidwifes - Gravity,0.3,False,0.01267,39.13,,0.03,1777872621
All Pools,Gravity - GrinchKidAfflict,0.3,False,0.01266,9.156,,0.13,1777872621
All Pools,XOMB - USDT.e,0.3,False,0.01265,2.448,,0.47,1777872621
All Pools,aDXN - AVAX,0.3,False,0.01258,3.675,,0.31,1777872621
All Pools,GAINS - Degen,0.3,False,0.01254,2.033,,0.56,1777872621
All Pools,WOLF - AVAX,0.3,False,0.01251,71.81,,0.02,1777872621
All Pools,Degen - AVAX,0.3,False,0.0125,2009.86,,,1777872621
All Pools,WOLF - USDT.e,0.3,False,0.01249,4.114,,0.28,1777872621
All Pools,TRYB - USDC.e,0.3,False,0.01221,31.37,,0.04,1777872621
All Pools,DrainTheSwamp - FollowTheWhiteRabbit,0.3,False,0.01203,11.05,,0.1,1777872621
All Pools,USDC.e - UST,0.3,False,0.012,1.736,,0.63,1777872621
All Pools,AVAX - iBONE,0.3,False,0.01197,5.507,,0.2,1777872621
All Pools,USDT.e - iBONE,0.3,False,0.01194,4.861,,0.22,1777872621
All Pools,BSGG - AVAX,0.3,False,0.01174,3.908,,0.27,1777872621
All Pools,BGLD - AVAX,0.3,False,0.01171,4.443,,0.24,1777872621
All Pools,3ULL - USDt,0.3,False,0.01169,2.544,,0.42,1777872621
All Pools,BGLD - USDT.e,0.3,False,0.01168,17.11,,0.06,1777872621
All Pools,MU - SOL,0.3,False,0.01161,1.336,,0.79,1777872621
All Pools,ARA - AVAX,0.3,False,0.01154,2.883,,0.37,1777872621
All Pools,WETH.e - meGNX,0.3,False,0.01149,6.702,,0.16,1777872621
All Pools,AVAX - OK,0.3,False,0.0113,1.981,,0.52,1777872621
All Pools,AVAX - QUASI,0.3,False,0.01123,590.3,,0.0,1777872621
All Pools,GAINS - QUASI,0.3,False,0.01118,1.407,,0.73,1777872621
All Pools,Wormhole - AVAX,0.3,False,0.01116,104.37,,0.01,1777872621
All Pools,Trinity - Wormhole,0.3,False,0.01115,6.222,,0.16,1777872621
All Pools,COQ - MEAT,0.3,False,0.01109,0.71542,,1.41,1777872621
All Pools,Orem - AVAX,0.3,False,0.01095,104.47,,0.01,1777872621
All Pools,Trinity - Orem,0.3,False,0.01094,6.227,,0.16,1777872621
All Pools,TickTock - AVAX,0.3,False,0.01076,90.27,,0.01,1777872621
All Pools,TickTock - Now,0.3,False,0.01074,916.42,,0.0,1777872621
All Pools,USDC - OK,0.3,False,0.01056,1.198,,0.8,1777872621
All Pools,AVAX - DWC,0.3,False,0.01053,6093.49,,,1777872621
All Pools,HIGHER - HOWDY,0.3,False,0.0105,1.53,,0.63,1777872621
All Pools,Psychic - Turtle,0.3,False,0.01041,62.33,,0.02,1777872621
All Pools,AVAX - NORTH,0.3,False,0.01039,2.141,,0.44,1777872621
All Pools,USDT.e - NORTH,0.3,False,0.01037,26.89,,0.04,1777872621
All Pools,AVAX - MUG,0.3,False,0.00989,1.221,,0.74,1777872621
All Pools,DivineFeminine - ValentinMidwifes,0.3,False,0.00987,41.25,,0.02,1777872621
All Pools,AVAX - LODE,0.3,False,0.00985,1.033,,0.87,1777872621
All Pools,ZH - JOE,0.3,False,0.00973,2.838,,0.31,1777872621
All Pools,COQ - MU,0.3,False,0.00968,4.59,,0.19,1777872621
All Pools,Psychic - Numbers,0.3,False,0.00963,62.32,,0.01,1777872621
All Pools,LUNA - USDC,0.3,False,0.00957,1.415,,0.62,1777872621
All Pools,Psychic - Luck,0.3,False,0.00952,62.33,,0.01,1777872621
All Pools,Psychic - Mirror,0.3,False,0.00949,62.29,,0.01,1777872621
All Pools,AVAX - WOHM,0.3,False,0.00917,3.426,,0.24,1777872621
All Pools,WOLF - AVAX,0.3,False,0.00915,43794.0,,,1777872621
All Pools,MIM - WOHM,0.3,False,0.00915,86.72,,0.01,1777872621
All Pools,XETA - AVAX,0.3,False,0.00865,0.24828,,3.18,1777872621
All Pools,BTC.b - IMPACT,0.3,False,0.00862,0.63805,,1.23,1777872621
All Pools,WOLF - MU,0.3,False,0.0086,5.227,,0.15,1777872621
All Pools,KIMBO - GAINS,0.3,False,0.00855,1.377,,0.57,1777872621
All Pools,SYN - USDC.e,0.3,False,0.00854,1.223,,0.64,1777872621
All Pools,KOKSAL - AVAX,0.3,False,0.00849,3.566,,0.22,1777872621
All Pools,KOKSAL - USDC,0.3,False,0.00847,4.791,,0.16,1777872621
All Pools,AVAX - COSMIC,0.3,False,0.00836,1.261,,0.61,1777872621
All Pools,USDC - COSMIC,0.3,False,0.00835,54.54,,0.01,1777872621
All Pools,WETH.e - STATIK,0.3,False,0.00834,1.38,,0.55,1777872621
All Pools,Psychic - Bonfire,0.3,False,0.00831,62.32,,0.01,1777872621
All Pools,JOE - USDt,0.3,False,0.00828,0.84483,,0.89,1777872621
All Pools,MEAT - MU,0.3,False,0.00823,0.50191,,1.5,1777872621
All Pools,AVAX - DUA,0.3,False,0.00812,2.093,,0.35,1777872621
All Pools,DUA - USDC,0.3,False,0.00809,11.65,,0.06,1777872621
All Pools,Psychic - WhoWhoWho,0.3,False,0.00805,62.29,,0.01,1777872621
All Pools,Psychic - Thick,0.3,False,0.00797,62.3,,0.01,1777872621
All Pools,SatoshiNakamoto - Psychic,0.3,False,0.00795,62.32,,0.01,1777872621
All Pools,Psychic - Strength,0.3,False,0.00794,75.33,,0.01,1777872621
All Pools,Psychic - Alphabet,0.3,False,0.00793,62.33,,0.01,1777872621
All Pools,Psychic - Oracle,0.3,False,0.00791,62.32,,0.01,1777872621
All Pools,XPOW - AVAX,0.3,False,0.00782,121.25,,0.01,1777872621
All Pools,XPOW - USDt,0.3,False,0.00781,1.41,,0.51,1777872621
All Pools,Psychic - Codes,0.3,False,0.00777,62.33,,0.01,1777872621
All Pools,Psychic - PennyTrinity,0.3,False,0.00776,62.34,,0.01,1777872621
All Pools,Psychic - Penny,0.3,False,0.00771,62.32,,0.01,1777872621
All Pools,RUGPULL - AVAX,0.3,False,0.00768,2.974,,0.24,1777872621
All Pools,AprilFoolsDay - AVAX,0.3,False,0.00768,104.3,,0.01,1777872621
All Pools,Trinity - AprilFoolsDay,0.3,False,0.00767,6.248,,0.11,1777872621
All Pools,AVAX - AXIAL,0.3,False,0.00764,1040.71,,,1777872621
All Pools,LUNA - USDt,0.3,False,0.00763,1.34,,0.52,1777872621
All Pools,Psychic - Verse,0.3,False,0.00752,62.29,,0.01,1777872621
All Pools,Eye - Psychic,0.3,False,0.00751,62.32,,0.01,1777872621
All Pools,Psychic - Gematria,0.3,False,0.00744,62.33,,0.01,1777872621
All Pools,KOVIN - AVAX,0.3,False,0.00735,3223.49,,,1777872621
All Pools,BENIS - AVAX,0.3,False,0.00734,15.57,,0.04,1777872621
All Pools,NOCHILL - MU,0.3,False,0.00729,2.234,,0.3,1777872621
All Pools,AUSD - HUSKY,0.3,False,0.00726,0.76655,,0.86,1777872621
All Pools,HCT - AVAX,0.3,False,0.00724,3.414,,0.19,1777872621
All Pools,Psychic - Crypt,0.3,False,0.00724,62.28,,0.01,1777872621
All Pools,Psychic - OneOneOne,0.3,False,0.00718,62.32,,0.01,1777872621
All Pools,Psychic - Architect,0.3,False,0.00716,62.32,,0.01,1777872621
All Pools,Psychic - daVinci,0.3,False,0.00714,62.32,,0.01,1777872621
All Pools,Psychic - Gematria,0.3,False,0.00713,62.33,,0.01,1777872621
All Pools,Psychic - RefZip,0.3,False,0.00712,62.32,,0.01,1777872621
All Pools,Psychic - Finish,0.3,False,0.00711,62.28,,0.01,1777872621
All Pools,Psychic - Qubit,0.3,False,0.0071,62.28,,0.01,1777872621
All Pools,Psychic - Blessings,0.3,False,0.00708,62.29,,0.01,1777872621
All Pools,Psychic - Solved,0.3,False,0.00708,62.32,,0.01,1777872621
All Pools,Psychic - IAmThatIAm,0.3,False,0.00706,62.33,,0.01,1777872621
All Pools,Psychic - Confusion,0.3,False,0.00705,62.32,,0.01,1777872621
All Pools,AVAX - GematrixDotOrg,0.3,False,0.00705,16.74,,0.04,1777872621
All Pools,Gravity - GematrixDotOrg,0.3,False,0.00703,13.03,,0.05,1777872621
All Pools,Psychic - TwinFlames,0.3,False,0.00703,63.03,,0.01,1777872621
All Pools,NotBrideOfChrist - AVAX,0.3,False,0.00702,69.6,,0.01,1777872621
All Pools,SaintGermain - BLACK,0.3,False,0.00701,2.532,,0.25,1777872621
All Pools,NotBrideOfChrist - SwiftTaylor,0.3,False,0.00701,52.12,,0.01,1777872621
All Pools,TokenZ - AVAX,0.3,False,0.007,2.43,,0.26,1777872621
All Pools,Psychic - TrumpCard,0.3,False,0.00699,62.34,,0.01,1777872621
All Pools,TokenZ - USDC,0.3,False,0.00698,3.81,,0.17,1777872621
All Pools,Choice - Psychic,0.3,False,0.00698,62.29,,0.01,1777872621
All Pools,Psychic - YouAndI,0.3,False,0.00694,62.32,,0.01,1777872621
All Pools,AVAX - TUSK,0.3,False,0.00691,2.522,,0.25,1777872621
All Pools,Loyalty - Psychic,0.3,False,0.00686,62.28,,0.01,1777872621
All Pools,HOWDY - AVAX,0.3,False,0.00686,21377.0,,,1777872621
All Pools,STOMB - AVAX,0.3,False,0.00683,7957.89,,,1777872621
All Pools,Psychic - BiTonic,0.3,False,0.00681,62.33,,0.01,1777872621
All Pools,Psychic - TheArcher,0.3,False,0.00681,62.32,,0.01,1777872621
All Pools,JOE - CRA,0.3,False,0.0068,11.13,,0.06,1777872621
All Pools,MU - MUG,0.3,False,0.00679,2449.68,,,1777872621
All Pools,Psychic - Artemis,0.3,False,0.00678,62.27,,0.01,1777872621
All Pools,AVAX - EDG,0.3,False,0.00672,3.17,,0.19,1777872621
All Pools,MIM - EDG,0.3,False,0.0067,7.899,,0.08,1777872621
All Pools,Psychic - Six,0.3,False,0.00657,62.32,,0.01,1777872621
All Pools,Psychic - Nine,0.3,False,0.00654,62.3,,0.01,1777872621
All Pools,Psychic - ElmoSunkGematria,0.3,False,0.00652,62.33,,0.01,1777872621
All Pools,ARENA - MU,0.3,False,0.0065,3.362,,0.18,1777872621
All Pools,Spider - Psychic,0.3,False,0.0065,62.28,,0.01,1777872621
All Pools,USDC.e - TUSK,0.3,False,0.00649,9.794,,0.06,1777872621
All Pools,Psychic - Zero,0.3,False,0.00648,62.3,,0.01,1777872621
All Pools,CAI - AMI,0.3,False,0.00643,0.51186,,1.15,1777872621
All Pools,aDXN - aXEN,0.3,False,0.0064,0.62141,,0.94,1777872621
All Pools,Psychic - Lock,0.3,False,0.00631,62.3,,0.01,1777872621
All Pools,USDC.e - BAVA,0.3,False,0.0063,2.975,,0.19,1777872621
All Pools,ABC - AMI,0.3,False,0.00629,4.024,,0.14,1777872621
All Pools,Psychic - KekiusMaximus,0.3,False,0.0062,62.33,,0.01,1777872621
All Pools,Psychic - Time,0.3,False,0.00619,62.32,,0.01,1777872621
All Pools,Psychic - SevenSevenSeven,0.3,False,0.00617,62.33,,0.01,1777872621
All Pools,Psychic - BirthingCode,0.3,False,0.0061,62.33,,0.01,1777872621
All Pools,Flection - Psychic,0.3,False,0.00607,62.33,,0.01,1777872621
All Pools,TRACTOR - AVAX,0.3,False,0.00603,15127.0,,,1777872621
All Pools,Psychic - LordJesusChrist,0.3,False,0.00602,59.7,,0.01,1777872621
All Pools,TRACTOR - USDT.e,0.3,False,0.00601,1.993,,0.28,1777872621
All Pools,Psychic - Diamonds,0.3,False,0.006,62.32,,0.01,1777872621
All Pools,SYN - REDWOLF,0.3,False,0.00594,2.642,,0.21,1777872621
All Pools,LUNA - USDC,0.3,False,0.00592,0.1321,,4.09,1777872621
All Pools,Psychic - Happy,0.3,False,0.0059,62.33,,0.01,1777872621
All Pools,gOHM - JOE,0.3,False,0.0059,4.01,,0.13,1777872621
All Pools,AVAX - VYBE,0.3,False,0.00581,3.323,,0.16,1777872621
All Pools,GURS - HOWDY,0.3,False,0.00581,1.866,,0.28,1777872621
All Pools,AVAX - Gaza,0.3,False,0.0058,3.205,,0.17,1777872621
All Pools,MIM - VYBE,0.3,False,0.0058,3.767,,0.14,1777872621
All Pools,TEDDY - AVAX,0.3,False,0.00579,17.11,,0.03,1777872621
All Pools,Psychic - [In]finity,0.3,False,0.00579,62.3,,0.01,1777872621
All Pools,Trinity - Gaza,0.3,False,0.00579,3.791,,0.14,1777872621
All Pools,GMX - USDt,0.3,False,0.00576,0.37625,,1.4,1777872621
All Pools,KOVIN - MU,0.3,False,0.00574,3.098,,0.17,1777872621
All Pools,BNZ - AVAX,0.3,False,0.0057,62.29,,0.01,1777872621
All Pools,WETH.e - JOE,0.3,False,0.00567,0.038,,13.61,1777872621
All Pools,Psychic - Alice,0.3,False,0.00566,62.29,,0.01,1777872621
All Pools,AVAX - PAR,0.3,False,0.00566,2.403,,0.21,1777872621
All Pools,Psychic - WhoWho,0.3,False,0.00566,62.32,,0.01,1777872621
All Pools,MIM - PAR,0.3,False,0.00565,1.917,,0.27,1777872621
All Pools,Psychic - Sequence,0.3,False,0.00564,62.33,,0.01,1777872621
All Pools,AVAI - USDC.e,0.3,False,0.00561,33.65,,0.02,1777872621
All Pools,KIMBO - KOVIN,0.3,False,0.00559,5.376,,0.09,1777872621
All Pools,USDC.e - SMRT,0.3,False,0.00554,2.223,,0.23,1777872621
All Pools,DWC - MU,0.3,False,0.00554,3.507,,0.14,1777872621
All Pools,AI9000 - AVAX,0.3,False,0.00554,308.33,,0.0,1777872621
All Pools,aAvaLINK - AVAX,0.3,False,0.00552,9.65,,0.05,1777872621
All Pools,CATWIF - MU,0.3,False,0.00552,3.661,,0.14,1777872621
All Pools,Psychic - Partment,0.3,False,0.00548,62.3,,0.01,1777872621
All Pools,AVAX - WISE,0.3,False,0.00544,2.822,,0.18,1777872621
All Pools,USDC.e - WISE,0.3,False,0.00543,7.125,,0.07,1777872621
All Pools,GAINS - KONG,0.3,False,0.00542,0.76169,,0.65,1777872621
All Pools,AVAX - AMONKS,0.3,False,0.0054,1594.52,,,1777872621
All Pools,REDWOLF - AMONKS,0.3,False,0.00539,7.255,,0.07,1777872621
All Pools,WETH.e - BTCBR,0.3,False,0.00538,0.06128,,8.01,1777872621
All Pools,GURS - NOCHILL,0.3,False,0.00535,1.989,,0.25,1777872621
All Pools,Hollywood - Ouroboros,0.3,False,0.00531,13.04,,0.04,1777872621
All Pools,MIM - UNIV,0.3,False,0.0053,20.19,,0.02,1777872621
All Pools,UNIV - AVAX,0.3,False,0.0053,10.23,,0.05,1777872621
All Pools,Psychic - Line,0.3,False,0.00524,63.1,,0.01,1777872621
All Pools,Psychic - Who,0.3,False,0.00522,62.33,,0.01,1777872621
All Pools,MEOW - MU,0.3,False,0.00521,1.591,,0.3,1777872621
All Pools,FiveTwelveThirteen - AVAX,0.3,False,0.00521,5.222,,0.09,1777872621
All Pools,ElkeNevusRome - AVAX,0.3,False,0.00521,13.1,,0.04,1777872621
All Pools,ZUM - NOCHILL,0.3,False,0.0052,1.27,,0.37,1777872621
All Pools,ElkeNevusRome - Gravity,0.3,False,0.00519,4.966,,0.1,1777872621
All Pools,FiveTwelveThirteen - Gravity,0.3,False,0.00519,6.894,,0.07,1777872621
All Pools,AVAX - HOST,0.3,False,0.00512,1.968,,0.24,1777872621
All Pools,Psychic - Ups,0.3,False,0.00509,62.33,,0.01,1777872621
All Pools,Anon - USDC,0.3,False,0.00506,1.031,,0.45,1777872621
All Pools,CRA - AVAX,0.3,False,0.00505,10225.0,,,1777872621
All Pools,GAINS - DWC,0.3,False,0.005,0.98417,,0.46,1777872621
All Pools,AAVE.e - USDC.e,0.3,False,0.00495,1.269,,0.36,1777872621
All Pools,TEMPO - AVAX,0.3,False,0.00493,1.083,,0.42,1777872621
All Pools,MIM - TEMPO,0.3,False,0.00493,6.728,,0.07,1777872621
All Pools,HOST - DAI.e,0.3,False,0.00489,3.017,,0.15,1777872621
All Pools,GAINS - TECH,0.3,False,0.00481,0.62352,,0.7,1777872621
All Pools,MIM - ICE,0.3,False,0.0048,0.99674,,0.44,1777872621
All Pools,TrueLove - AVAX,0.3,False,0.0048,12.95,,0.03,1777872621
All Pools,TrueLove - Gravity,0.3,False,0.00479,4.911,,0.09,1777872621
All Pools,WBTC.e - USDC,0.3,False,0.00476,0.21017,,2.06,1777872621
All Pools,EGG - AVAX,0.3,False,0.00474,1.709,,0.25,1777872621
All Pools,EGG - USDT.e,0.3,False,0.00474,1.986,,0.22,1777872621
All Pools,BEAM - MU,0.3,False,0.0047,1.089,,0.39,1777872621
All Pools,GAINS - BAWLS,0.3,False,0.00469,0.92109,,0.46,1777872621
All Pools,BAWLS - AVAX,0.3,False,0.00467,16.45,,0.03,1777872621
All Pools,COQ - ARENA,0.3,False,0.00465,1.244,,0.34,1777872621
All Pools,RGOGLZ - AVAX,0.3,False,0.00464,4.158,,0.1,1777872621
All Pools,HIGHER - NOCHILL,0.3,False,0.00457,0.35334,,1.18,1777872621
All Pools,WITCH - AVAX,0.3,False,0.00456,2.805,,0.15,1777872621
All Pools,WITCH - USDC,0.3,False,0.00455,1.735,,0.24,1777872621
All Pools,USV - AVAX,0.3,False,0.00449,1.166,,0.35,1777872621
All Pools,AKA - AVAX,0.3,False,0.00445,2.297,,0.18,1777872621
All Pools,AKA - USDt,0.3,False,0.00444,2.948,,0.14,1777872621
All Pools,KR - AVAX,0.3,False,0.00442,1.709,,0.24,1777872621
All Pools,KR - USDC.e,0.3,False,0.0044,11.45,,0.04,1777872621
All Pools,DCAR - AVAX,0.3,False,0.00436,1.108,,0.36,1777872621
All Pools,DCAR - USDC,0.3,False,0.00434,56.21,,0.01,1777872621
All Pools,TT - DAI.e,0.3,False,0.0043,1.929,,0.2,1777872621
All Pools,GAINS - KOVIN,0.3,False,0.0042,0.65102,,0.59,1777872621
All Pools,Psychic - Number,0.3,False,0.00419,62.34,,0.01,1777872621
All Pools,Psychic - Vampire,0.3,False,0.00418,62.33,,0.01,1777872621
All Pools,Psychic - Aquarius,0.3,False,0.00417,62.29,,0.01,1777872621
All Pools,SYN - USDT.e,0.3,False,0.00399,0.65405,,0.56,1777872621
All Pools,Psychic - TrueStory,0.3,False,0.00397,62.33,,0.01,1777872621
All Pools,Lightworker - AVAX,0.3,False,0.00395,2.751,,0.13,1777872621
All Pools,Gravity - Lightworker,0.3,False,0.00394,53.49,,0.01,1777872621
All Pools,Evergreen - AVAX,0.3,False,0.00393,25.43,,0.01,1777872621
All Pools,Evergreen - Gravity,0.3,False,0.00392,4.778,,0.07,1777872621
All Pools,Psychic - Seminole,0.3,False,0.00389,62.28,,0.01,1777872621
All Pools,Psychic - PoPo,0.3,False,0.00386,62.33,,0.01,1777872621
All Pools,Psychic - James,0.3,False,0.00382,62.34,,0.01,1777872621
All Pools,Psychic - FinityFinity,0.3,False,0.0038,62.34,,0.01,1777872621
All Pools,EHCNALAVA - AVAX,0.3,False,0.00379,1515.81,,,1777872621
All Pools,KIMBO - EHCNALAVA,0.3,False,0.00379,2.866,,0.12,1777872621
All Pools,BTCBR - USDC,0.3,False,0.00376,0.20325,,1.69,1777872621
All Pools,WINK - AMI,0.3,False,0.00375,0.12069,,2.83,1777872621
All Pools,SYN - WETH.e,0.3,False,0.00373,0.6841,,0.5,1777872621
All Pools,Psychic - QuetzalCoatl,0.3,False,0.00373,62.33,,0.01,1777872621
All Pools,PNG - USDT.e,0.3,False,0.00372,0.88949,,0.38,1777872621
All Pools,Trinity - IfYouKnowYouKnow,0.3,False,0.00371,5.078,,0.07,1777872621
All Pools,WETH - AVAX,0.3,False,0.00365,1.363,,0.24,1777872621
All Pools,xJOE - AVAX,0.3,False,0.00365,2.806,,0.12,1777872621
All Pools,MIM - SMRT,0.3,False,0.00364,1.673,,0.2,1777872621
All Pools,GMX - JOE,0.3,False,0.00363,0.4273,,0.77,1777872621
All Pools,YETI - WINE,0.3,False,0.00362,1.46,,0.23,1777872621
All Pools,GATOR - AMI,0.3,False,0.00358,4.589,,0.07,1777872621
All Pools,SMRTr - USDT.e,0.3,False,0.00358,1.32,,0.25,1777872621
All Pools,JOE - aXEN,0.3,False,0.00357,0.24225,,1.34,1777872621
All Pools,JPYC - AVAX,0.3,False,0.00356,0.2769,,1.17,1777872621
All Pools,Psychic - Checkmate,0.3,False,0.00351,62.47,,0.01,1777872621
All Pools,GG - AVAX,0.3,False,0.00347,0.16074,,1.97,1777872621
All Pools,Psychic - Equal,0.3,False,0.00347,62.33,,0.01,1777872621
All Pools,Psychic - Abracadabra,0.3,False,0.00345,62.3,,0.01,1777872621
All Pools,3ULL - USDC,0.3,False,0.00341,0.65843,,0.47,1777872621
All Pools,Psychic - PlotTwist,0.3,False,0.00341,63.72,,0.0,1777872621
All Pools,AVXT - POLAR,0.3,False,0.00341,0.44942,,0.69,1777872621
All Pools,APOW - MU,0.3,False,0.00335,3.555,,0.09,1777872621
All Pools,TECH - OX,0.3,False,0.00335,4872.75,,,1777872621
All Pools,Psychic - KatzJoel,0.3,False,0.00325,62.3,,0.0,1777872621
All Pools,USDt - USDC.e,0.3,False,0.00323,14.19,,0.02,1777872621
All Pools,SB - DAI.e,0.3,False,0.00322,0.12989,,2.26,1777872621
All Pools,ELXR - USDC.e,0.3,False,0.00321,1094.42,,,1777872621
All Pools,Psychic - Hexagon,0.3,False,0.00318,62.33,,0.0,1777872621
All Pools,AMI - MU,0.3,False,0.00313,1.731,,0.17,1777872621
All Pools,AI9000 - MU,0.3,False,0.00312,1.296,,0.22,1777872621
All Pools,NXPC - USDC,0.3,False,0.00309,0.71695,,0.39,1777872621
All Pools,NOCHILL - ARENA,0.3,False,0.00309,0.45181,,0.62,1777872621
All Pools,CRAFT - USDC.e,0.3,False,0.00309,0.87616,,0.32,1777872621
All Pools,JOE - REDWOLF,0.3,False,0.00303,4.008,,0.07,1777872621
All Pools,AVAX - ICE,0.3,False,0.00301,151.7,,0.0,1777872621
All Pools,ETHM - AVAX,0.3,False,0.00301,27.72,,0.01,1777872621
All Pools,EagleToken - AVAX,0.3,False,0.00293,2.13,,0.13,1777872621
All Pools,EagleToken - USDC.e,0.3,False,0.00292,2.215,,0.12,1777872621
All Pools,AVXT - AVAX,0.3,False,0.00291,52.97,,0.01,1777872621
All Pools,BUSD - USDT.e,0.3,False,0.00289,0.07866,,3.36,1777872621
All Pools,ETHM - DAI.e,0.3,False,0.00287,0.68051,,0.38,1777872621
All Pools,GRAPE - AVAX,0.3,False,0.00283,0.89162,,0.29,1777872621
All Pools,ValentinMidwifes - AVAX,0.3,False,0.00282,2.393,,0.11,1777872621
All Pools,USDC - MU,0.3,False,0.0028,0.34491,,0.74,1777872621
All Pools,USDC - TT,0.3,False,0.00276,2.019,,0.12,1777872621
All Pools,MIM - sTHO,0.3,False,0.00274,498.09,,,1777872621
All Pools,JOE - aDXN,0.3,False,0.00273,0.83682,,0.3,1777872621
All Pools,MU - KET,0.3,False,0.00269,1.349,,0.18,1777872621
All Pools,AVAX - SAGE,0.3,False,0.00265,0.89552,,0.27,1777872621
All Pools,USDC.e - SAGE,0.3,False,0.00264,2.177,,0.11,1777872621
All Pools,ARENA - AMI,0.3,False,0.00256,1.417,,0.17,1777872621
All Pools,ACS - USDt,0.3,False,0.00254,0.97528,,0.24,1777872621
All Pools,DREGG - USDC.e,0.3,False,0.00253,3.089,,0.07,1777872621
All Pools,AVAX - CAKE,0.3,False,0.00249,0.72501,,0.31,1777872621
All Pools,USDT.e - CAKE,0.3,False,0.00248,48.53,,0.0,1777872621
All Pools,YAK - USDT.e,0.3,False,0.00247,0.5636,,0.4,1777872621
All Pools,ARENA - JUICY,0.3,False,0.00245,0.03383,,6.62,1777872621
All Pools,BTC.b - MUG,0.3,False,0.00241,0.90029,,0.24,1777872621
All Pools,AI9000 - USDt,0.3,False,0.0024,0.90998,,0.24,1777872621
All Pools,AVAX - WARP,0.3,False,0.0024,1.486,,0.15,1777872621
All Pools,AVAX - RUG,0.3,False,0.00239,0.54252,,0.4,1777872621
All Pools,EUROS - AVAX,0.3,False,0.00236,1.196,,0.18,1777872621
All Pools,MAXI - AVAX,0.3,False,0.00227,0.80272,,0.26,1777872621
All Pools,Psychic - Self,0.3,False,0.00222,64.37,,0.0,1777872621
All Pools,YEEHAW - HIGHER,0.3,False,0.00219,0.45987,,0.43,1777872621
All Pools,STG - JOE,0.3,False,0.00218,0.1704,,1.17,1777872621
All Pools,KIMBO - AMI,0.3,False,0.00213,4.375,,0.04,1777872621
All Pools,sAVAX - USDC,0.3,False,0.00205,0.53524,,0.35,1777872621
All Pools,TT - USDT.e,0.3,False,0.00202,2.016,,0.09,1777872621
All Pools,USDt - TT,0.3,False,0.00201,2.022,,0.09,1777872621
All Pools,USDC.e - CHAM,0.3,False,0.00195,0.83315,,0.21,1777872621
All Pools,GATOR - ARENA,0.3,False,0.00195,1.996,,0.09,1777872621
All Pools,CATWIF - MAJIN,0.3,False,0.00195,0.90197,,0.2,1777872621
All Pools,BEE - AVAX,0.3,False,0.00192,0.81015,,0.22,1777872621
All Pools,BEE - USDT.e,0.3,False,0.00192,32.33,,0.01,1777872621
All Pools,HOWDY - KONG,0.3,False,0.00188,0.42929,,0.4,1777872621
All Pools,LIRA - BUSD,0.3,False,0.00184,0.08308,,2.02,1777872621
All Pools,GGP - JUICY,0.3,False,0.0018,0.0342,,4.8,1777872621
All Pools,USDC.e - XAVA,0.3,False,0.0018,0.36226,,0.45,1777872621
All Pools,toi - AVAX,0.3,False,0.00178,0.94468,,0.17,1777872621
All Pools,MIM - toi,0.3,False,0.00178,3.433,,0.05,1777872621
All Pools,AVAX - WINE,0.3,False,0.00177,0.67349,,0.24,1777872621
All Pools,AVAX - DREX,0.3,False,0.00177,0.60145,,0.27,1777872621
All Pools,MIM - WINE,0.3,False,0.00177,3098.97,,,1777872621
All Pools,MIM - DREX,0.3,False,0.00176,37.49,,0.0,1777872621
All Pools,GAINS - Always,0.3,False,0.00174,0.10618,,1.5,1777872621
All Pools,MM - USDC.e,0.3,False,0.00168,0.60722,,0.25,1777872621
All Pools,HERESY - MEOW,0.3,False,0.00167,0.27914,,0.55,1777872621
All Pools,JOE - USDR,0.3,False,0.00167,0.73316,,0.21,1777872621
All Pools,LIFE - AVAX,0.3,False,0.00162,1.349,,0.11,1777872621
All Pools,MIM - LIFE,0.3,False,0.00162,0.941,,0.16,1777872621
All Pools,AMI - EROL,0.3,False,0.0016,0.68286,,0.21,1777872621
All Pools,Balln - AMI,0.3,False,0.0016,0.61312,,0.24,1777872621
All Pools,WBTC.e - MU,0.3,False,0.00157,0.72874,,0.2,1777872621
All Pools,AVAX - sSB,0.3,False,0.00156,0.50689,,0.28,1777872621
All Pools,AVAX - MTB,0.3,False,0.00156,0.9651,,0.15,1777872621
All Pools,USDC.e - sSB,0.3,False,0.00155,836.5,,,1777872621
All Pools,MIM - MTB,0.3,False,0.00155,2.21,,0.06,1777872621
All Pools,Always - KONG,0.3,False,0.00151,0.04356,,3.17,1777872621
All Pools,AVAX - NXUSD,0.3,False,0.0015,0.49478,,0.28,1777872621
All Pools,USDC.e - NXUSD,0.3,False,0.00149,1.657,,0.08,1777872621
All Pools,USDC.e - WARP,0.3,False,0.00149,0.8628,,0.16,1777872621
All Pools,MUMO - AVAX,0.3,False,0.00148,0.18097,,0.74,1777872621
All Pools,QI - USDC,0.3,False,0.00146,0.08918,,1.49,1777872621
All Pools,JEWEL - AVAX,0.3,False,0.00143,0.22611,,0.58,1777872621
All Pools,DB - AVAX,0.3,False,0.0014,2.219,,0.06,1777872621
All Pools,MIM - YAK,0.3,False,0.0014,0.4362,,0.29,1777872621
All Pools,MIM - DB,0.3,False,0.0014,0.66917,,0.19,1777872621
All Pools,WETH.e - ETHM,0.3,False,0.00138,0.50913,,0.25,1777872621
All Pools,ETHM - USDC.e,0.3,False,0.00138,0.4825,,0.26,1777872621
All Pools,CANS - AMI,0.3,False,0.00135,0.23157,,0.53,1777872621
All Pools,SLUSH - AVAX,0.3,False,0.00134,0.70507,,0.17,1777872621
All Pools,SLUSH - USDT.e,0.3,False,0.00133,1.323,,0.09,1777872621
All Pools,HUSKY - SNOWY,0.3,False,0.00131,0.43927,,0.27,1777872621
All Pools,QI - SNOWY,0.3,False,0.0013,0.80767,,0.15,1777872621
All Pools,LYD - AVAX,0.3,False,0.00129,0.82854,,0.14,1777872621
All Pools,KANA - AVAX,0.3,False,0.00127,1141.87,,,1777872621
All Pools,Naughty - HIGHER,0.3,False,0.00127,0.45132,,0.26,1777872621
All Pools,KANA - USDC,0.3,False,0.00127,0.51195,,0.23,1777872621
All Pools,Trinity - IngersollLockwood,0.3,False,0.00127,1.136,,0.1,1777872621
All Pools,ALPHAZERO - USDT.e,0.3,False,0.00127,2.16,,0.05,1777872621
All Pools,Naughty - AVAX,0.3,False,0.00126,239.44,,,1777872621
All Pools,CRA - USDC.e,0.3,False,0.00123,0.56628,,0.2,1777872621
All Pools,MUME - USDC,0.3,False,0.00123,0.08483,,1.32,1777872621
All Pools,COQ - HOWDY,0.3,False,0.00119,0.56854,,0.19,1777872621
All Pools,HUSKY - aXEN,0.3,False,0.00118,0.07304,,1.47,1777872621
All Pools,tst1 - AVAX,0.3,False,0.00117,0.58241,,0.18,1777872621
All Pools,PTOP1200 - TOPIA,0.3,False,0.00117,104.23,,0.0,1777872621
All Pools,tst1 - USDT.e,0.3,False,0.00117,2.696,,0.04,1777872621
All Pools,weETH - AVAX,0.3,False,0.00117,0.38952,,0.27,1777872621
All Pools,SUB - AVAX,0.3,False,0.00113,0.51066,,0.2,1777872621
All Pools,SUB - USDC,0.3,False,0.00113,69.79,,0.0,1777872621
All Pools,AUX - AVAX,0.3,False,0.00109,0.39542,,0.25,1777872621
All Pools,AUX - USDC,0.3,False,0.00109,688.53,,,1777872621
All Pools,AVAX - SYMBIOT,0.3,False,0.00107,0.32493,,0.3,1777872621
All Pools,Balln - HOWDY,0.3,False,0.00106,0.30639,,0.32,1777872621
All Pools,JOE - CNR,0.3,False,0.00106,1.07,,0.09,1777872621
All Pools,NUG - AVAX,0.3,False,0.00105,0.38434,,0.25,1777872621
All Pools,SLOT - AVAX,0.3,False,0.00105,3962.03,,,1777872621
All Pools,NUG - USDC,0.3,False,0.00105,2.375,,0.04,1777872621
All Pools,SLOT - USDC.e,0.3,False,0.00105,0.48406,,0.2,1777872621
All Pools,LIRA - USDt,0.3,False,0.00103,0.07421,,1.27,1777872621
All Pools,DAI.e - SYMBIOT,0.3,False,0.00102,1.413,,0.07,1777872621
All Pools,TEDDY - USDC,0.3,False,0.00102,0.43319,,0.22,1777872621
All Pools,gOHM - USDT.e,0.3,False,0.00101,0.61569,,0.15,1777872621
All Pools,xJOE - wsOHM,0.3,False,0.00101,0.54756,,0.17,1777872621
All Pools,WET - AVAX,0.3,False,0.001,16.99,,0.01,1777872621
All Pools,WET - USDT.e,0.3,False,,0.44209,,0.21,1777872621
All Pools,PB - AVAX,0.3,False,,0.49253,,0.19,1777872621
All Pools,PB - MIM,0.3,False,,39.73,,0.0,1777872621
All Pools,AVAX - FTEST,0.3,False,,0.40073,,0.23,1777872621
All Pools,USDT.e - FTEST,0.3,False,,1.313,,0.07,1777872621
All Pools,SYMBIOT - AVAX,0.3,False,,1.453,,0.06,1777872621
All Pools,AVAX - AKITA,0.3,False,,2534.04,,,1777872621
All Pools,MIM - AKITA,0.3,False,,0.25427,,0.35,1777872621
All Pools,WETH.e - SPELL,0.3,False,,0.29648,,0.29,1777872621
All Pools,SYMBIOT - DAI.e,0.3,False,,0.45811,,0.18,1777872621
All Pools,OH - USDC.e,0.3,False,,0.39086,,0.21,1777872621
All Pools,3ULL - USDT.e,0.3,False,,0.65735,,0.13,1777872621
All Pools,USDT.e - WARP,0.3,False,,0.90269,,0.09,1777872621
All Pools,ROCO - USDT.e,0.3,False,,0.08472,,0.96,1777872621
All Pools,ARABBIT - AVAX,0.3,False,,0.56918,,0.14,1777872621
All Pools,MIM - ARABBIT,0.3,False,,1.292,,0.06,1777872621
All Pools,JOE - AVE,0.3,False,,1.811,,0.04,1777872621
All Pools,SolarDAO - AVAX,0.3,False,,0.40041,,0.2,1777872621
All Pools,LAMA - AVAX,0.3,False,,11822.0,,,1777872621
All Pools,SolarDAO - USDT.e,0.3,False,,2.067,,0.04,1777872621
All Pools,SMOKA - AVAX,0.3,False,,0.55022,,0.14,1777872621
All Pools,MIM - SMOKA,0.3,False,,1.136,,0.07,1777872621
All Pools,USDC - DAI.e,0.3,False,,2.015,,0.04,1777872621
All Pools,LAMA - JUICY,0.3,False,,0.01587,,4.87,1777872621
All Pools,AVAX - PLEB,0.3,False,,0.27245,,0.28,1777872621
All Pools,MIM - PLEB,0.3,False,,53.87,,0.0,1777872621
All Pools,COQ - BMC,0.3,False,,0.0951,,0.79,1777872621
All Pools,aAvaWAVAX - AVAX,0.3,False,,0.26148,,0.29,1777872621
All Pools,gOHM - USDC.e,0.3,False,,0.31362,,0.23,1777872621
All Pools,YUSD - USDC,0.3,False,,22.94,,0.0,1777872621
All Pools,BLZZ - AVAX,0.3,False,,7982.94,,,1777872621
All Pools,MUMO - MU,0.3,False,,0.61566,,0.12,1777872621
All Pools,AVAX - NUTS,0.3,False,,230.43,,,1777872621
All Pools,USDC - NUTS,0.3,False,,0.23179,,0.31,1777872621
All Pools,GAINS - MEOW,0.3,False,,0.21607,,0.33,1777872621
All Pools,BUSD - MU,0.3,False,,0.0262,,2.67,1777872621
All Pools,MIM - WBTC.e,0.3,False,,0.05634,,1.22,1777872621
All Pools,MUME - BUSD,0.3,False,,0.02865,,2.39,1777872621
All Pools,USDC.e - WET,0.3,False,,0.44342,,0.15,1777872621
All Pools,MU - GEC,0.3,False,,0.09135,,0.72,1777872621
All Pools,AVAX - HOST,0.3,False,,0.14459,,0.45,1777872621
All Pools,AVAX - RBEES,0.3,False,,0.69891,,0.09,1777872621
All Pools,USDC.e - RBEES,0.3,False,,0.49482,,0.13,1777872621
All Pools,DAI.e - HOST,0.3,False,,16.07,,0.0,1777872621
All Pools,CLAVIS - AVAX,0.3,False,,0.1342,,0.46,1777872621
All Pools,MIM - CLAVIS,0.3,False,,119.94,,,1777872621
All Pools,DMD - AVAX,0.3,False,,26.51,,0.0,1777872621
All Pools,LINK.e - MUG,0.3,False,,0.25025,,0.24,1777872621
All Pools,FAR - AVAX,0.3,False,,0.45768,,0.13,1777872621
All Pools,FAR - USDC.e,0.3,False,,0.14963,,0.39,1777872621
All Pools,RENT - JOE,0.3,False,,3.611,,0.02,1777872621
All Pools,RENT - USDT.e,0.3,False,,0.18659,,0.31,1777872621
All Pools,MIM - ICY,0.3,False,,17.15,,0.0,1777872621
All Pools,DMD - DAI.e,0.3,False,,0.12959,,0.45,1777872621
All Pools,AVAX - STICK,0.3,False,,2193.05,,,1777872621
All Pools,ENGLISH - AVAX,0.3,False,,0.23694,,0.24,1777872621
All Pools,STICK - MU,0.3,False,,0.14775,,0.39,1777872621
All Pools,WETH.e - MUi,0.3,False,,0.03053,,1.82,1777872621
All Pools,AVAX - BANKSY V2,0.3,False,,0.33599,,0.16,1777872621
All Pools,USDT.e - BANKSY V2,0.3,False,,0.91892,,0.06,1777872621
All Pools,SNOW - AVAX,0.3,False,,0.19659,,0.26,1777872621
All Pools,WETH.e - MUMO,0.3,False,,0.22926,,0.23,1777872621
All Pools,MIM - SNOW,0.3,False,,0.64412,,0.08,1777872621
All Pools,LEXIP - AVAX,0.3,False,,0.42755,,0.12,1777872621
All Pools,MUMO - USDC.e,0.3,False,,0.13165,,0.39,1777872621
All Pools,MIM - LEXIP,0.3,False,,0.23766,,0.22,1777872621
All Pools,SN - AVAX,0.3,False,,0.12403,,0.4,1777872621
All Pools,MIM - SN,0.3,False,,100.44,,,1777872621
All Pools,WETH - MU,0.3,False,,0.09503,,0.52,1777872621
All Pools,AVAX - BANKSY,0.3,False,,0.22996,,0.21,1777872621
All Pools,BANKSY - AVAX,0.3,False,,0.19241,,0.25,1777872621
All Pools,USDC.e - BANKSY,0.3,False,,0.68992,,0.07,1777872621
All Pools,BANKSY - USDT.e,0.3,False,,0.6797,,0.07,1777872621
All Pools,WOLF - USDt,0.3,False,,0.11043,,0.44,1777872621
All Pools,AAVE.e - BTCBR,0.3,False,,0.20855,,0.22,1777872621
All Pools,xAVAX - AVAX,0.3,False,,0.73485,,0.06,1777872621
All Pools,xAVAX - USDC,0.3,False,,0.24587,,0.18,1777872621
All Pools,MUME - USDC.e,0.3,False,,0.555,,0.08,1777872621
All Pools,KIMBO - MU,0.3,False,,0.10112,,0.45,1777872621
All Pools,BNB - MU,0.3,False,,0.08868,,0.51,1777872621
All Pools,CRA - USDT.e,0.3,False,,0.26662,,0.17,1777872621
All Pools,DAI.e - PEFI,0.3,False,,0.13354,,0.33,1777872621
All Pools,BLZZ - USDC.e,0.3,False,,0.0851,,0.51,1777872621
All Pools,sifu - USDT.e,0.3,False,,9.292,,0.0,1777872621
All Pools,MUi - WINK,0.3,False,,0.01662,,2.5,1777872621
All Pools,xORDER - AVAX,0.3,False,,0.23675,,0.17,1777872621
All Pools,AVAX - TUS,0.3,False,,8271.04,,,1777872621
All Pools,YEEHAW - MU,0.3,False,,0.29116,,0.14,1777872621
All Pools,YEEHAW - ARENA,0.3,False,,2.384,,0.02,1777872621
All Pools,xORDER - USDC,0.3,False,,0.19305,,0.21,1777872621
All Pools,USDT.e - TUS,0.3,False,,0.12218,,0.33,1777872621
All Pools,HUSKY - SMRTr,0.3,False,,0.07093,,0.57,1777872621
All Pools,CRV - AVAX,0.3,False,,42.37,,,1777872621
All Pools,CRV - USDT.e,0.3,False,,0.12949,,0.31,1777872621
All Pools,GRT.e - AVAX,0.3,False,,7.373,,0.01,1777872621
All Pools,USDC.e - SUSD,0.3,False,,505.77,,,1777872621
All Pools,AVAX - PENDLE,0.3,False,,7720.97,,,1777872621
All Pools,USDT.e - TUSK,0.3,False,,0.15302,,0.24,1777872621
All Pools,LUEEGI - USDt,0.3,False,,0.09318,,0.4,1777872621
All Pools,TSD - USDC.e,0.3,False,,0.09631,,0.38,1777872621
All Pools,PIZZA - USDC.e,0.3,False,,0.08196,,0.44,1777872621
All Pools,AVE - AVAX,0.3,False,,4.251,,0.01,1777872621
All Pools,KITE - AVAX,0.3,False,,0.05743,,0.59,1777872621
All Pools,WETH.e - FEED,0.3,False,,0.07265,,0.47,1777872621
All Pools,BMOON - AVAX,0.3,False,,0.17292,,0.19,1777872621
All Pools,ONION - CORN,0.3,False,,34.28,,,1777872621
All Pools,AAVE.e - MU,0.3,False,,0.04542,,0.69,1777872621
All Pools,UNI.e - AVAX,0.3,False,,0.03148,,0.95,1777872621
All Pools,BLZZ - USDT.e,0.3,False,,0.13159,,0.22,1777872621
All Pools,GENI - USDC.e,0.3,False,,0.12256,,0.23,1777872621
All Pools,GURS - MEAT,0.3,False,,0.03291,,0.87,1777872621
All Pools,ROCO - SMRT,0.3,False,,0.02587,,0.99,1777872621
All Pools,AR - AVAX,0.3,False,,0.03971,,0.64,1777872621
All Pools,AR - USDC.e,0.3,False,,17.79,,0.0,1777872621
All Pools,LUNA - JOE,0.3,False,,0.04473,,0.53,1777872621
All Pools,BPT - USDC.e,0.3,False,,0.07984,,0.29,1777872621
All Pools,AUSD - USDC,0.01,False,10193863.0,4185640.0,1019.44,8.89,1777876221
All Pools,AUSD - USDt,0.01,False,10062025.0,3421332.0,1006.26,10.74,1777876221
All Pools,AVAX - USDC,0.05,False,5763390.0,3973113.0,3012.6,27.68,1777876221
All Pools,BTC.b - USDC,0.05,False,336530.0,814036.0,174.89,7.84,1777876221
All Pools,USDC.e - O3,0.3,False,229593.0,343158041.0,573.98,0.06,1777876221
All Pools,USDt - USDC,0.005,False,120762.0,696053.0,8.548,0.45,1777876221
All Pools,AVAX - USDC,0.2,False,67233.0,208813.0,135.15,23.62,1777876221
All Pools,sAVAX - AVAX,0.01,False,51487.0,191553.0,5.154,0.98,1777876221
All Pools,GUN - AVAX,0.25,False,43789.0,127246.0,113.24,32.48,1777876221
All Pools,ARENA - AVAX,0.01,False,41496.0,180503.0,4.148,0.84,1777876221
All Pools,GUN - AVAX,0.1,False,37928.0,40624.0,40.64,36.52,1777876221
All Pools,USDC - XAVA,0.3,False,37100.0,615587.0,92.75,5.5,1777876221
All Pools,AVAX - BTC.b,0.05,False,35384.0,594830.0,18.61,1.14,1777876221
All Pools,NXPC - AVAX,0.3,False,33026.0,240707.0,82.56,12.52,1777876221
All Pools,USDT.e - USDC,0.02,False,23032.0,48842.0,4.63,3.46,1777876221
All Pools,DAI.e - USDC,0.02,False,20864.0,29801.0,4.025,4.93,1777876221
All Pools,AVAX - USDt,0.2,False,18276.0,133060.0,36.83,10.1,1777876221
All Pools,WBTC - BTC.b,0.03,False,17658.0,85308.0,5.368,2.3,1777876221
All Pools,QI - AVAX,0.3,False,14826.0,244512.0,37.07,5.53,1777876221
All Pools,FOLKS - AVAX,0.25,False,14738.0,34959.0,37.57,39.23,1777876221
All Pools,AVAX - USDT.e,0.3,False,12975.0,554252.0,32.44,2.14,1777876221
All Pools,USDT.e - USDt,0.02,False,12840.0,44361.0,2.579,2.12,1777876221
All Pools,XAUt0 - USDt,0.04,False,12140.0,38943.0,5.306,4.97,1777876221
All Pools,AVAX - USDC,0.3,False,12101.0,408365.0,30.25,2.7,1777876221
All Pools,MIM - AVAX,0.3,False,11614.0,564064.0,29.03,1.88,1777876221
All Pools,JOE - AVAX,0.3,False,11123.0,529814.0,27.81,1.92,1777876221
All Pools,USDC.e - AVAX,0.3,False,9678.16,431353.0,24.2,2.05,1777876221
All Pools,AAVE.e - AVAX,0.3,False,9295.45,305833.0,23.24,2.77,1777876221
All Pools,COQ - AVAX,0.3,False,8515.16,618498.0,21.29,1.26,1777876221
All Pools,WBTC.e - BTC.b,0.03,False,7787.12,333337.0,2.396,0.26,1777876221
All Pools,JOE - USDC.e,0.3,False,7542.31,339808.0,18.86,2.03,1777876221
All Pools,SolvBTC - BTC.b,0.04,False,5198.6,258487.0,3.069,0.43,1777876221
All Pools,USDt - USDC,0.01,False,5183.33,181865.0,0.41519,0.08,1777876221
All Pools,EURC - USDC,0.03,False,4401.74,13102.0,1.444,4.02,1777876221
All Pools,USDT.e - USDC,0.02,False,4071.42,888.1,0.42231,17.36,1777876221
All Pools,ORNG - AVAX,0.3,False,3240.04,27803.0,8.1,10.63,1777876221
All Pools,JPYC - USDC,0.04,False,3129.16,4467.68,1.833,14.98,1777876221
All Pools,FLD - AVAX,0.3,False,2879.73,52472.0,7.199,5.01,1777876221
All Pools,BEAM - AVAX,0.25,False,2425.71,20608.0,6.104,10.81,1777876221
All Pools,XAVA - AVAX,0.8,False,2294.45,231797.0,18.47,2.91,1777876221
All Pools,WETH.e - AVAX,0.3,False,2220.58,502728.0,5.551,0.4,1777876221
All Pools,DAI.e - USDC,0.02,False,2140.23,2429.31,0.41422,6.22,1777876221
All Pools,HEFE - AVAX,0.3,False,2123.69,21527.0,5.309,9.0,1777876221
All Pools,LCPEDU - USDt,0.8,False,2037.94,9626335.0,32.67,0.12,1777876221
All Pools,WBTC.e - AVAX,0.3,False,1847.18,173572.0,4.618,0.97,1777876221
All Pools,BEAM - AVAX,0.3,False,1796.8,95466.0,4.492,1.72,1777876221
All Pools,BEAM - USDC,0.3,False,1759.44,73041.0,4.399,2.2,1777876221
All Pools,AVAX - avUSD,0.25,False,1616.85,2378.87,4.062,62.32,1777876221
All Pools,SOL - AVAX,0.3,False,1611.65,438778.0,4.029,0.34,1777876221
All Pools,JOE - USDT.e,0.3,False,1595.35,68098.0,3.988,2.14,1777876221
All Pools,USDt - AVAX,0.3,False,1465.97,45291.0,3.665,2.95,1777876221
All Pools,ZRO - AVAX,0.25,False,1448.31,2322.69,11.53,181.18,1777876221
All Pools,LINK.e - AVAX,0.3,False,1411.39,48923.0,3.528,2.63,1777876221
All Pools,XAVA - AVAX,0.25,False,1377.64,3236.58,3.483,39.28,1777876221
All Pools,AUSD - AVAX,0.1,False,1332.33,40374.0,1.362,1.23,1777876221
All Pools,SHRAP - AVAX,0.8,False,1327.7,13078.0,13.31,37.15,1777876221
All Pools,BTC.b - AVAX,0.3,False,1219.16,143261.0,3.048,0.78,1777876221
All Pools,NOCHILL - AVAX,0.3,False,1191.62,89806.0,2.979,1.21,1777876221
All Pools,AVAX - JUICE,0.3,False,1128.6,15879.0,2.822,6.49,1777876221
All Pools,JOE - USDC,0.3,False,1056.84,40581.0,2.642,2.38,1777876221
All Pools,SIERRA - USDC,0.1,False,1030.35,39684.0,1.031,0.95,1777876221
All Pools,ALOT - AVAX,0.3,False,986.06,229462.0,2.465,0.39,1777876221
All Pools,AVAX - DAI.e,0.3,False,904.86,34327.0,2.262,2.41,1777876221
All Pools,AVAX - ALVA,0.3,False,849.19,1269.77,2.123,61.03,1777876221
All Pools,WETH.e - USDC,0.15,False,605.89,10056.0,0.92225,3.35,1777876221
All Pools,w3ULL - AVAX,0.3,False,599.41,66475.0,1.499,0.82,1777876221
All Pools,MUON - AVAX,0.3,False,567.3,47928.0,1.418,1.08,1777876221
All Pools,AVAX - XAVA,0.3,False,530.46,16154.0,1.326,3.0,1777876221
All Pools,JOE - AVAX,0.25,False,512.19,11506.0,1.293,4.1,1777876221
All Pools,AARB - AVAX,0.3,False,439.33,0.18295,1.098,219125.22,1777876221
All Pools,ARC - AVAX,0.3,False,439.02,0.18289,1.098,219046.68,1777876221
All Pools,UTAO - AVAX,0.3,False,433.74,0.18179,1.084,217712.62,1777876221
All Pools,SB - AVAX,0.3,False,400.17,7038.96,1.0,5.19,1777876221
All Pools,QI - AVAX,0.25,False,304.02,15374.0,0.76172,1.81,1777876221
All Pools,XSEED - AVAX,0.3,False,251.62,12634.0,0.62906,1.82,1777876221
All Pools,HERESY - AVAX,0.3,False,220.93,21932.0,0.55234,0.92,1777876221
All Pools,HUNDRED - USDC,0.3,False,218.56,521219.0,0.5464,0.04,1777876221
All Pools,APIX - ID,0.3,False,216.52,25453.0,0.54129,0.78,1777876221
All Pools,WBTC.e - BTC.b,0.03,False,205.52,694.37,0.08598,4.52,1777876221
All Pools,UST - AVAX,0.3,False,195.73,7894.66,0.48933,2.26,1777876221
All Pools,WETH.e - USDC.e,0.3,False,191.68,12416.0,0.4792,1.41,1777876221
All Pools,XETA - USDC,0.3,False,191.68,6442.09,0.4792,2.72,1777876221
All Pools,MIM - SB,0.3,False,189.95,5770.82,0.47487,3.0,1777876221
All Pools,gOHM - AVAX,0.3,False,172.3,142378.0,0.43076,0.11,1777876221
All Pools,AVAX - JUICY,0.3,False,172.09,3036.32,0.43023,5.17,1777876221
All Pools,STG - USDC,0.3,False,169.7,1471.28,0.42426,10.53,1777876221
All Pools,USDt - USDC,0.02,False,161.53,2237.74,0.03234,0.53,1777876221
All Pools,SOL - AVAX,0.1,False,151.63,1103.08,0.1556,5.15,1777876221
All Pools,YAK - AVAX,0.3,False,150.82,112936.0,0.37706,0.12,1777876221
All Pools,AVAX - UST,0.3,False,148.43,9074.42,0.37107,1.49,1777876221
All Pools,GMX - AVAX,0.3,False,138.62,5006.55,0.34655,2.53,1777876221
All Pools,AVAX - CLY,0.3,False,137.17,60390.0,0.34292,0.21,1777876221
All Pools,APIX - USDt,0.3,False,128.45,6950.94,0.32112,1.69,1777876221
All Pools,PTOP800 - USDC,0.1,False,127.86,663.6,0.12856,7.07,1777876221
All Pools,PTOP800 - AVAX,0.1,False,127.83,611.85,0.12835,7.66,1777876221
All Pools,KIMBO - AVAX,0.3,False,126.35,65010.0,0.31588,0.18,1777876221
All Pools,LUNA - USDC.e,0.3,False,112.05,894.37,0.28013,11.43,1777876221
All Pools,PTOP1100 - AVAX,0.1,False,95.53,367.1,0.09625,9.57,1777876221
All Pools,PTOP1100 - USDC,0.1,False,93.41,672.25,0.09368,5.09,1777876221
All Pools,STG - AVAX,0.3,False,89.83,1472.63,0.22458,5.57,1777876221
All Pools,EVO - AVAX,0.3,False,86.05,13775.0,0.21512,0.57,1777876221
All Pools,MIM - USDt,0.03,False,84.78,9.69,0.0273,102.84,1777876221
All Pools,JOE - AVAX,0.15,False,81.58,70411.0,0.12636,0.07,1777876221
All Pools,USDC.e - USDC,0.3,False,77.43,482806.0,0.19357,0.01,1777876221
All Pools,PRIME - AVAX,0.4,False,70.0,109621.0,0.88946,0.3,1777876221
All Pools,APIX - USDC,0.3,False,60.89,3472.93,0.15223,1.6,1777876221
All Pools,FITFI - USDT.e,0.3,False,59.12,369.12,0.14781,14.62,1777876221
All Pools,GGP - AVAX,0.3,False,58.65,92815.0,0.14663,0.06,1777876221
All Pools,PTOP1200 - AVAX,0.1,False,55.19,691.38,0.05525,2.92,1777876221
All Pools,PTOP1200 - USDC,0.1,False,54.51,199.29,0.0553,10.13,1777876221
All Pools,PTOP1300 - AVAX,0.1,False,54.09,582.8,0.0542,3.39,1777876221
All Pools,PTOP1300 - USDC,0.1,False,53.73,349.92,0.05387,5.62,1777876221
All Pools,CDK - AVAX,0.25,False,48.94,5716.05,0.19133,1.22,1777876221
All Pools,CAT - AVAX,0.3,False,46.43,1914.1,0.11609,2.21,1777876221
All Pools,AVAX - RISE,0.3,False,45.82,60044.0,0.11455,0.07,1777876221
All Pools,APIX - ARENA,0.3,False,44.5,2369.62,0.11124,1.71,1777876221
All Pools,gOHM - FRAX,0.3,False,31.73,3625.5,0.07933,0.8,1777876221
All Pools,GENI - USDC,0.3,False,29.73,1489.63,0.07432,1.82,1777876221
All Pools,PTOP800 - BTC.b,0.1,False,28.51,1016.1,0.02994,1.08,1777876221
All Pools,CAI - AVAX,0.3,False,28.28,1782.77,0.07069,1.45,1777876221
All Pools,GUN - BLSEYE🎯,0.3,False,28.1,957.55,0.07026,2.68,1777876221
All Pools,BLSEYE🎯 - AVAX,0.3,False,27.55,6100.39,0.06888,0.41,1777876221
All Pools,USDt - ncash,0.3,False,27.47,1149.17,0.06866,2.18,1777876221
All Pools,BOI - AVAX,0.3,False,25.32,76.14,0.0633,30.35,1777876221
All Pools,SWORLD - AVAX,0.3,False,24.85,7045.01,0.06213,0.32,1777876221
All Pools,PNG - AVAX,0.3,False,24.19,1072.32,0.06048,2.06,1777876221
All Pools,USDV - AVAX,0.25,False,22.49,1835.46,0.08815,1.75,1777876221
All Pools,ROCO - AVAX,0.3,False,22.29,1298.9,0.05574,1.57,1777876221
All Pools,Balln - AVAX,0.3,False,21.85,4310.02,0.05462,0.46,1777876221
All Pools,MIM - WETH.e,0.3,False,21.06,1471.84,0.05264,1.31,1777876221
All Pools,KLO - AVAX,0.3,False,20.92,14985.0,0.05231,0.13,1777876221
All Pools,AVAX - FRAX,0.3,False,19.6,1024.04,0.049,1.75,1777876221
All Pools,Psychic - AVAX,0.3,False,19.17,1196.75,0.04793,1.46,1777876221
All Pools,USDC.e - DAI.e,0.3,False,19.07,22733.0,0.04767,0.08,1777876221
All Pools,BOOTY - AVAX,0.3,False,19.04,2139.89,0.0476,0.81,1777876221
All Pools,AVAX - DOMI,0.3,False,18.92,17578.0,0.04729,0.1,1777876221
All Pools,BLIZZ - AVAX,0.3,False,18.75,880.37,0.04687,1.94,1777876221
All Pools,SHRAP - DOMI,0.3,False,18.22,296.25,0.04555,5.61,1777876221
All Pools,HAT - AVAX,0.3,False,17.93,9674.02,0.04484,0.17,1777876221
All Pools,GUN - AVAX,0.3,False,17.67,447.07,0.04418,3.61,1777876221
All Pools,POLAR - AVAX,0.3,False,17.12,1851.37,0.0428,0.84,1777876221
All Pools,SECOND - AVAX,0.3,False,16.03,1793.34,0.04008,0.82,1777876221
All Pools,SECOND - USDC,0.3,False,16.02,7269.16,0.04006,0.2,1777876221
All Pools,CAPY - ARENA,0.3,False,15.41,31678.0,0.03852,0.04,1777876221
All Pools,RGOGLZ - USDC,0.3,False,15.24,1608.88,0.0381,0.86,1777876221
All Pools,BUSD - AVAX,0.3,False,14.78,425.37,0.03695,3.17,1777876221
All Pools,HUSKY - AVAX,0.3,False,14.74,3722.96,0.03685,0.36,1777876221
All Pools,HATCHY - AVAX,0.3,False,14.22,9925.04,0.03554,0.13,1777876221
All Pools,APIX - LAMBO,0.3,False,14.09,567.5,0.03522,2.27,1777876221
All Pools,sAVAX - JACK,0.3,False,14.0,293330.0,0.035,0.0,1777876221
All Pools,AVAX - GEC,0.3,False,14.0,36456.0,0.03499,0.04,1777876221
All Pools,Psychic - XAUt0,0.3,False,13.66,7041.98,0.03416,0.18,1777876221
All Pools,TECH - AVAX,0.3,False,13.43,14338.0,0.03358,0.09,1777876221
All Pools,XROSS - ORNG,0.3,False,13.4,481.02,0.0335,2.54,1777876221
All Pools,ZRO - AVAX,0.3,False,12.74,201.95,0.03186,5.76,1777876221
All Pools,UST - USDC.e,0.3,False,12.41,766.51,0.03103,1.48,1777876221
All Pools,YUSD - AVAX,0.3,False,12.01,134.94,0.03002,8.12,1777876221
All Pools,ORNG - JUCI,0.3,False,11.83,502.22,0.02958,2.15,1777876221
All Pools,ORNG - MOOM,0.3,False,11.74,401.6,0.02935,2.67,1777876221
All Pools,DCAU - AVAX,0.3,False,11.44,1282.99,0.0286,0.81,1777876221
All Pools,DCAU - USDT.e,0.3,False,10.99,5354.25,0.02749,0.19,1777876221
All Pools,Ush - AVAX,0.3,False,10.84,2845.38,0.02709,0.35,1777876221
All Pools,PTOP1000 - AVAX,0.1,False,10.36,639.56,0.01038,0.59,1777876221
All Pools,DATCM - ORNG,0.3,False,10.35,483.77,0.02588,1.95,1777876221
All Pools,AVAX - HON,0.3,False,10.22,91797.0,0.02554,0.01,1777876221
All Pools,COMET - AVAX,0.3,False,10.19,493.02,0.02549,1.89,1777876221
All Pools,agEUR - USDC,0.3,False,10.18,63.91,0.02545,14.54,1777876221
All Pools,SYN - AVAX,0.3,False,9.992,2790.77,0.02498,0.33,1777876221
All Pools,AVAXAI - USDC,0.3,False,9.68,1724.21,0.0242,0.51,1777876221
All Pools,MYST - AVAX,0.3,False,9.664,924.53,0.02416,0.95,1777876221
All Pools,YOU - ORNG,0.3,False,9.465,3209.52,0.02366,0.27,1777876221
All Pools,STRZ - AVAX,0.3,False,9.168,27.88,0.02292,30.0,1777876221
All Pools,MEAT - AVAX,0.3,False,9.071,5426.92,0.02268,0.15,1777876221
All Pools,JPYC - USDC,0.3,False,8.644,351.59,0.02161,2.24,1777876221
All Pools,KINGSHIT - AVAX,0.3,False,8.355,5025.19,0.02089,0.15,1777876221
All Pools,ORNG - FLUX,0.3,False,7.728,357.74,0.01932,1.97,1777876221
All Pools,BLSEYE🎯 - ARENA,0.3,False,7.664,1188.29,0.01916,0.59,1777876221
All Pools,ORNG - SAI,0.3,False,6.634,300.71,0.01659,2.01,1777876221
All Pools,FITFI - AVAX,0.3,False,6.439,39.19,0.0161,14.99,1777876221
All Pools,UST - USDC,0.3,False,6.435,484.66,0.01609,1.21,1777876221
All Pools,WINK - AVAX,0.3,False,5.976,89.06,0.01494,6.12,1777876221
All Pools,EGG - AVAX,0.3,False,5.717,23301.0,0.01429,0.02,1777876221
All Pools,AVAX - PEFI,0.3,False,5.66,4573.15,0.01415,0.11,1777876221
All Pools,avUSD - sAVAX,0.3,False,4.805,266.91,0.01201,1.64,1777876221
All Pools,AVAX - ELK,0.3,False,4.745,1735.51,0.01186,0.25,1777876221
All Pools,MAI - AVAX,0.3,False,4.651,1834.64,0.01163,0.23,1777876221
All Pools,Psychic - BLACK,0.3,False,4.271,470.49,0.01068,0.83,1777876221
All Pools,BLS - USDt,0.3,False,4.164,120.35,0.01041,3.16,1777876221
All Pools,USDT.e - DAI.e,0.3,False,4.034,7324.03,0.01009,0.05,1777876221
All Pools,LINK.e - USDT.e,0.3,False,3.774,234.64,0.00943,1.47,1777876221
All Pools,LUNA - AVAX,0.3,False,3.662,22.62,0.00916,14.77,1777876221
All Pools,Gravity - BLACK,0.3,False,3.551,1080.42,0.00888,0.3,1777876221
All Pools,USDC.e - USDT.e,0.3,False,3.506,40312.0,0.00876,0.01,1777876221
All Pools,USV - DAI.e,0.3,False,3.502,4303.9,0.00876,0.07,1777876221
All Pools,LIQR - AVAX,0.3,False,3.413,52203.0,0.00853,0.01,1777876221
All Pools,USDT.e - CLY,0.3,False,3.386,264.7,0.00846,1.17,1777876221
All Pools,FollowTheWhiteRabbit - BLACK,0.3,False,3.343,1193.19,0.00836,0.26,1777876221
All Pools,SWIFT - USDC.e,0.3,False,3.335,545.62,0.00834,0.56,1777876221
All Pools,MYST - USDC,0.3,False,3.238,259.02,0.0081,1.14,1777876221
All Pools,ISA - USDC.e,0.3,False,3.233,494.08,0.00808,0.6,1777876221
All Pools,REDWOLF - AVAX,0.3,False,3.152,507.81,0.00788,0.57,1777876221
All Pools,BTC.b - TOPIA,0.3,False,3.091,314.09,0.00773,0.9,1777876221
All Pools,ISA - AVAX,0.3,False,3.045,1485.54,0.00761,0.19,1777876221
All Pools,Gravity - AVAX,0.3,False,2.93,343.05,0.00733,0.78,1777876221
All Pools,GUDVBZ - AVAX,0.3,False,2.902,452.39,0.00726,0.59,1777876221
All Pools,SWIFT - WETH.e,0.3,False,2.842,1661.51,0.00711,0.16,1777876221
All Pools,MIM - USDC.e,0.3,False,2.792,1997.2,0.00698,0.13,1777876221
All Pools,PNG - JOE,0.3,False,2.775,173.49,0.00694,1.46,1777876221
All Pools,LINK.e - USDC.e,0.3,False,2.759,195.51,0.0069,1.29,1777876221
All Pools,TINU - AVAX,0.3,False,2.724,1361.05,0.00681,0.18,1777876221
All Pools,Trinity - BLACK,0.3,False,2.714,571.16,0.00679,0.43,1777876221
All Pools,APOW - AVAX,0.3,False,2.689,1098.14,0.00672,0.22,1777876221
All Pools,Trinity - AVAX,0.3,False,2.665,1049.32,0.00666,0.23,1777876221
All Pools,WETH - USDC.e,0.3,False,2.626,230.9,0.00657,1.04,1777876221
All Pools,AVAX - aXEN,0.3,False,2.503,79.32,0.00626,2.88,1777876221
All Pools,YAK - USDC.e,0.3,False,2.437,222.35,0.00609,1.0,1777876221
All Pools,SVETA - AVAX,0.3,False,2.41,1426.63,0.00603,0.15,1777876221
All Pools,FollowTheWhiteRabbit - AVAX,0.3,False,2.365,167.36,0.00591,1.29,1777876221
All Pools,LUNA - USDC.e,0.3,False,2.302,329.55,0.00576,0.64,1777876221
All Pools,3QF - D - AVAX,0.3,False,2.284,1781.37,0.00571,0.12,1777876221
All Pools,3QF - D - WETH.e,0.3,False,2.278,3155.97,0.00569,0.07,1777876221
All Pools,Now - BLACK,0.3,False,2.275,448.42,0.00569,0.46,1777876221
All Pools,USDC - SHRAP,0.3,False,2.249,28.23,0.00562,7.27,1777876221
All Pools,WETH.e - USDT.e,0.3,False,2.12,168.74,0.0053,1.15,1777876221
All Pools,XAUt0 - Gravity,0.3,False,2.107,402.69,0.00527,0.48,1777876221
All Pools,AVAX - FRAX,0.3,False,2.106,276.19,0.00526,0.7,1777876221
All Pools,USDt - USDT.e,0.3,False,2.1,20418.0,0.00525,0.01,1777876221
All Pools,DPS - AVAX,0.3,False,2.096,225.08,0.00524,0.85,1777876221
All Pools,DPS - USDC,0.3,False,2.095,1953.85,0.00524,0.1,1777876221
All Pools,AAVE.e - REDWOLF,0.3,False,2.027,164.47,0.00507,1.12,1777876221
All Pools,67 - AVAX,0.3,False,2.022,26.35,0.00505,7.0,1777876221
All Pools,USDC.e - MU,0.3,False,2.001,13489.0,0.005,0.01,1777876221
All Pools,AVAX - TIME,0.3,False,1.973,1229.36,0.00493,0.15,1777876221
All Pools,JOE - USDT,0.3,False,1.965,365.98,0.00491,0.49,1777876221
All Pools,MaryMagdalene - AVAX,0.3,False,1.945,227.63,0.00486,0.78,1777876221
All Pools,BLSEYE🎯 - BEAM,0.3,False,1.904,350.47,0.00476,0.5,1777876221
All Pools,AVAX - USDT,0.3,False,1.887,2019.7,0.00472,0.09,1777876221
All Pools,USDC - SOCK,0.3,False,1.887,490.08,0.00472,0.35,1777876221
All Pools,AVAX - SOCK,0.3,False,1.885,3367.1,0.00471,0.05,1777876221
All Pools,AVAX - APOW,0.3,False,1.883,26091.0,0.00471,0.01,1777876221
All Pools,Now - AVAX,0.3,False,1.879,270.66,0.0047,0.63,1777876221
All Pools,XAUt0 - Now,0.3,False,1.877,719.66,0.00469,0.24,1777876221
All Pools,REDWOLF - USDC,0.3,False,1.777,204.4,0.00444,0.79,1777876221
All Pools,GENI - AVAX,0.3,False,1.759,75.03,0.0044,2.14,1777876221
All Pools,CATWIF - AVAX,0.3,False,1.747,3330.71,0.00437,0.05,1777876221
All Pools,HAREM - AVAX,0.3,False,1.694,142.7,0.00423,1.08,1777876221
All Pools,PIZZA - AVAX,0.3,False,1.684,521.03,0.00421,0.29,1777876221
All Pools,BEAR - AVAX,0.3,False,1.619,7349.06,0.00405,0.02,1777876221
All Pools,FXS - AVAX,0.3,False,1.56,447.49,0.0039,0.32,1777876221
All Pools,MAGICK - AVAX,0.3,False,1.51,360.76,0.00378,0.38,1777876221
All Pools,MAGICK - USDC,0.3,False,1.509,243.11,0.00377,0.57,1777876221
All Pools,SHOE - AVAX,0.3,False,1.452,673.45,0.00363,0.2,1777876221
All Pools,USDC.e - AVVO,0.3,False,1.439,253.18,0.0036,0.52,1777876221
All Pools,SHOE - BTC.b,0.3,False,1.401,854.9,0.0035,0.15,1777876221
All Pools,WETH.e - ONION,0.3,False,1.393,277.96,0.00348,0.46,1777876221
All Pools,USDT.e - ONION,0.3,False,1.392,777.52,0.00348,0.16,1777876221
All Pools,APOW - USDC,0.3,False,1.383,170.76,0.00346,0.74,1777876221
All Pools,AVAX - SPELL,0.3,False,1.363,2809.26,0.00341,0.04,1777876221
All Pools,LF - AVAX,0.3,False,1.306,295.98,0.00326,0.4,1777876221
All Pools,MIM - LF,0.3,False,1.305,913.69,0.00326,0.13,1777876221
All Pools,AVAX - ONION,0.3,False,1.302,184.7,0.00325,0.64,1777876221
All Pools,APOW - USDt,0.3,False,1.301,170.49,0.00325,0.7,1777876221
All Pools,HOST - DAI.e,0.3,False,1.296,2610.72,0.00324,0.05,1777876221
All Pools,HUSKY - JOE,0.3,False,1.217,185.4,0.00304,0.6,1777876221
All Pools,BLSEYE🎯 - MEOW,0.3,False,1.199,675.85,0.003,0.16,1777876221
All Pools,AVAX - NaughtiusMaximus,0.3,False,1.183,448.72,0.00296,0.24,1777876221
All Pools,XAUt0 - NaughtiusMaximus,0.3,False,1.155,1062.62,0.00289,0.1,1777876221
All Pools,USDC.e - ONION,0.3,False,1.126,389.24,0.00281,0.26,1777876221
All Pools,SMRTr - AVAX,0.3,False,1.086,37347.0,0.00272,0.0,1777876221
All Pools,AVAX - SHRAP,0.3,False,1.086,17.86,0.00272,5.55,1777876221
All Pools,SWIFT - AVAX,0.3,False,1.086,313.61,0.00271,0.32,1777876221
All Pools,SMRTr - USDC.e,0.3,False,1.082,127.1,0.0027,0.78,1777876221
All Pools,LUNA - AVAX,0.3,False,1.081,145.21,0.0027,0.68,1777876221
All Pools,WBTC.e - ONION,0.3,False,1.076,412.91,0.00269,0.24,1777876221
All Pools,AVAX - AMI,0.3,False,1.044,547.96,0.00261,0.17,1777876221
All Pools,rloop - AVAX,0.3,False,0.99149,6319.41,0.00248,0.01,1777876221
All Pools,LUEEGI - AVAX,0.3,False,0.98903,1604.06,0.00247,0.06,1777876221
All Pools,DAI.e - ONION,0.3,False,0.97067,355.73,0.00243,0.25,1777876221
All Pools,BANKSY - AVAX,0.3,False,0.97036,174.82,0.00243,0.51,1777876221
All Pools,BANKSY - USDT.e,0.3,False,0.96959,1562.52,0.00242,0.06,1777876221
All Pools,MIM - PEFI,0.3,False,0.96498,206.37,0.00241,0.43,1777876221
All Pools,ROY - AVAX,0.3,False,0.96256,5017.41,0.00241,0.02,1777876221
All Pools,AVAX - IMPACT2,0.3,False,0.94576,172.13,0.00236,0.5,1777876221
All Pools,WBTC.e - USDT.e,0.3,False,0.91101,173.53,0.00228,0.48,1777876221
All Pools,MaryMagdalene - XAUt0,0.3,False,0.90443,1958.01,0.00226,0.04,1777876221
All Pools,KIWI - AVAX,0.3,False,0.89149,117.46,0.00223,0.69,1777876221
All Pools,KIWI - USDC,0.3,False,0.87277,312.36,0.00218,0.25,1777876221
All Pools,DREGG - AVAX,0.3,False,0.87077,182.28,0.00218,0.44,1777876221
All Pools,Trinity - Psychic,0.3,False,0.86937,552.35,0.00217,0.14,1777876221
All Pools,BLS - SHRAP,0.3,False,0.86864,10.04,0.00217,7.9,1777876221
All Pools,DREGG - USDT.e,0.3,False,0.86738,549.33,0.00217,0.14,1777876221
All Pools,AVAX - $SICKO,0.3,False,0.83496,10.04,0.00209,7.59,1777876221
All Pools,AVAX - MU,0.3,False,0.82765,89.75,0.00207,0.84,1777876221
All Pools,ACS - AVAX,0.3,False,0.82047,210.33,0.00205,0.36,1777876221
All Pools,COQ - BLSEYE🎯,0.3,False,0.79447,217.25,0.00199,0.33,1777876221
All Pools,AVAX - AVVO,0.3,False,0.78509,307.77,0.00196,0.23,1777876221
All Pools,FTOMB - AVAX,0.3,False,0.77124,10309.0,0.00193,0.01,1777876221
All Pools,YETI - AVAX,0.3,False,0.75916,947.5,0.0019,0.07,1777876221
All Pools,TRESR - AVAX,0.3,False,0.74454,14870.0,0.00186,0.0,1777876221
All Pools,AVAX - ChristMark,0.3,False,0.72406,362.2,0.00181,0.18,1777876221
All Pools,AVAX - SMRT,0.3,False,0.71888,2382.21,0.0018,0.03,1777876221
All Pools,DCAU - USDC,0.3,False,0.71508,152.44,0.00179,0.43,1777876221
All Pools,GUN - AMI,0.3,False,0.69508,22.5,0.00174,2.82,1777876221
All Pools,AVAX - KONG,0.3,False,0.69187,7569.38,0.00173,0.01,1777876221
All Pools,UST - USDT.e,0.3,False,0.68035,43.43,0.0017,1.43,1777876221
All Pools,LadyMary - AVAX,0.3,False,0.67852,369.14,0.0017,0.17,1777876221
All Pools,USDT.e - SMRT,0.3,False,0.67648,107.65,0.00169,0.57,1777876221
All Pools,USDC - SPT,0.3,False,0.66072,40.98,0.00165,1.47,1777876221
All Pools,CANS - AVAX,0.3,False,0.65259,13.1,0.00163,4.55,1777876221
All Pools,Gladiator - AVAX,0.3,False,0.64876,3.75,0.00162,15.79,1777876221
All Pools,FollowTheWhiteRabbit - LuciferMorningstar,0.3,False,0.63467,3677.14,0.00159,0.02,1777876221
All Pools,MAXI - DAI.e,0.3,False,0.62521,237.6,0.00156,0.24,1777876221
All Pools,USDC - SDOG,0.3,False,0.61889,485.5,0.00155,0.12,1777876221
All Pools,GAINS - AVAX,0.3,False,0.60469,41.15,0.00151,1.34,1777876221
All Pools,USDC - GAU,0.3,False,0.59847,12279.0,0.0015,0.0,1777876221
All Pools,AVAX - TheGospelOfMary,0.3,False,0.5969,160.45,0.00149,0.34,1777876221
All Pools,GURS - AVAX,0.3,False,0.59471,7742.39,0.00149,0.01,1777876221
All Pools,Orange - AVAX,0.3,False,0.59197,88.52,0.00148,0.61,1777876221
All Pools,MONEY - AVAX,0.3,False,0.59067,641.07,0.00148,0.08,1777876221
All Pools,AVAX - ARENA,0.3,False,0.5639,81.97,0.00141,0.63,1777876221
All Pools,LadyMary - FollowTheWhiteRabbit,0.3,False,0.56163,657.48,0.0014,0.08,1777876221
All Pools,HOST - AVAX,0.3,False,0.5562,107.66,0.00139,0.47,1777876221
All Pools,MM - USDC,0.3,False,0.55023,84.89,0.00138,0.59,1777876221
All Pools,XAUt0 - ChristMark,0.3,False,0.55004,700.43,0.00138,0.07,1777876221
All Pools,MM - AVAX,0.3,False,0.54599,136.25,0.00136,0.37,1777876221
All Pools,Trinity - LuciferMorningstar,0.3,False,0.53756,355099463.0,0.00134,,1777876221
All Pools,AVAX - PENDLE,0.3,False,0.53102,7819.93,0.00133,0.01,1777876221
All Pools,AMPL - AVAX,0.3,False,0.51174,344.33,0.00128,0.14,1777876221
All Pools,KALM - AVAX,0.3,False,0.50975,128.62,0.00127,0.36,1777876221
All Pools,KALM - USDC,0.3,False,0.50954,85.61,0.00127,0.54,1777876221
All Pools,JOE - EXP,0.3,False,0.50775,13504438.0,0.00127,,1777876221
All Pools,HEFE - GAINS,0.3,False,0.49422,5.942,0.00124,7.59,1777876221
All Pools,MIM - TIME,0.3,False,0.48092,123.38,0.0012,0.36,1777876221
All Pools,AVAX - ZUBAX,0.3,False,0.47724,118.19,0.00119,0.37,1777876221
All Pools,PTOP1100 - TOPIA,0.3,False,0.47646,152.91,0.00119,0.28,1777876221
All Pools,USDt - IMPACT2,0.3,False,0.47087,72.35,0.00118,0.59,1777876221
All Pools,50 - AVAX,0.3,False,0.47008,77.14,0.00118,0.56,1777876221
All Pools,50 - USDC,0.3,False,0.46982,121.11,0.00117,0.35,1777876221
All Pools,STATIK - AVAX,0.3,False,0.46439,44.76,0.00116,0.95,1777876221
All Pools,FERT - AVAX,0.3,False,0.4636,811.04,0.00116,0.05,1777876221
All Pools,PTOP900 - TOPIA,0.3,False,0.45979,105.58,0.00115,0.4,1777876221
All Pools,Orange - DivineFeminine,0.3,False,0.45842,1115.4,0.00115,0.04,1777876221
All Pools,USDC.e - WXT,0.3,False,0.4566,292.14,0.00114,0.14,1777876221
All Pools,Psychic - Now,0.3,False,0.45294,639.94,0.00113,0.06,1777876221
All Pools,BTC.b - oXAUT,0.3,False,0.44915,375.56,0.00112,0.11,1777876221
All Pools,oXAUT - AVAX,0.3,False,0.44906,522.44,0.00112,0.08,1777876221
All Pools,ZUBAX - USDT.e,0.3,False,0.44798,185.52,0.00112,0.22,1777876221
All Pools,SYMBIOT - AVAX,0.3,False,0.44599,92.78,0.00111,0.44,1777876221
All Pools,VPND - AVAX,0.3,False,0.44333,25728.0,0.00111,0.0,1777876221
All Pools,MU - DAI.e,0.3,False,0.44224,245.99,0.00111,0.16,1777876221
All Pools,SYMBIOT - DAI.e,0.3,False,0.43701,471.41,0.00109,0.08,1777876221
All Pools,BNB - AVAX,0.3,False,0.43055,4164.47,0.00108,0.01,1777876221
All Pools,LINDA - AVAX,0.3,False,0.41553,2106.57,0.00104,0.02,1777876221
All Pools,BrideOfChrist - AVAX,0.3,False,0.41215,90.28,0.00103,0.42,1777876221
All Pools,BTC.b - SPT,0.3,False,0.41098,40.01,0.00103,0.94,1777876221
All Pools,MaryMagdalene - FollowTheWhiteRabbit,0.3,False,0.40605,209.09,0.00102,0.18,1777876221
All Pools,BTC.b - IMPACT2,0.3,False,0.40433,1285.03,0.00101,0.03,1777876221
All Pools,JEWEL - USDC,0.3,False,0.40251,4535.69,0.00101,0.01,1777876221
All Pools,ZRO - USDC,0.3,False,0.3935,5.666,,6.34,1777876221
All Pools,WETH.e - USDC,0.3,False,0.39224,22.89,,1.56,1777876221
All Pools,gOHM - SB,0.3,False,0.38097,15.85,,2.19,1777876221
All Pools,USDT - ETH,0.3,False,0.37489,216.4,,0.16,1777876221
All Pools,HEFE - CANS,0.3,False,0.36443,4.341,,7.66,1777876221
All Pools,Gladiator - USDC,0.3,False,0.35467,567.46,,0.06,1777876221
All Pools,SOL - USDC,0.3,False,0.34312,24.26,,1.29,1777876221
All Pools,BLUB - AVAX,0.3,False,0.33939,17177.0,,0.0,1777876221
All Pools,HUSKY - AMI,0.3,False,0.33218,87.49,,0.35,1777876221
All Pools,WETH.e - SURE,0.3,False,0.33066,1109.62,,0.03,1777876221
All Pools,Gladiator - AMI,0.3,False,0.32993,375.8,,0.08,1777876221
All Pools,WETH.e - REDWOLF,0.3,False,0.31943,103.71,,0.28,1777876221
All Pools,FollowTheWhiteRabbit - TheGospelOfMary,0.3,False,0.31619,159.46,,0.18,1777876221
All Pools,USDC - aXEN,0.3,False,0.30962,9.361,,3.02,1777876221
All Pools,KIMBO - CANS,0.3,False,0.29561,396.63,,0.07,1777876221
All Pools,Psychic - Meaning,0.3,False,0.29131,316.62,,0.08,1777876221
All Pools,Meaning - AVAX,0.3,False,0.29108,457.95,,0.06,1777876221
All Pools,RUX - AVAX,0.3,False,0.28361,30.53,,0.85,1777876221
All Pools,BOI - MU,0.3,False,0.28349,1.199,,21.58,1777876221
All Pools,USDt - RUX,0.3,False,0.28347,16112.0,,0.0,1777876221
All Pools,USDC - CHAM,0.3,False,0.2833,50.38,,0.51,1777876221
All Pools,CGS - AVAX,0.3,False,0.2779,66.98,,0.38,1777876221
All Pools,CGS - USDC.e,0.3,False,0.27774,159.48,,0.16,1777876221
All Pools,USDC.e - SOL,0.3,False,0.27478,41.94,,0.6,1777876221
All Pools,IMPACT2 - EURC,0.3,False,0.27467,47.44,,0.53,1777876221
All Pools,CQK - AVAX,0.3,False,0.2708,133.13,,0.19,1777876221
All Pools,CQK - USDC,0.3,False,0.27064,35.43,,0.7,1777876221
All Pools,ABC - AVAX,0.3,False,0.26698,1099.92,,0.02,1777876221
All Pools,sAVAX - COQ,0.3,False,0.2623,95.11,,0.25,1777876221
All Pools,DCAU - MIM,0.3,False,0.26083,313.82,,0.08,1777876221
All Pools,USDC - USD+,0.3,False,0.2548,33.16,,0.7,1777876221
All Pools,JOE - KRW,0.3,False,0.25334,239.63,,0.1,1777876221
All Pools,KRW - AVAX,0.3,False,0.25319,460.29,,0.05,1777876221
All Pools,USDT.e - MU,0.3,False,0.25103,255.42,,0.09,1777876221
All Pools,AftermathsKobe - AVAX,0.3,False,0.25059,297.67,,0.08,1777876221
All Pools,BUSD - USDC,0.3,False,0.25016,7.769,,2.94,1777876221
All Pools,Psychic - AftermathsKobe,0.3,False,0.25005,328.65,,0.07,1777876221
All Pools,miMatic - USDC.e,0.3,False,0.24835,23.44,,0.97,1777876221
All Pools,DivineFeminine - Gravity,0.3,False,0.2483,2349.92,,0.01,1777876221
All Pools,AVAX - WISE,0.3,False,0.24394,79.52,,0.28,1777876221
All Pools,USDC.e - WISE,0.3,False,0.24385,46.28,,0.48,1777876221
All Pools,AVAI - AVAX,0.3,False,0.23976,29.56,,0.74,1777876221
All Pools,BOI - AMI,0.3,False,0.23904,1.027,,21.24,1777876221
All Pools,Psychic - Ducks,0.3,False,0.23321,323.44,,0.07,1777876221
All Pools,Ducks - AVAX,0.3,False,0.23303,292.92,,0.07,1777876221
All Pools,MIM - MU,0.3,False,0.22755,254.2,,0.08,1777876221
All Pools,AVAX - TOPIA,0.3,False,0.22731,533.5,,0.04,1777876221
All Pools,Psychic - Jjj,0.3,False,0.22584,323.84,,0.06,1777876221
All Pools,Jjj - AVAX,0.3,False,0.22576,293.51,,0.07,1777876221
All Pools,USDC - yyAVAX,0.3,False,0.2252,14.35,,1.43,1777876221
All Pools,MaryMagdalene - TheGospelOfMary,0.3,False,0.22466,272.81,,0.08,1777876221
All Pools,TSD - AVAX,0.3,False,0.22069,327.56,,0.06,1777876221
All Pools,VENG - AVAX,0.3,False,0.21857,60.76,,0.33,1777876221
All Pools,COQ - NOCHILL,0.3,False,0.21382,15.34,,1.27,1777876221
All Pools,FollowTheWhiteRabbit - DivineFeminine,0.3,False,0.21041,686.29,,0.03,1777876221
All Pools,BrideOfChrist - FollowTheWhiteRabbit,0.3,False,0.20682,737.4,,0.03,1777876221
All Pools,VEE - USDC,0.3,False,0.20371,32.58,,0.57,1777876221
All Pools,COQ - OX,0.3,False,0.20346,12268.0,,0.0,1777876221
All Pools,Psychic - Xmas,0.3,False,0.20212,304.23,,0.06,1777876221
All Pools,Xmas - AVAX,0.3,False,0.20212,276.19,,0.07,1777876221
All Pools,AVAX - FORT,0.3,False,0.201,39.45,,0.46,1777876221
All Pools,MIM - FORT,0.3,False,0.20083,18157.0,,0.0,1777876221
All Pools,COQ - JUICE,0.3,False,0.20032,48.5,,0.38,1777876221
All Pools,Psychic - MeaningOfNumbers,0.3,False,0.20032,323.78,,0.06,1777876221
All Pools,AVAX - MeaningOfNumbers,0.3,False,0.20022,293.15,,0.06,1777876221
All Pools,SURE - DAI.e,0.3,False,0.19749,28.33,,0.64,1777876221
All Pools,AVAX - XPOW,0.3,False,0.19132,40.4,,0.43,1777876221
All Pools,AVAX - DUO,0.3,False,0.18682,71.52,,0.24,1777876221
All Pools,USDT.e - DUO,0.3,False,0.18662,57.63,,0.3,1777876221
All Pools,DFIAT - AVAX,0.3,False,0.18579,7612.08,,0.0,1777876221
All Pools,DFIAT - USDT.e,0.3,False,0.18557,28.38,,0.6,1777876221
All Pools,AVVO - DAI.e,0.3,False,0.18233,39.83,,0.42,1777876221
All Pools,Psychic - Prometheus,0.3,False,0.18188,314.92,,0.05,1777876221
All Pools,AVAX - Prometheus,0.3,False,0.18185,286.46,,0.06,1777876221
All Pools,MaryMagdalene - Gravity,0.3,False,0.18139,133.29,,0.12,1777876221
All Pools,AI - AVAX,0.3,False,0.18093,4394.2,,0.0,1777876221
All Pools,AVAX - APOW,0.3,False,0.17894,39.91,,0.41,1777876221
All Pools,SLUSH - AVAX,0.3,False,0.1756,59.27,,0.27,1777876221
All Pools,SLUSH - USDT.e,0.3,False,0.17539,60.27,,0.27,1777876221
All Pools,DéjàVu - Gravity,0.3,False,0.17525,210.37,,0.08,1777876221
All Pools,FollowTheWhiteRabbit - Priory,0.3,False,0.17407,934.93,,0.02,1777876221
All Pools,Priory - AVAX,0.3,False,0.17405,77.31,,0.21,1777876221
All Pools,AVAX - CHAM,0.3,False,0.17353,33.28,,0.48,1777876221
All Pools,- AMI,0.3,False,0.17328,12.94,,1.22,1777876221
All Pools,DivineFeminine - AVAX,0.3,False,0.17288,6.279,,2.51,1777876221
All Pools,AVAT - USDC,0.3,False,0.17148,40.77,,0.38,1777876221
All Pools,Gold - Now,0.3,False,0.16939,906.65,,0.02,1777876221
All Pools,Gold - AVAX,0.3,False,0.16936,89.16,,0.17,1777876221
All Pools,TOPIA - PTOP800,0.3,False,0.16519,148.61,,0.1,1777876221
All Pools,AVAX - MILO,0.3,False,0.16422,1165.38,,0.01,1777876221
All Pools,USDt - MILO,0.3,False,0.16413,17.3,,0.87,1777876221
All Pools,Chemistry - AVAX,0.3,False,0.16337,89.73,,0.17,1777876221
All Pools,LUNA - LUNA,0.3,False,0.16299,2.535,,5.87,1777876221
All Pools,HEFE - AMI,0.3,False,0.1613,1.792,,8.21,1777876221
All Pools,PTOP1000 - TOPIA,0.3,False,0.16114,103.89,,0.14,1777876221
All Pools,AVAX - SPT,0.3,False,0.16087,16.59,,0.88,1777876221
All Pools,NOCHILL - KET,0.3,False,0.1585,16.63,,0.87,1777876221
All Pools,AVAX - ELK,0.3,False,0.15756,70.64,,0.2,1777876221
All Pools,BrideOfChrist - BLACK,0.3,False,0.15633,33.5,,0.43,1777876221
All Pools,Trinity - Gravity,0.3,False,0.15626,2495.01,,0.01,1777876221
All Pools,YEEHAW - BTC.b,0.3,False,0.15538,129.7,,0.11,1777876221
All Pools,wsOHM - AVAX,0.3,False,0.15383,22.31,,0.63,1777876221
All Pools,USDT.e - ZABU,0.3,False,0.15015,48.46,,0.28,1777876221
All Pools,PAPA - AVAX,0.3,False,0.14921,30.88,,0.44,1777876221
All Pools,MIM - PAPA,0.3,False,0.14908,415.44,,0.03,1777876221
All Pools,LINK.e - REDWOLF,0.3,False,0.14872,81.84,,0.17,1777876221
All Pools,MaryMagdalene - BrideOfChrist,0.3,False,0.14676,120.91,,0.11,1777876221
All Pools,$Crazy - AVAX,0.3,False,0.14483,1014.8,,0.01,1777876221
All Pools,Chemistry - Now,0.3,False,0.14346,911.31,,0.01,1777876221
All Pools,AVAX - LuciferMorningstar,0.3,False,0.14281,14.69,,0.89,1777876221
All Pools,SURE - USDC.e,0.3,False,0.14014,23.81,,0.54,1777876221
All Pools,USDC - BVAX,0.3,False,0.13947,31.05,,0.41,1777876221
All Pools,MIM - wsOHM,0.3,False,0.13912,1103.14,,0.01,1777876221
All Pools,Psychic - BlackAndGold,0.3,False,0.1337,323.19,,0.04,1777876221
All Pools,Matter - AVAX,0.3,False,0.13359,80.93,,0.15,1777876221
All Pools,AVAX - BlackAndGold,0.3,False,0.13357,294.63,,0.04,1777876221
All Pools,Orange - Matter,0.3,False,0.13329,9059.83,,0.0,1777876221
All Pools,YEEHAW - AVAX,0.3,False,0.13201,32.3,,0.37,1777876221
All Pools,GLOBA - AVAX,0.3,False,0.13056,51.83,,0.23,1777876221
All Pools,SUB - USDC,0.3,False,0.1293,13.48,,0.88,1777876221
All Pools,WLRS - USDC.e,0.3,False,0.12838,4536.54,,0.0,1777876221
All Pools,GLOBA - DAI.e,0.3,False,0.12482,52.74,,0.22,1777876221
All Pools,Hopi - AVAX,0.3,False,0.12352,218.13,,0.05,1777876221
All Pools,Hopi - Now,0.3,False,0.12345,721.81,,0.02,1777876221
All Pools,USDt - REDWOLF,0.3,False,0.1229,15.06,,0.74,1777876221
All Pools,METAG - AVAX,0.3,False,0.12277,24.6,,0.46,1777876221
All Pools,ElvisJackpot - BLACK,0.3,False,0.12213,17.95,,0.62,1777876221
All Pools,USDt - DXN,0.3,False,0.12121,215.86,,0.05,1777876221
All Pools,YETI - AVAX,0.3,False,0.12008,3317.02,,0.0,1777876221
All Pools,VELAI - AVAX,0.3,False,0.11947,0.32607,,33.43,1777876221
All Pools,AVAX - ZABU,0.3,False,0.11877,30.51,,0.36,1777876221
All Pools,RoselineBloodline - AVAX,0.3,False,0.11798,44.34,,0.24,1777876221
All Pools,AVAT - AVAX,0.3,False,0.11653,21.71,,0.49,1777876221
All Pools,Beyond - AVAX,0.3,False,0.114,90.11,,0.12,1777876221
All Pools,Beyond - Orange,0.3,False,0.11378,4470.57,,0.0,1777876221
All Pools,WBTC.e - REDWOLF,0.3,False,0.11203,59.74,,0.17,1777876221
All Pools,REDWOLF - SOL,0.3,False,0.11161,75.56,,0.13,1777876221
All Pools,miMatic - AVAX,0.3,False,0.11065,37.22,,0.27,1777876221
All Pools,MELT - AVAX,0.3,False,0.11002,25.14,,0.4,1777876221
All Pools,Solar - AVAX,0.3,False,0.10994,89.93,,0.11,1777876221
All Pools,Solar - Now,0.3,False,0.10987,914.49,,0.01,1777876221
All Pools,AVAX - SDOG,0.3,False,0.10979,10.27,,0.98,1777876221
All Pools,RPEPE - AVAX,0.3,False,0.10797,6358.84,,0.0,1777876221
All Pools,Psychic - DéjàVu,0.3,False,0.1071,199.12,,0.05,1777876221
All Pools,Psychic - CommieSukey,0.3,False,0.10605,323.77,,0.03,1777876221
All Pools,CommieSukey - AVAX,0.3,False,0.10604,294.1,,0.03,1777876221
All Pools,USDt - XPOW,0.3,False,0.1044,20.38,,0.47,1777876221
All Pools,WarpSpeed - AVAX,0.3,False,0.10421,138.63,,0.07,1777876221
All Pools,Gravity - WarpSpeed,0.3,False,0.10419,84.77,,0.11,1777876221
All Pools,USDC - APOW,0.3,False,0.10336,20.33,,0.46,1777876221
All Pools,XAUt0 - ElvisJackpot,0.3,False,0.10152,331.32,,0.03,1777876221
All Pools,TOMB - USDC,0.3,False,0.09815,10.74,,0.83,1777876221
All Pools,MIM - USDC,0.3,False,0.09767,76.66,,0.12,1777876221
All Pools,Christmas - Merovingian,0.3,False,0.09712,118.19,,0.07,1777876221
All Pools,Christmas - AVAX,0.3,False,0.09709,251.19,,0.04,1777876221
All Pools,Now - Merovingian,0.3,False,0.09665,70.32,,0.13,1777876221
All Pools,TrumpTower - AVAX,0.3,False,0.09599,159.29,,0.05,1777876221
All Pools,TrumpTower - Gravity,0.3,False,0.09598,75.88,,0.12,1777876221
All Pools,JPYC - USDC.e,0.3,False,0.09463,4.797,,1.8,1777876221
All Pools,Psychic - MerryXmas,0.3,False,0.09141,292.57,,0.03,1777876221
All Pools,MerryXmas - AVAX,0.3,False,0.09121,265.72,,0.03,1777876221
All Pools,Trinity - LadyMary,0.3,False,0.09006,11324.0,,,1777876221
All Pools,UNI.e - REDWOLF,0.3,False,0.08945,9.766,,0.84,1777876221
All Pools,AVAX - Nala,0.3,False,0.08882,25.81,,0.31,1777876221
All Pools,MIM - GRAPE,0.3,False,0.08861,2409.35,,0.0,1777876221
All Pools,WLRS - GRAPE,0.3,False,0.08859,78.83,,0.1,1777876221
All Pools,USDC - XPOW,0.3,False,0.0868,20.42,,0.39,1777876221
All Pools,AVAX - GAU,0.3,False,0.08577,9.253,,0.85,1777876221
All Pools,HUSKY - MUG,0.3,False,0.08522,24.56,,0.32,1777876221
All Pools,AVAX - BLANC,0.3,False,0.08261,22.08,,0.34,1777876221
All Pools,MIM - BLANC,0.3,False,0.08253,8430.96,,,1777876221
All Pools,Psychic - DiamondbackGall,0.3,False,0.08208,318.11,,0.02,1777876221
All Pools,DiamondbackGall - AVAX,0.3,False,0.08191,289.82,,0.03,1777876221
All Pools,PTOP1300 - TOPIA,0.3,False,0.08188,98.16,,0.08,1777876221
All Pools,FLAKE - AVAX,0.3,False,0.08092,21.54,,0.34,1777876221
All Pools,FLAKE - USDT.e,0.3,False,0.08082,51.06,,0.14,1777876221
All Pools,METAG - USDt,0.3,False,0.08019,16.18,,0.45,1777876221
All Pools,Psychic - Serpentarius,0.3,False,0.07995,323.02,,0.02,1777876221
All Pools,TECH - OX,0.3,False,0.07991,4907.51,,0.0,1777876221
All Pools,Serpentarius - AVAX,0.3,False,0.0798,293.46,,0.02,1777876221
All Pools,LIBRE - USDC.e,0.3,False,0.07868,15.03,,0.48,1777876221
All Pools,BTC.b - REDWOLF,0.3,False,0.07744,120.81,,0.06,1777876221
All Pools,AVAX - SNOB,0.3,False,0.07676,968.49,,0.01,1777876221
All Pools,USDT.e - XAVA,0.3,False,0.07555,11.25,,0.61,1777876221
All Pools,USDt - APOW,0.3,False,0.07549,20.34,,0.34,1777876221
All Pools,COQ - BOOTY,0.3,False,0.07437,10.44,,0.65,1777876221
All Pools,AVAX - STRAW,0.3,False,0.07424,15.9,,0.43,1777876221
All Pools,HEFE - HIGHER,0.3,False,0.07378,0.89554,,7.52,1777876221
All Pools,ALOT - USDC.e,0.3,False,0.07103,9.325,,0.7,1777876221
All Pools,DAI.e - STRAW,0.3,False,0.07095,34.44,,0.19,1777876221
All Pools,Psychic - Stolen,0.3,False,0.06993,86.76,,0.07,1777876221
All Pools,Gil - AVAX,0.3,False,0.06934,17.3,,0.37,1777876221
All Pools,AVAX - BLACK,0.3,False,0.06923,6.105,,1.03,1777876221
All Pools,HIGHER - AVAX,0.3,False,0.06862,1.865,,3.36,1777876221
All Pools,Mungo - AVAX,0.3,False,0.06843,41.34,,0.15,1777876221
All Pools,DéjàVu - Mungo,0.3,False,0.06835,184.23,,0.03,1777876221
All Pools,UST - USDC,0.3,False,0.06757,4.437,,1.39,1777876221
All Pools,YEEHAW - USDC,0.3,False,0.06757,12.86,,0.48,1777876221
All Pools,Blue - AVAX,0.3,False,0.06687,264.49,,0.02,1777876221
All Pools,Gil - DAI.e,0.3,False,0.06626,28.67,,0.21,1777876221
All Pools,SLIME - AVAX,0.3,False,0.0659,21966.0,,,1777876221
All Pools,SLIME - USDt,0.3,False,0.06585,7.43,,0.81,1777876221
All Pools,TruthClosure - BLACK,0.3,False,0.06525,26.14,,0.23,1777876221
All Pools,AMI - TOPIA,0.3,False,0.06511,226.75,,0.03,1777876221
All Pools,GAS - AVAX,0.3,False,0.06444,232.95,,0.03,1777876221
All Pools,Go - AVAX,0.3,False,0.06427,140.63,,0.04,1777876221
All Pools,BANKSY - AVAX,0.3,False,0.06419,23.63,,0.25,1777876221
All Pools,BANKSY - USDC.e,0.3,False,0.06414,31.61,,0.19,1777876221
All Pools,SOB - LUNA,0.3,False,0.06387,1.342,,4.34,1777876221
All Pools,AVAX - NEMO,0.3,False,0.06222,7.847,,0.72,1777876221
All Pools,USDt - NEMO,0.3,False,0.06217,97.05,,0.06,1777876221
All Pools,FollowTheWhiteRabbit - RoselineBloodline,0.3,False,0.06214,41.62,,0.14,1777876221
All Pools,Light - AVAX,0.3,False,0.06184,90.03,,0.06,1777876221
All Pools,FITFI - USDC,0.3,False,0.06181,0.44738,,12.61,1777876221
All Pools,USDC - AMI,0.3,False,0.06178,0.67326,,8.37,1777876221
All Pools,Light - Now,0.3,False,0.0617,916.04,,0.01,1777876221
All Pools,Yellow - AVAX,0.3,False,0.06163,265.1,,0.02,1777876221
All Pools,NOCHILL - AMI,0.3,False,0.06102,6.126,,0.91,1777876221
All Pools,JOE - ZABU,0.3,False,0.05913,18.67,,0.29,1777876221
All Pools,REDWOLF - SHRAP,0.3,False,0.05913,1.159,,4.66,1777876221
All Pools,BTC.b - USDC,0.3,False,0.05811,4.693,,1.13,1777876221
All Pools,Gravity - TheGospelOfMary,0.3,False,0.05701,34.38,,0.15,1777876221
All Pools,AVAX - SantaGospel,0.3,False,0.05688,134.38,,0.04,1777876221
All Pools,MaryMagdalene - RoselineBloodline,0.3,False,0.05595,46.66,,0.11,1777876221
All Pools,Chrism - ChristMark,0.3,False,0.05587,181.85,,0.03,1777876221
All Pools,MELT - USDT.e,0.3,False,0.05524,31.04,,0.16,1777876221
All Pools,Gravity - NaughtiusMaximus,0.3,False,0.05498,5.077,,0.99,1777876221
All Pools,MELT - USDC.e,0.3,False,0.05469,31.39,,0.16,1777876221
All Pools,BENIS - NOCHILL,0.3,False,0.05411,4.94,,1.0,1777876221
All Pools,HEFE - Always,0.3,False,0.05398,0.87325,,5.64,1777876221
All Pools,wsOHM - USDC.e,0.3,False,0.05364,42.64,,0.11,1777876221
All Pools,Psychic - Blue,0.3,False,0.05295,83.14,,0.06,1777876221
All Pools,Psychic - Yellow,0.3,False,0.05201,83.24,,0.06,1777876221
All Pools,AMI - JUICY,0.3,False,0.05198,0.92877,,5.11,1777876221
All Pools,Sanskrit - AVAX,0.3,False,0.05151,90.14,,0.05,1777876221
All Pools,Sanskrit - Now,0.3,False,0.0514,917.25,,0.01,1777876221
All Pools,MIM - DAI.e,0.3,False,0.05118,52.13,,0.09,1777876221
All Pools,AVAX - Mentor,0.3,False,0.0494,89.74,,0.05,1777876221
All Pools,WETH.e - yyAVAX,0.3,False,0.04934,19.6,,0.23,1777876221
All Pools,Now - Mentor,0.3,False,0.04934,913.63,,0.0,1777876221
All Pools,bECH - AVAX,0.3,False,0.0486,21.9,,0.2,1777876221
All Pools,Stolen - AVAX,0.3,False,0.04833,17.8,,0.25,1777876221
All Pools,Who - AVAX,0.3,False,0.04787,139.77,,0.03,1777876221
All Pools,CNR - USDt,0.3,False,0.04765,4.908,,0.89,1777876221
All Pools,CNR - USDC,0.3,False,0.04721,4.891,,0.88,1777876221
All Pools,Silver - AVAX,0.3,False,0.04712,88.59,,0.05,1777876221
All Pools,Silver - Now,0.3,False,0.04703,917.66,,0.0,1777876221
All Pools,MIM - AUSD,0.3,False,0.04629,35.33,,0.12,1777876221
All Pools,MIM - SPELL,0.3,False,0.04614,7.649,,0.55,1777876221
All Pools,LoveIsTheKey - AVAX,0.3,False,0.04608,15.04,,0.28,1777876221
All Pools,Psychic - Nala,0.3,False,0.04504,271.27,,0.02,1777876221
All Pools,AVAX - All,0.3,False,0.04472,294.76,,0.01,1777876221
All Pools,Psychic - All,0.3,False,0.04464,323.32,,0.01,1777876221
All Pools,AVAX - LYLY,0.3,False,0.04426,72.93,,0.06,1777876221
All Pools,QI - LYLY,0.3,False,0.04416,2.728,,1.48,1777876221
All Pools,Anon - AVAX,0.3,False,0.04393,14.2,,0.28,1777876221
All Pools,Trinity - Nala,0.3,False,0.04388,41.2,,0.1,1777876221
All Pools,Psychic - Chrism,0.3,False,0.04345,64.56,,0.06,1777876221
All Pools,WDAO - AVAX,0.3,False,0.04315,19.88,,0.2,1777876221
All Pools,WDAO - MIM,0.3,False,0.0431,23.62,,0.17,1777876221
All Pools,COQ - AMI,0.3,False,0.04261,14.22,,0.27,1777876221
All Pools,METAG - USDT.e,0.3,False,0.04246,49.63,,0.08,1777876221
All Pools,MAJIN - AVAX,0.3,False,0.04216,4439.05,,,1777876221
All Pools,TruthClosure - AVAX,0.3,False,0.04213,11.67,,0.33,1777876221
All Pools,Apollyon - AVAX,0.3,False,0.04211,36.58,,0.11,1777876221
All Pools,Apollyon - LuciferMorningstar,0.3,False,0.04206,235196665.0,,,1777876221
All Pools,BTC.b - MU,0.3,False,0.04147,11.41,,0.33,1777876221
All Pools,wMEMO - MIM,0.3,False,0.04138,20.76,,0.18,1777876221
All Pools,Trinity - Stolen,0.3,False,0.04098,30.11,,0.12,1777876221
All Pools,wMEMO - AVAX,0.3,False,0.04042,13.91,,0.27,1777876221
All Pools,gOHM - wsOHM,0.3,False,0.04012,38.39,,0.1,1777876221
All Pools,COQ - JUICY,0.3,False,0.03994,0.70763,,5.15,1777876221
All Pools,GG - AVAX,0.3,False,0.03951,12.49,,0.29,1777876221
All Pools,MIM - GG,0.3,False,0.03945,23.57,,0.15,1777876221
All Pools,DUO - USDT.e,0.3,False,0.03915,7.378,,0.48,1777876221
All Pools,AVAX - GG,0.3,False,0.03876,9.55,,0.37,1777876221
All Pools,LoveYou - Gravity,0.3,False,0.03873,57.31,,0.06,1777876221
All Pools,LoveYou - AVAX,0.3,False,0.03873,61.88,,0.06,1777876221
All Pools,MIM - GG,0.3,False,0.0387,294.19,,0.01,1777876221
All Pools,Necromancer - AVAX,0.3,False,0.03845,90.01,,0.04,1777876221
All Pools,Now - Necromancer,0.3,False,0.03837,915.97,,0.0,1777876221
All Pools,USDC - WSPP,0.3,False,0.03836,44.13,,0.08,1777876221
All Pools,WBTC.e - USDC.e,0.3,False,0.03809,8.998,,0.39,1777876221
All Pools,AVAX - ETH,0.3,False,0.03807,16.7,,0.21,1777876221
All Pools,USDC - MXNB,0.3,False,0.03766,27.43,,0.13,1777876221
All Pools,RUGPULL - MUG,0.3,False,0.03764,185.53,,0.02,1777876221
All Pools,FollowTheWhiteRabbit - StatueOfLiberty,0.3,False,0.03761,512.7,,0.01,1777876221
All Pools,StatueOfLiberty - AVAX,0.3,False,0.0376,14.77,,0.23,1777876221
All Pools,JOE - ZUBAX,0.3,False,0.03758,9.172,,0.37,1777876221
All Pools,LINK.e - MU,0.3,False,0.03713,7.477,,0.45,1777876221
All Pools,Psychic - Who,0.3,False,0.03677,74.8,,0.04,1777876221
All Pools,WINK - NOCHILL,0.3,False,0.03677,1.002,,3.35,1777876221
All Pools,Gravity - ChristMark,0.3,False,0.0363,15.63,,0.21,1777876221
All Pools,AVAX - WOLF,0.3,False,0.03624,75.23,,0.04,1777876221
All Pools,USDC.e - WOLF,0.3,False,0.0362,8.89,,0.37,1777876221
All Pools,Void - AVAX,0.3,False,0.0361,88.35,,0.04,1777876221
All Pools,Psychic - Go,0.3,False,0.03609,74.54,,0.04,1777876221
All Pools,Void - Now,0.3,False,0.03603,919.12,,0.0,1777876221
All Pools,Four - AVAX,0.3,False,0.03542,74.7,,0.04,1777876221
All Pools,AVAX - Strength,0.3,False,0.03522,141.68,,0.02,1777876221
All Pools,Psychic - ArniStitch,0.3,False,0.03501,317.72,,0.01,1777876221
All Pools,AVAX - TMT,0.3,False,0.035,7.189,,0.44,1777876221
All Pools,NineHundred - AVAX,0.3,False,0.03496,140.67,,0.02,1777876221
All Pools,ArniStitch - AVAX,0.3,False,0.03495,287.71,,0.01,1777876221
All Pools,USDT.e - TMT,0.3,False,0.03495,26.26,,0.12,1777876221
All Pools,MELT - AVAX,0.3,False,0.03473,1154.42,,0.0,1777876221
All Pools,MELT - USDC.e,0.3,False,0.0347,7.123,,0.44,1777876221
All Pools,DrainTheSwamp - AVAX,0.3,False,0.03457,37.67,,0.08,1777876221
All Pools,SURE - AVAX,0.3,False,0.03438,7.251,,0.43,1777876221
All Pools,meGNX - AVAX,0.3,False,0.03416,17.64,,0.18,1777876221
All Pools,Chrism - BLACK,0.3,False,0.03389,2.413,,1.28,1777876221
All Pools,FITFI - USDC.e,0.3,False,0.03374,0.24089,,12.78,1777876221
All Pools,AVAX - MUG,0.3,False,0.03365,355.61,,0.01,1777876221
All Pools,MPL - AVAX,0.3,False,0.03257,6.21,,0.48,1777876221
All Pools,MPL - USDt,0.3,False,0.03255,30.81,,0.1,1777876221
All Pools,SMRT - XAVA,0.3,False,0.03242,2.891,,1.02,1777876221
All Pools,LoveIsTheKey - BLACK,0.3,False,0.03218,7.979,,0.37,1777876221
All Pools,GOOD - GAINS,0.3,False,0.03192,3.788,,0.77,1777876221
All Pools,GOOD - AVAX,0.3,False,0.03177,153.5,,0.02,1777876221
All Pools,NineHundred - BLACK,0.3,False,0.03143,4.859,,0.59,1777876221
All Pools,ICUBE - AVAX,0.3,False,0.03105,6.439,,0.44,1777876221
All Pools,LIFE - AVAX,0.3,False,0.03104,7.332,,0.39,1777876221
All Pools,ICUBE - USDT.e,0.3,False,0.03101,109.01,,0.03,1777876221
All Pools,MIM - LIFE,0.3,False,0.03099,67.47,,0.04,1777876221
All Pools,KLO - USDT.e,0.3,False,0.03042,5.681,,0.49,1777876221
All Pools,BLUB - AVAX,0.0,False,0.02976,48.09,0.0,0.0,1777876221
All Pools,USDR - USDC,0.3,False,0.02975,41.03,,0.07,1777876221
All Pools,Psychic - SantaGospel,0.3,False,0.02909,74.26,,0.04,1777876221
All Pools,ELE - AVAX,0.3,False,0.02903,125.49,,0.02,1777876221
All Pools,LIRA - AVAX,0.3,False,0.02893,13.2,,0.2,1777876221
All Pools,AVAX - Propriety,0.3,False,0.02874,89.94,,0.03,1777876221
All Pools,NOCHILL - REDWOLF,0.3,False,0.02872,3.541,,0.74,1777876221
All Pools,Now - Propriety,0.3,False,0.02869,916.68,,0.0,1777876221
All Pools,QI - REDWOLF,0.3,False,0.02846,1.582,,1.64,1777876221
All Pools,Yellow - BLACK,0.3,False,0.02834,4.861,,0.53,1777876221
All Pools,Go - BLACK,0.3,False,0.02825,4.846,,0.53,1777876221
All Pools,Hydrogen - AVAX,0.3,False,0.02814,264.56,,0.01,1777876221
All Pools,NaughtiusMaximus - Seventeen,0.3,False,0.02793,856.47,,0.0,1777876221
All Pools,BLACK - SantaGospel,0.3,False,0.02785,4.815,,0.53,1777876221
All Pools,WINK - MU,0.3,False,0.02783,0.52297,,4.86,1777876221
All Pools,MaryMagdalene - LadyMary,0.3,False,0.02765,17.49,,0.14,1777876221
All Pools,AVAX - √Root,0.3,False,0.02762,90.13,,0.03,1777876221
All Pools,Now - √Root,0.3,False,0.02757,916.6,,0.0,1777876221
All Pools,Strength - BLACK,0.3,False,0.02729,4.852,,0.51,1777876221
All Pools,AVAX - NADO,0.3,False,0.02694,7.853,,0.31,1777876221
All Pools,Stolen - BLACK,0.3,False,0.02693,5.462,,0.45,1777876221
All Pools,AVAX - WSPP,0.3,False,0.02692,3.004,,0.82,1777876221
All Pools,MIM - NADO,0.3,False,0.0269,1171.99,,0.0,1777876221
All Pools,USDC - LODE,0.3,False,0.02689,881.47,,0.0,1777876221
All Pools,KrisKringle - Gravity,0.3,False,0.02626,78.09,,0.03,1777876221
All Pools,KrisKringle - AVAX,0.3,False,0.02625,26.18,,0.09,1777876221
All Pools,Blue - BLACK,0.3,False,0.0262,4.908,,0.49,1777876221
All Pools,Who - BLACK,0.3,False,0.02609,4.826,,0.49,1777876221
All Pools,Trinity - Sinterklaas,0.3,False,0.02607,26.27,,0.09,1777876221
All Pools,AVAX - Sinterklaas,0.3,False,0.02607,139.84,,0.02,1777876221
All Pools,AVAX - IMPACT,0.3,False,0.02572,6.322,,0.37,1777876221
All Pools,Hydrogen - BLACK,0.3,False,0.02557,4.905,,0.48,1777876221
All Pools,Orange - BLACK,0.3,False,0.02552,4.14,,0.56,1777876221
All Pools,Gravity - HustleTappers,0.3,False,0.02526,24.13,,0.1,1777876221
All Pools,AVAX - HustleTappers,0.3,False,0.02525,55.64,,0.04,1777876221
All Pools,ORNG - JUICE,0.3,False,0.02513,2.747,,0.83,1777876221
All Pools,wALGO - AVAX,0.3,False,0.02499,164.28,,0.01,1777876221
All Pools,wALGO - USDC,0.3,False,0.02495,2.849,,0.8,1777876221
All Pools,OH - AVAX,0.3,False,0.02492,94.64,,0.02,1777876221
All Pools,AVAX - EROL,0.0,False,0.02487,74.69,0.0,0.0,1777876221
All Pools,UST - UST,0.3,False,0.02423,1.874,,1.18,1777876221
All Pools,MEOW - AVAX,0.3,False,0.02397,10667.0,,,1777876221
All Pools,SOB - AVAX,0.3,False,0.02392,558.02,,0.0,1777876221
All Pools,AVAX - Ouroboros,0.3,False,0.02387,21.76,,0.1,1777876221
All Pools,WhollySphere - Gravity,0.3,False,0.02358,23.01,,0.09,1777876221
All Pools,WhollySphere - AVAX,0.3,False,0.02357,50.85,,0.04,1777876221
All Pools,Gravity - McdonaldTrouped,0.3,False,0.02344,22.99,,0.09,1777876221
All Pools,McdonaldTrouped - AVAX,0.3,False,0.02343,50.77,,0.04,1777876221
All Pools,AVAX - GOT,0.3,False,0.02327,5.323,,0.4,1777876221
All Pools,USDT.e - GOT,0.3,False,0.02324,12.97,,0.16,1777876221
All Pools,SBR - AVAX,0.3,False,0.02324,7.402,,0.29,1777876221
All Pools,MIM - SBR,0.3,False,0.0232,40.03,,0.05,1777876221
All Pools,Wingdings - Gravity,0.3,False,0.02318,21.98,,0.1,1777876221
All Pools,Wingdings - AVAX,0.3,False,0.02318,50.92,,0.04,1777876221
All Pools,FollowTheWhiteRabbit - TruthClosure,0.3,False,0.02314,46.19,,0.05,1777876221
All Pools,MAJIN - MU,0.3,False,0.02277,4.637,,0.45,1777876221
All Pools,AVAX - Teste,0.3,False,0.02274,89.27,,0.02,1777876221
All Pools,AAVE.e - meGNX,0.3,False,0.02271,4.082,,0.51,1777876221
All Pools,Now - Teste,0.3,False,0.0227,919.43,,0.0,1777876221
All Pools,DrainTheSwamp - Gravity,0.3,False,0.02254,22.67,,0.09,1777876221
All Pools,JOE - QI,0.3,False,0.0224,0.94361,,2.17,1777876221
All Pools,USDC.e - RUG,0.3,False,0.02228,25.23,,0.08,1777876221
All Pools,BTC.b - GMX,0.3,False,0.02206,1.563,,1.29,1777876221
All Pools,GRELF[ava] - AVAX,0.3,False,0.02171,1158.32,,0.0,1777876221
All Pools,GURS - ARENA,0.3,False,0.02171,7.479,,0.26,1777876221
All Pools,HIGHER - AMI,0.3,False,0.02147,3.326,,0.59,1777876221
All Pools,AVAX - Always,0.3,False,0.0208,0.59488,,3.19,1777876221
All Pools,Psychic - NeatestQuackery,0.3,False,0.02046,318.56,,0.01,1777876221
All Pools,NeatestQuackery - AVAX,0.3,False,0.02043,288.1,,0.01,1777876221
All Pools,CodexKennyMin - AVAX,0.3,False,0.02023,25.05,,0.07,1777876221
All Pools,CodexKennyMin - FollowTheWhiteRabbit,0.3,False,0.02023,22.02,,0.08,1777876221
All Pools,GMX - USDC,0.3,False,0.02005,0.90858,,2.01,1777876221
All Pools,AVAX - SwiftTaylor,0.3,False,0.01992,14.71,,0.12,1777876221
All Pools,CNR - AVAX,0.3,False,0.01989,62.54,,0.03,1777876221
All Pools,FatherChristmas - AVAX,0.3,False,0.01983,53.73,,0.03,1777876221
All Pools,FatherChristmas - Gravity,0.3,False,0.01979,21.93,,0.08,1777876221
All Pools,Satoshi - Gravity,0.3,False,0.01975,55.19,,0.03,1777876221
All Pools,Satoshi - AVAX,0.3,False,0.01974,19.16,,0.09,1777876221
All Pools,MUMO - USDC,0.3,False,0.01967,8.281,,0.22,1777876221
All Pools,Gravity - Vaccinations,0.3,False,0.01963,61.97,,0.03,1777876221
All Pools,AVAX - Vaccinations,0.3,False,0.01963,18.41,,0.1,1777876221
All Pools,QI - USDC.e,0.3,False,0.01957,0.80772,,2.21,1777876221
All Pools,Gravity - Nakamoto,0.3,False,0.01954,62.13,,0.03,1777876221
All Pools,Nakamoto - AVAX,0.3,False,0.01954,18.42,,0.1,1777876221
All Pools,AVAX - SPADE,0.3,False,0.01919,6.146,,0.28,1777876221
All Pools,USDC.e - SPADE,0.3,False,0.01917,16.34,,0.11,1777876221
All Pools,MerryChristmas - Gravity,0.3,False,0.01913,62.18,,0.03,1777876221
All Pools,MerryChristmas - AVAX,0.3,False,0.01913,18.45,,0.09,1777876221
All Pools,BTC.b - MUMO,0.3,False,0.0191,4.838,,0.36,1777876221
All Pools,XIO - AVAX,0.3,False,0.01898,2.829,,0.61,1777876221
All Pools,XIO - USDC,0.3,False,0.01895,24.55,,0.07,1777876221
All Pools,ZUM - NOCHILL,0.3,False,0.01886,1.266,,1.36,1777876221
All Pools,AVAX - BOREA,0.3,False,0.01872,6.754,,0.25,1777876221
All Pools,USDT.e - BOREA,0.3,False,0.01869,26.71,,0.06,1777876221
All Pools,GURS - NOCHILL,0.3,False,0.01867,1.975,,0.86,1777876221
All Pools,PNG - REDWOLF,0.3,False,0.01824,4.308,,0.39,1777876221
All Pools,KIWI - USDt,0.3,False,0.01819,20.57,,0.08,1777876221
All Pools,RUG - USDT.e,0.3,False,0.01806,14.96,,0.11,1777876221
All Pools,ACS - USDC.e,0.3,False,0.01792,5.364,,0.3,1777876221
All Pools,NOCHILL - WAIFU,0.3,False,0.01774,160.59,,0.01,1777876221
All Pools,Four - Found,0.3,False,0.01773,1847.7,,,1777876221
All Pools,Milk - AVAX,0.3,False,0.01753,6.728,,0.24,1777876221
All Pools,Milk - USDT.e,0.3,False,0.01749,14.59,,0.11,1777876221
All Pools,ILoveYouWordSpell - AVAX,0.3,False,0.01745,18.28,,0.09,1777876221
All Pools,ILoveYouWordSpell - Gravity,0.3,False,0.01744,102.48,,0.02,1777876221
All Pools,SodomAndGomorrah - AVAX,0.3,False,0.01741,19.29,,0.08,1777876221
All Pools,Trinity - SodomAndGomorrah,0.3,False,0.0174,22.8,,0.07,1777876221
All Pools,Psychic - NineHundred,0.3,False,0.01735,74.26,,0.02,1777876221
All Pools,WalkTheWalkNowJesus - Gravity,0.3,False,0.01719,25.49,,0.06,1777876221
All Pools,WalkTheWalkNowJesus - AVAX,0.3,False,0.01719,24.89,,0.06,1777876221
All Pools,USDt - IMPACT,0.3,False,0.01707,3.372,,0.46,1777876221
All Pools,Psychic - Hydrogen,0.3,False,0.0165,83.49,,0.02,1777876221
All Pools,AVAX - LookingGlass,0.3,False,0.01639,16.29,,0.09,1777876221
All Pools,Gravity - LookingGlass,0.3,False,0.01635,184.87,,0.01,1777876221
All Pools,BNZ - WINK,0.3,False,0.01626,0.47791,,3.1,1777876221
All Pools,REDWOLF - ODDZ,0.3,False,0.0162,1.547,,0.96,1777876221
All Pools,Trinity - FourFourFour,0.3,False,0.01607,5.022,,0.29,1777876221
All Pools,3ULL - AVAX,0.3,False,0.01604,47.98,,0.03,1777876221
All Pools,WOLF - AVAX,0.3,False,0.01578,43592.0,,,1777876221
All Pools,USDT.e - AVVO,0.3,False,0.01577,4.073,,0.35,1777876221
All Pools,WETH.e - MU,0.3,False,0.01568,2.076,,0.69,1777876221
All Pools,Trinity - Yeshua,0.3,False,0.01563,34.78,,0.04,1777876221
All Pools,AVAX - Yeshua,0.3,False,0.01562,29.44,,0.05,1777876221
All Pools,AVAX - BAVA,0.3,False,0.01543,11.55,,0.12,1777876221
All Pools,WOLF - MU,0.3,False,0.01522,5.198,,0.27,1777876221
All Pools,MU - COQAI,0.3,False,0.01521,6.602,,0.21,1777876221
All Pools,WETH.e - USDR,0.3,False,0.01485,2.813,,0.48,1777876221
All Pools,GAINS - COQ,0.3,False,0.01472,2.031,,0.66,1777876221
All Pools,GAINS - BOBS,0.3,False,0.01456,2.249,,0.59,1777876221
All Pools,AVAX - BOBS,0.3,False,0.01451,5487.71,,,1777876221
All Pools,AAVE.e - USDT.e,0.3,False,0.01449,2.611,,0.51,1777876221
All Pools,SUB - AVAX,0.3,False,0.01422,21.1,,0.06,1777876221
All Pools,aDXN - AVAX,0.3,False,0.01416,3.679,,0.35,1777876221
All Pools,Yule - Seventeen,0.3,False,0.01393,272.75,,0.0,1777876221
All Pools,LoveIsTheKey - FollowTheWhiteRabbit,0.3,False,0.01391,65.0,,0.02,1777876221
All Pools,NOCHILL - MU,0.3,False,0.01387,2.188,,0.58,1777876221
All Pools,AVAX - Wormwood,0.3,False,0.0138,17.12,,0.07,1777876221
All Pools,Gravity - Wormwood,0.3,False,0.0138,15.43,,0.08,1777876221
All Pools,AVAX - SantaClaus,0.3,False,0.01372,24.79,,0.05,1777876221
All Pools,Gravity - SantaClaus,0.3,False,0.01371,11.93,,0.1,1777876221
All Pools,XAVA - HON,0.3,False,0.01354,1.879,,0.66,1777876221
All Pools,AVAX - LoveWins,0.3,False,0.01352,7.819,,0.16,1777876221
All Pools,FollowTheWhiteRabbit - LoveWins,0.3,False,0.01352,152.34,,0.01,1777876221
All Pools,AVAX - TT,0.3,False,0.01346,1.952,,0.63,1777876221
All Pools,USDC.e - UST,0.3,False,0.01338,1.735,,0.7,1777876221
All Pools,MIM - RUG,0.3,False,0.01335,23.19,,0.05,1777876221
All Pools,AVAX - USDR,0.3,False,0.01328,2.992,,0.41,1777876221
All Pools,Gravity - Ouroboros,0.3,False,0.01324,30.53,,0.04,1777876221
All Pools,AVAX - EROL,0.3,False,0.01319,39.45,,0.03,1777876221
All Pools,ChristMark - ChristIAmYou,0.3,False,0.01294,26.53,,0.04,1777876221
All Pools,Trinity - SwiftTaylor,0.3,False,0.01292,17.81,,0.07,1777876221
All Pools,SHERPA - AVAX,0.3,False,0.01287,131.9,,0.01,1777876221
All Pools,AVAX - GrinchKidAfflict,0.3,False,0.01267,43.48,,0.03,1777876221
All Pools,XOMB - AVAX,0.3,False,0.01267,21.85,,0.05,1777876221
All Pools,ValentinMidwifes - Gravity,0.3,False,0.01267,39.13,,0.03,1777876221
All Pools,Gravity - GrinchKidAfflict,0.3,False,0.01266,9.156,,0.13,1777876221
All Pools,XOMB - USDT.e,0.3,False,0.01265,2.45,,0.47,1777876221
All Pools,GAINS - Degen,0.3,False,0.01254,2.033,,0.56,1777876221
All Pools,WOLF - AVAX,0.3,False,0.01251,71.71,,0.02,1777876221
All Pools,Degen - AVAX,0.3,False,0.0125,2006.95,,,1777876221
All Pools,WOLF - USDT.e,0.3,False,0.01249,4.117,,0.28,1777876221
All Pools,TRYB - USDC.e,0.3,False,0.01221,31.37,,0.04,1777876221
All Pools,DrainTheSwamp - FollowTheWhiteRabbit,0.3,False,0.01203,11.05,,0.1,1777876221
All Pools,AVAX - iBONE,0.3,False,0.01197,5.499,,0.2,1777876221
All Pools,USDT.e - iBONE,0.3,False,0.01194,4.865,,0.22,1777876221
All Pools,BSGG - AVAX,0.3,False,0.01174,3.902,,0.27,1777876221
All Pools,BGLD - AVAX,0.3,False,0.01171,4.436,,0.24,1777876221
All Pools,3ULL - USDt,0.3,False,0.01169,2.546,,0.42,1777876221
All Pools,BGLD - USDT.e,0.3,False,0.01168,17.13,,0.06,1777876221
All Pools,MU - SOL,0.3,False,0.01161,1.332,,0.8,1777876221
All Pools,ARA - AVAX,0.3,False,0.01154,2.879,,0.37,1777876221
All Pools,WETH.e - meGNX,0.3,False,0.01149,6.684,,0.16,1777876221
All Pools,AVAX - OK,0.3,False,0.0113,1.978,,0.52,1777876221
All Pools,AVAX - QUASI,0.3,False,0.01123,589.45,,0.0,1777876221
All Pools,GAINS - QUASI,0.3,False,0.01118,1.407,,0.73,1777876221
All Pools,Wormhole - AVAX,0.3,False,0.01116,104.22,,0.01,1777876221
All Pools,Trinity - Wormhole,0.3,False,0.01115,6.222,,0.16,1777876221
All Pools,Orem - AVAX,0.3,False,0.01095,104.32,,0.01,1777876221
All Pools,Trinity - Orem,0.3,False,0.01094,6.227,,0.16,1777876221
All Pools,TickTock - AVAX,0.3,False,0.01076,90.14,,0.01,1777876221
All Pools,TickTock - Now,0.3,False,0.01074,916.42,,0.0,1777876221
All Pools,USDC - OK,0.3,False,0.01056,1.198,,0.8,1777876221
All Pools,AVAX - DWC,0.3,False,0.01053,6084.75,,,1777876221
All Pools,HIGHER - HOWDY,0.3,False,0.0105,1.528,,0.63,1777876221
All Pools,Psychic - Turtle,0.3,False,0.01041,62.25,,0.02,1777876221
All Pools,AVAX - NORTH,0.3,False,0.01039,2.138,,0.44,1777876221
All Pools,USDT.e - NORTH,0.3,False,0.01037,26.91,,0.04,1777876221
All Pools,AVAX - MUG,0.3,False,0.00989,1.219,,0.74,1777876221
All Pools,DivineFeminine - ValentinMidwifes,0.3,False,0.00987,41.25,,0.02,1777876221
All Pools,AVAX - LODE,0.3,False,0.00985,1.03,,0.87,1777876221
All Pools,ZH - JOE,0.3,False,0.00973,2.828,,0.31,1777876221
All Pools,Psychic - Numbers,0.3,False,0.00963,62.24,,0.01,1777876221
All Pools,LUNA - USDC,0.3,False,0.00957,1.415,,0.62,1777876221
All Pools,Psychic - Luck,0.3,False,0.00952,62.25,,0.01,1777876221
All Pools,Psychic - Mirror,0.3,False,0.00949,62.21,,0.01,1777876221
All Pools,aDXN - aXEN,0.3,False,0.00934,0.62828,,1.36,1777876221
All Pools,AVAX - WOHM,0.3,False,0.00917,3.421,,0.24,1777876221
All Pools,MIM - WOHM,0.3,False,0.00915,86.75,,0.01,1777876221
All Pools,KIMBO - GAINS,0.3,False,0.00898,1.373,,0.6,1777876221
All Pools,XETA - AVAX,0.3,False,0.00865,0.24794,,3.19,1777876221
All Pools,BTC.b - IMPACT,0.3,False,0.00862,0.63635,,1.24,1777876221
All Pools,SYN - USDC.e,0.3,False,0.00854,1.223,,0.64,1777876221
All Pools,GAINS - MEAT,0.3,False,0.00853,0.99274,,0.78,1777876221
All Pools,KOKSAL - AVAX,0.3,False,0.00849,3.561,,0.22,1777876221
All Pools,KOKSAL - USDC,0.3,False,0.00847,4.791,,0.16,1777876221
All Pools,AVAX - COSMIC,0.3,False,0.00836,1.259,,0.61,1777876221
All Pools,USDC - COSMIC,0.3,False,0.00835,54.54,,0.01,1777876221
All Pools,WETH.e - STATIK,0.3,False,0.00834,1.373,,0.55,1777876221
All Pools,Psychic - Bonfire,0.3,False,0.00831,62.24,,0.01,1777876221
All Pools,JOE - USDt,0.3,False,0.00828,0.8447,,0.89,1777876221
All Pools,AVAX - DUA,0.3,False,0.00812,2.091,,0.35,1777876221
All Pools,DUA - USDC,0.3,False,0.00809,11.65,,0.06,1777876221
All Pools,Psychic - WhoWhoWho,0.3,False,0.00805,62.21,,0.01,1777876221
All Pools,Psychic - Thick,0.3,False,0.00797,62.23,,0.01,1777876221
All Pools,SatoshiNakamoto - Psychic,0.3,False,0.00795,62.25,,0.01,1777876221
All Pools,Psychic - Strength,0.3,False,0.00794,75.28,,0.01,1777876221
All Pools,Psychic - Alphabet,0.3,False,0.00793,62.26,,0.01,1777876221
All Pools,Psychic - Oracle,0.3,False,0.00791,62.25,,0.01,1777876221
All Pools,Psychic - Codes,0.3,False,0.00777,62.26,,0.01,1777876221
All Pools,Psychic - PennyTrinity,0.3,False,0.00776,62.27,,0.01,1777876221
All Pools,JOE - aXEN,0.3,False,0.00772,0.24381,,2.89,1777876221
All Pools,Psychic - Penny,0.3,False,0.00771,62.25,,0.01,1777876221
All Pools,RUGPULL - AVAX,0.3,False,0.00768,2.97,,0.24,1777876221
All Pools,AprilFoolsDay - AVAX,0.3,False,0.00768,104.16,,0.01,1777876221
All Pools,Trinity - AprilFoolsDay,0.3,False,0.00767,6.248,,0.11,1777876221
All Pools,AVAX - AXIAL,0.3,False,0.00764,1039.27,,,1777876221
All Pools,LUNA - USDt,0.3,False,0.00763,1.342,,0.52,1777876221
All Pools,COQ - MU,0.3,False,0.00753,4.573,,0.15,1777876221
All Pools,Psychic - Verse,0.3,False,0.00752,62.22,,0.01,1777876221
All Pools,Eye - Psychic,0.3,False,0.00751,62.25,,0.01,1777876221
All Pools,Psychic - Gematria,0.3,False,0.00744,62.25,,0.01,1777876221
All Pools,KOVIN - AVAX,0.3,False,0.00735,3219.02,,,1777876221
All Pools,BENIS - AVAX,0.3,False,0.00734,15.78,,0.04,1777876221
All Pools,AUSD - HUSKY,0.3,False,0.00726,0.76584,,0.87,1777876221
All Pools,HCT - AVAX,0.3,False,0.00724,3.409,,0.19,1777876221
All Pools,Psychic - Crypt,0.3,False,0.00724,62.2,,0.01,1777876221
All Pools,Psychic - OneOneOne,0.3,False,0.00718,62.24,,0.01,1777876221
All Pools,Psychic - Architect,0.3,False,0.00716,62.25,,0.01,1777876221
All Pools,Psychic - daVinci,0.3,False,0.00714,62.24,,0.01,1777876221
All Pools,Psychic - Gematria,0.3,False,0.00713,62.25,,0.01,1777876221
All Pools,Psychic - RefZip,0.3,False,0.00712,62.24,,0.01,1777876221
All Pools,Psychic - Finish,0.3,False,0.00711,62.21,,0.01,1777876221
All Pools,Psychic - Qubit,0.3,False,0.0071,62.21,,0.01,1777876221
All Pools,Psychic - Blessings,0.3,False,0.00708,62.21,,0.01,1777876221
All Pools,Psychic - Solved,0.3,False,0.00708,62.25,,0.01,1777876221
All Pools,Psychic - IAmThatIAm,0.3,False,0.00706,62.25,,0.01,1777876221
All Pools,Psychic - Confusion,0.3,False,0.00705,62.25,,0.01,1777876221
All Pools,AVAX - GematrixDotOrg,0.3,False,0.00705,16.72,,0.04,1777876221
All Pools,Gravity - GematrixDotOrg,0.3,False,0.00703,13.03,,0.05,1777876221
All Pools,Psychic - TwinFlames,0.3,False,0.00703,62.95,,0.01,1777876221
All Pools,NotBrideOfChrist - AVAX,0.3,False,0.00702,69.51,,0.01,1777876221
All Pools,SaintGermain - BLACK,0.3,False,0.00701,2.524,,0.25,1777876221
All Pools,NotBrideOfChrist - SwiftTaylor,0.3,False,0.00701,52.12,,0.01,1777876221
All Pools,TokenZ - AVAX,0.3,False,0.007,2.426,,0.26,1777876221
All Pools,Psychic - TrumpCard,0.3,False,0.00699,62.26,,0.01,1777876221
All Pools,TokenZ - USDC,0.3,False,0.00698,3.81,,0.17,1777876221
All Pools,Choice - Psychic,0.3,False,0.00698,62.22,,0.01,1777876221
All Pools,Psychic - YouAndI,0.3,False,0.00694,62.24,,0.01,1777876221
All Pools,Loyalty - Psychic,0.3,False,0.00686,62.21,,0.01,1777876221
All Pools,HOWDY - AVAX,0.3,False,0.00686,21348.0,,,1777876221
All Pools,STOMB - AVAX,0.3,False,0.00683,7946.87,,,1777876221
All Pools,Psychic - BiTonic,0.3,False,0.00681,62.25,,0.01,1777876221
All Pools,Psychic - TheArcher,0.3,False,0.00681,62.25,,0.01,1777876221
All Pools,JOE - CRA,0.3,False,0.0068,11.11,,0.06,1777876221
All Pools,MU - MUG,0.3,False,0.00679,2442.88,,,1777876221
All Pools,Psychic - Artemis,0.3,False,0.00678,62.19,,0.01,1777876221
All Pools,AVAX - EDG,0.3,False,0.00672,3.166,,0.19,1777876221
All Pools,HIGHER - NOCHILL,0.3,False,0.0067,0.34672,,1.76,1777876221
All Pools,MIM - EDG,0.3,False,0.0067,7.903,,0.08,1777876221
All Pools,Psychic - Six,0.3,False,0.00657,62.25,,0.01,1777876221
All Pools,Psychic - Nine,0.3,False,0.00654,62.22,,0.01,1777876221
All Pools,Psychic - ElmoSunkGematria,0.3,False,0.00652,62.26,,0.01,1777876221
All Pools,AVAX - TUSK,0.3,False,0.00651,2.519,,0.24,1777876221
All Pools,ARENA - MU,0.3,False,0.0065,3.353,,0.18,1777876221
All Pools,Spider - Psychic,0.3,False,0.0065,62.2,,0.01,1777876221
All Pools,USDC.e - TUSK,0.3,False,0.00649,9.794,,0.06,1777876221
All Pools,Psychic - Zero,0.3,False,0.00648,62.22,,0.01,1777876221
All Pools,CAI - AMI,0.3,False,0.00643,0.51017,,1.15,1777876221
All Pools,Psychic - Lock,0.3,False,0.00631,62.23,,0.01,1777876221
All Pools,USDC.e - BAVA,0.3,False,0.0063,2.975,,0.19,1777876221
All Pools,ABC - AMI,0.3,False,0.00629,4.011,,0.14,1777876221
All Pools,Psychic - KekiusMaximus,0.3,False,0.0062,62.25,,0.01,1777876221
All Pools,Psychic - Time,0.3,False,0.00619,62.25,,0.01,1777876221
All Pools,Psychic - SevenSevenSeven,0.3,False,0.00617,62.25,,0.01,1777876221
All Pools,Psychic - BirthingCode,0.3,False,0.0061,62.25,,0.01,1777876221
All Pools,Flection - Psychic,0.3,False,0.00607,62.25,,0.01,1777876221
All Pools,TRACTOR - AVAX,0.3,False,0.00603,15106.0,,,1777876221
All Pools,Psychic - LordJesusChrist,0.3,False,0.00602,59.63,,0.01,1777876221
All Pools,TRACTOR - USDT.e,0.3,False,0.00601,1.995,,0.27,1777876221
All Pools,Psychic - Diamonds,0.3,False,0.006,62.25,,0.01,1777876221
All Pools,SYN - REDWOLF,0.3,False,0.00594,2.626,,0.21,1777876221
All Pools,LUNA - USDC,0.3,False,0.00592,0.1321,,4.09,1777876221
All Pools,Psychic - Happy,0.3,False,0.0059,62.25,,0.01,1777876221
All Pools,gOHM - JOE,0.3,False,0.0059,3.975,,0.14,1777876221
All Pools,AVAX - VYBE,0.3,False,0.00581,3.318,,0.16,1777876221
All Pools,GURS - HOWDY,0.3,False,0.00581,1.886,,0.28,1777876221
All Pools,AVAX - Gaza,0.3,False,0.0058,3.2,,0.17,1777876221
All Pools,MIM - VYBE,0.3,False,0.0058,3.769,,0.14,1777876221
All Pools,TEDDY - AVAX,0.3,False,0.00579,17.09,,0.03,1777876221
All Pools,Psychic - [In]finity,0.3,False,0.00579,62.22,,0.01,1777876221
All Pools,Trinity - Gaza,0.3,False,0.00579,3.791,,0.14,1777876221
All Pools,GMX - USDt,0.3,False,0.00576,0.37685,,1.39,1777876221
All Pools,KOVIN - MU,0.3,False,0.00574,3.09,,0.17,1777876221
All Pools,BNZ - AVAX,0.3,False,0.0057,62.2,,0.01,1777876221
All Pools,XPOW - AVAX,0.3,False,0.00567,121.09,,0.0,1777876221
All Pools,WETH.e - JOE,0.3,False,0.00567,0.03784,,13.67,1777876221
All Pools,Psychic - Alice,0.3,False,0.00566,62.22,,0.01,1777876221
All Pools,AVAX - PAR,0.3,False,0.00566,2.4,,0.22,1777876221
All Pools,Psychic - WhoWho,0.3,False,0.00566,62.25,,0.01,1777876221
All Pools,MIM - PAR,0.3,False,0.00565,1.918,,0.27,1777876221
All Pools,XPOW - USDt,0.3,False,0.00565,1.412,,0.37,1777876221
All Pools,Psychic - Sequence,0.3,False,0.00564,62.26,,0.01,1777876221
All Pools,AVAI - USDC.e,0.3,False,0.00561,33.65,,0.02,1777876221
All Pools,KIMBO - KOVIN,0.3,False,0.00559,5.358,,0.1,1777876221
All Pools,USDC.e - SMRT,0.3,False,0.00554,2.223,,0.23,1777876221
All Pools,DWC - MU,0.3,False,0.00554,3.497,,0.14,1777876221
All Pools,AI9000 - AVAX,0.3,False,0.00554,307.9,,0.0,1777876221
All Pools,aAvaLINK - AVAX,0.3,False,0.00552,9.637,,0.05,1777876221
All Pools,CATWIF - MU,0.3,False,0.00552,3.651,,0.14,1777876221
All Pools,Psychic - Partment,0.3,False,0.00548,62.23,,0.01,1777876221
All Pools,AVAX - WISE,0.3,False,0.00544,2.818,,0.18,1777876221
All Pools,USDC.e - WISE,0.3,False,0.00543,7.125,,0.07,1777876221
All Pools,GAINS - KONG,0.3,False,0.00542,0.76187,,0.65,1777876221
All Pools,AVAX - AMONKS,0.3,False,0.0054,1592.27,,,1777876221
All Pools,REDWOLF - AMONKS,0.3,False,0.00539,7.21,,0.07,1777876221
All Pools,WETH.e - BTCBR,0.3,False,0.00538,0.06112,,8.03,1777876221
All Pools,Hollywood - Ouroboros,0.3,False,0.00531,13.04,,0.04,1777876221
All Pools,MIM - UNIV,0.3,False,0.0053,20.2,,0.02,1777876221
All Pools,UNIV - AVAX,0.3,False,0.0053,10.21,,0.05,1777876221
All Pools,Psychic - Line,0.3,False,0.00524,63.03,,0.01,1777876221
All Pools,Psychic - Who,0.3,False,0.00522,62.26,,0.01,1777876221
All Pools,MEOW - MU,0.3,False,0.00521,1.587,,0.3,1777876221
All Pools,FiveTwelveThirteen - AVAX,0.3,False,0.00521,5.215,,0.09,1777876221
All Pools,ElkeNevusRome - AVAX,0.3,False,0.00521,13.08,,0.04,1777876221
All Pools,ElkeNevusRome - Gravity,0.3,False,0.00519,4.966,,0.1,1777876221
All Pools,FiveTwelveThirteen - Gravity,0.3,False,0.00519,6.894,,0.07,1777876221
All Pools,AVAX - HOST,0.3,False,0.00512,1.965,,0.24,1777876221
All Pools,Psychic - Ups,0.3,False,0.00509,62.26,,0.01,1777876221
All Pools,Anon - USDC,0.3,False,0.00506,1.031,,0.45,1777876221
All Pools,CRA - AVAX,0.3,False,0.00505,10211.0,,,1777876221
All Pools,GAINS - DWC,0.3,False,0.005,0.9844,,0.46,1777876221
All Pools,AAVE.e - USDC.e,0.3,False,0.00495,1.265,,0.36,1777876221
All Pools,TEMPO - AVAX,0.3,False,0.00493,1.081,,0.42,1777876221
All Pools,MIM - TEMPO,0.3,False,0.00493,6.731,,0.07,1777876221
All Pools,HOST - DAI.e,0.3,False,0.00489,3.016,,0.15,1777876221
All Pools,GAINS - TECH,0.3,False,0.00481,0.62368,,0.7,1777876221
All Pools,MIM - ICE,0.3,False,0.0048,0.99713,,0.44,1777876221
All Pools,TrueLove - AVAX,0.3,False,0.0048,12.94,,0.03,1777876221
All Pools,TrueLove - Gravity,0.3,False,0.00479,4.911,,0.09,1777876221
All Pools,WBTC.e - USDC,0.3,False,0.00476,0.20942,,2.07,1777876221
All Pools,EGG - AVAX,0.3,False,0.00474,1.707,,0.25,1777876221
All Pools,EGG - USDT.e,0.3,False,0.00474,1.987,,0.22,1777876221
All Pools,BEAM - MU,0.3,False,0.0047,1.088,,0.39,1777876221
All Pools,GAINS - BAWLS,0.3,False,0.00469,0.92131,,0.46,1777876221
All Pools,BAWLS - AVAX,0.3,False,0.00467,16.43,,0.03,1777876221
All Pools,COQ - ARENA,0.3,False,0.00465,1.243,,0.34,1777876221
All Pools,RGOGLZ - AVAX,0.3,False,0.00464,4.117,,0.1,1777876221
All Pools,WITCH - AVAX,0.3,False,0.00456,2.801,,0.15,1777876221
All Pools,WITCH - USDC,0.3,False,0.00455,1.735,,0.24,1777876221
All Pools,USV - AVAX,0.3,False,0.00449,1.165,,0.35,1777876221
All Pools,AKA - AVAX,0.3,False,0.00445,2.294,,0.18,1777876221
All Pools,AKA - USDt,0.3,False,0.00444,2.953,,0.14,1777876221
All Pools,KR - AVAX,0.3,False,0.00442,1.706,,0.24,1777876221
All Pools,KR - USDC.e,0.3,False,0.0044,11.45,,0.04,1777876221
All Pools,DCAR - AVAX,0.3,False,0.00436,1.107,,0.36,1777876221
All Pools,DCAR - USDC,0.3,False,0.00434,56.21,,0.01,1777876221
All Pools,TT - DAI.e,0.3,False,0.0043,1.929,,0.2,1777876221
All Pools,GAINS - KOVIN,0.3,False,0.0042,0.65117,,0.59,1777876221
All Pools,Psychic - Number,0.3,False,0.00419,62.26,,0.01,1777876221
All Pools,Psychic - Vampire,0.3,False,0.00418,62.25,,0.01,1777876221
All Pools,Psychic - Aquarius,0.3,False,0.00417,62.22,,0.01,1777876221
All Pools,JOE - aDXN,0.3,False,0.00407,0.83783,,0.44,1777876221
All Pools,SYN - USDT.e,0.3,False,0.00399,0.6546,,0.56,1777876221
All Pools,NOCHILL - ARENA,0.3,False,0.00398,0.44392,,0.82,1777876221
All Pools,Psychic - TrueStory,0.3,False,0.00397,62.26,,0.01,1777876221
All Pools,Lightworker - AVAX,0.3,False,0.00395,2.747,,0.13,1777876221
All Pools,Gravity - Lightworker,0.3,False,0.00394,53.49,,0.01,1777876221
All Pools,Evergreen - AVAX,0.3,False,0.00393,25.39,,0.01,1777876221
All Pools,Evergreen - Gravity,0.3,False,0.00392,4.778,,0.07,1777876221
All Pools,Psychic - Seminole,0.3,False,0.00389,62.21,,0.01,1777876221
All Pools,Psychic - PoPo,0.3,False,0.00386,62.26,,0.01,1777876221
All Pools,Psychic - James,0.3,False,0.00382,62.27,,0.01,1777876221
All Pools,Psychic - FinityFinity,0.3,False,0.0038,62.26,,0.01,1777876221
All Pools,EHCNALAVA - AVAX,0.3,False,0.00379,1513.69,,,1777876221
All Pools,KIMBO - EHCNALAVA,0.3,False,0.00379,2.856,,0.12,1777876221
All Pools,BTCBR - USDC,0.3,False,0.00376,0.20325,,1.69,1777876221
All Pools,WINK - AMI,0.3,False,0.00375,0.11994,,2.85,1777876221
All Pools,SYN - WETH.e,0.3,False,0.00373,0.6823,,0.5,1777876221
All Pools,Psychic - QuetzalCoatl,0.3,False,0.00373,62.26,,0.01,1777876221
All Pools,PNG - USDT.e,0.3,False,0.00372,0.89257,,0.38,1777876221
All Pools,Trinity - IfYouKnowYouKnow,0.3,False,0.00371,5.078,,0.07,1777876221
All Pools,WETH - AVAX,0.3,False,0.00365,1.361,,0.24,1777876221
All Pools,xJOE - AVAX,0.3,False,0.00365,2.802,,0.12,1777876221
All Pools,MIM - SMRT,0.3,False,0.00364,1.674,,0.2,1777876221
All Pools,GMX - JOE,0.3,False,0.00363,0.42657,,0.78,1777876221
All Pools,YETI - WINE,0.3,False,0.00362,1.46,,0.23,1777876221
All Pools,GATOR - AMI,0.3,False,0.00358,4.559,,0.07,1777876221
All Pools,SMRTr - USDT.e,0.3,False,0.00358,1.321,,0.25,1777876221
All Pools,JPYC - AVAX,0.3,False,0.00356,0.27651,,1.18,1777876221
All Pools,Psychic - Checkmate,0.3,False,0.00351,62.39,,0.01,1777876221
All Pools,GG - AVAX,0.3,False,0.00347,0.16052,,1.97,1777876221
All Pools,Psychic - Equal,0.3,False,0.00347,62.25,,0.01,1777876221
All Pools,ARENA - AMI,0.3,False,0.00346,1.412,,0.22,1777876221
All Pools,Psychic - Abracadabra,0.3,False,0.00345,62.23,,0.01,1777876221
All Pools,3ULL - USDC,0.3,False,0.00341,0.65843,,0.47,1777876221
All Pools,Psychic - PlotTwist,0.3,False,0.00341,63.64,,0.0,1777876221
All Pools,AVXT - POLAR,0.3,False,0.00341,0.44942,,0.69,1777876221
All Pools,APOW - MU,0.3,False,0.00335,3.52,,0.09,1777876221
All Pools,Psychic - KatzJoel,0.3,False,0.00325,62.23,,0.0,1777876221
All Pools,USDt - USDC.e,0.3,False,0.00323,14.21,,0.02,1777876221
All Pools,SB - DAI.e,0.3,False,0.00322,0.12986,,2.26,1777876221
All Pools,ELXR - USDC.e,0.3,False,0.00321,1094.36,,,1777876221
All Pools,Psychic - Hexagon,0.3,False,0.00318,62.25,,0.0,1777876221
All Pools,AMI - MU,0.3,False,0.00313,1.721,,0.17,1777876221
All Pools,AI9000 - MU,0.3,False,0.00312,1.292,,0.22,1777876221
All Pools,NXPC - USDC,0.3,False,0.00309,0.71768,,0.39,1777876221
All Pools,CRAFT - USDC.e,0.3,False,0.00309,0.87611,,0.32,1777876221
All Pools,JOE - REDWOLF,0.3,False,0.00303,3.977,,0.07,1777876221
All Pools,AVAX - ICE,0.3,False,0.00301,151.49,,0.0,1777876221
All Pools,ETHM - AVAX,0.3,False,0.00301,27.69,,0.01,1777876221
All Pools,EagleToken - AVAX,0.3,False,0.00293,2.127,,0.13,1777876221
All Pools,EagleToken - USDC.e,0.3,False,0.00292,2.215,,0.12,1777876221
All Pools,AVXT - AVAX,0.3,False,0.00291,52.89,,0.01,1777876221
All Pools,BUSD - USDT.e,0.3,False,0.00289,0.07873,,3.35,1777876221
All Pools,ETHM - DAI.e,0.3,False,0.00287,0.68033,,0.38,1777876221
All Pools,MEAT - MU,0.3,False,0.00286,0.50051,,0.52,1777876221
All Pools,GRAPE - AVAX,0.3,False,0.00283,0.89038,,0.29,1777876221
All Pools,ValentinMidwifes - AVAX,0.3,False,0.00282,2.389,,0.11,1777876221
All Pools,USDC - MU,0.3,False,0.0028,0.34395,,0.74,1777876221
All Pools,USDC - TT,0.3,False,0.00276,2.019,,0.12,1777876221
All Pools,MIM - sTHO,0.3,False,0.00274,498.1,,,1777876221
All Pools,MU - KET,0.3,False,0.00269,1.342,,0.18,1777876221
All Pools,AVAX - SAGE,0.3,False,0.00265,0.89428,,0.27,1777876221
All Pools,USDC.e - SAGE,0.3,False,0.00264,2.177,,0.11,1777876221
All Pools,ACS - USDt,0.3,False,0.00254,0.97101,,0.24,1777876221
All Pools,DREGG - USDC.e,0.3,False,0.00253,3.088,,0.07,1777876221
All Pools,AVAX - CAKE,0.3,False,0.00249,0.72401,,0.31,1777876221
All Pools,USDT.e - CAKE,0.3,False,0.00248,48.57,,0.0,1777876221
All Pools,YAK - USDT.e,0.3,False,0.00247,0.56306,,0.4,1777876221
All Pools,ARENA - JUICY,0.3,False,0.00245,0.03384,,6.61,1777876221
All Pools,BTC.b - MUG,0.3,False,0.00241,0.89836,,0.24,1777876221
All Pools,AI9000 - USDt,0.3,False,0.0024,0.91144,,0.24,1777876221
All Pools,AVAX - WARP,0.3,False,0.0024,1.484,,0.15,1777876221
All Pools,EUROS - AVAX,0.3,False,0.00236,1.194,,0.18,1777876221
All Pools,MAXI - AVAX,0.3,False,0.00227,0.80161,,0.26,1777876221
All Pools,Psychic - Self,0.3,False,0.00222,64.29,,0.0,1777876221
All Pools,YEEHAW - HIGHER,0.3,False,0.00219,0.45927,,0.43,1777876221
All Pools,STG - JOE,0.3,False,0.00218,0.1693,,1.18,1777876221
All Pools,KIMBO - AMI,0.3,False,0.00213,4.346,,0.04,1777876221
All Pools,sAVAX - USDC,0.3,False,0.00205,0.53564,,0.35,1777876221
All Pools,TT - USDT.e,0.3,False,0.00202,2.017,,0.09,1777876221
All Pools,USDt - TT,0.3,False,0.00201,2.025,,0.09,1777876221
All Pools,USDC.e - CHAM,0.3,False,0.00195,0.8331,,0.21,1777876221
All Pools,GATOR - ARENA,0.3,False,0.00195,1.997,,0.09,1777876221
All Pools,CATWIF - MAJIN,0.3,False,0.00195,0.90197,,0.2,1777876221
All Pools,BEE - AVAX,0.3,False,0.00192,0.80903,,0.22,1777876221
All Pools,BEE - USDT.e,0.3,False,0.00192,32.36,,0.01,1777876221
All Pools,HOWDY - KONG,0.3,False,0.00188,0.42929,,0.4,1777876221
All Pools,LIRA - BUSD,0.3,False,0.00184,0.08308,,2.02,1777876221
All Pools,GGP - JUICY,0.3,False,0.0018,0.0342,,4.8,1777876221
All Pools,USDC.e - XAVA,0.3,False,0.0018,0.36,,0.46,1777876221
All Pools,toi - AVAX,0.3,False,0.00178,0.94337,,0.17,1777876221
All Pools,MIM - toi,0.3,False,0.00178,3.434,,0.05,1777876221
All Pools,AVAX - WINE,0.3,False,0.00177,0.67256,,0.24,1777876221
All Pools,AVAX - DREX,0.3,False,0.00177,0.60061,,0.27,1777876221
All Pools,MIM - WINE,0.3,False,0.00177,3100.18,,,1777876221
All Pools,MIM - DREX,0.3,False,0.00176,37.51,,0.0,1777876221
All Pools,GAINS - Always,0.3,False,0.00174,0.1062,,1.5,1777876221
All Pools,MM - USDC.e,0.3,False,0.00168,0.60719,,0.25,1777876221
All Pools,HERESY - MEOW,0.3,False,0.00167,0.27914,,0.55,1777876221
All Pools,JOE - USDR,0.3,False,0.00167,0.73191,,0.21,1777876221
All Pools,LIFE - AVAX,0.3,False,0.00162,1.347,,0.11,1777876221
All Pools,MIM - LIFE,0.3,False,0.00162,0.94137,,0.16,1777876221
All Pools,AMI - EROL,0.3,False,0.0016,0.68059,,0.21,1777876221
All Pools,Balln - AMI,0.3,False,0.0016,0.61109,,0.24,1777876221
All Pools,WBTC.e - MU,0.3,False,0.00157,0.72409,,0.2,1777876221
All Pools,AVAX - sSB,0.3,False,0.00156,0.50619,,0.28,1777876221
All Pools,AVAX - MTB,0.3,False,0.00156,0.96376,,0.15,1777876221
All Pools,USDC.e - sSB,0.3,False,0.00155,836.45,,,1777876221
All Pools,MIM - MTB,0.3,False,0.00155,2.21,,0.06,1777876221
All Pools,AVAX - RUG,0.3,False,0.00155,0.54177,,0.26,1777876221
All Pools,Always - KONG,0.3,False,0.00151,0.04356,,3.17,1777876221
All Pools,AVAX - NXUSD,0.3,False,0.0015,0.49388,,0.28,1777876221
All Pools,USDC.e - NXUSD,0.3,False,0.00149,1.657,,0.08,1777876221
All Pools,USDC.e - WARP,0.3,False,0.00149,0.86275,,0.16,1777876221
All Pools,MUMO - AVAX,0.3,False,0.00148,0.18072,,0.75,1777876221
All Pools,QI - USDC,0.3,False,0.00146,0.08829,,1.5,1777876221
All Pools,JEWEL - AVAX,0.3,False,0.00143,0.2258,,0.58,1777876221
All Pools,DB - AVAX,0.3,False,0.0014,2.216,,0.06,1777876221
All Pools,MIM - YAK,0.3,False,0.0014,0.43558,,0.29,1777876221
All Pools,MIM - DB,0.3,False,0.0014,0.66944,,0.19,1777876221
All Pools,WETH.e - ETHM,0.3,False,0.00138,0.50778,,0.25,1777876221
All Pools,ETHM - USDC.e,0.3,False,0.00138,0.48247,,0.26,1777876221
All Pools,CANS - AMI,0.3,False,0.00135,0.23154,,0.53,1777876221
All Pools,SLUSH - AVAX,0.3,False,0.00134,0.70409,,0.17,1777876221
All Pools,SLUSH - USDT.e,0.3,False,0.00133,1.324,,0.09,1777876221
All Pools,HUSKY - SNOWY,0.3,False,0.00131,0.43927,,0.27,1777876221
All Pools,QI - SNOWY,0.3,False,0.0013,0.79982,,0.15,1777876221
All Pools,LYD - AVAX,0.3,False,0.00129,0.8274,,0.14,1777876221
All Pools,KANA - AVAX,0.3,False,0.00127,1140.29,,,1777876221
All Pools,Naughty - HIGHER,0.3,False,0.00127,0.45073,,0.26,1777876221
All Pools,KANA - USDC,0.3,False,0.00127,0.51195,,0.23,1777876221
All Pools,Trinity - IngersollLockwood,0.3,False,0.00127,1.136,,0.1,1777876221
All Pools,ALPHAZERO - USDT.e,0.3,False,0.00127,2.162,,0.05,1777876221
All Pools,Naughty - AVAX,0.3,False,0.00126,239.1,,,1777876221
All Pools,CRA - USDC.e,0.3,False,0.00123,0.56625,,0.2,1777876221
All Pools,MUME - USDC,0.3,False,0.00123,0.08483,,1.32,1777876221
All Pools,COQ - HOWDY,0.3,False,0.00119,0.56808,,0.19,1777876221
All Pools,HUSKY - aXEN,0.3,False,0.00118,0.07347,,1.47,1777876221
All Pools,tst1 - AVAX,0.3,False,0.00117,0.5816,,0.18,1777876221
All Pools,PTOP1200 - TOPIA,0.3,False,0.00117,103.95,,0.0,1777876221
All Pools,tst1 - USDT.e,0.3,False,0.00117,2.698,,0.04,1777876221
All Pools,weETH - AVAX,0.3,False,0.00117,0.38898,,0.27,1777876221
All Pools,SUB - AVAX,0.3,False,0.00113,0.50995,,0.2,1777876221
All Pools,SUB - USDC,0.3,False,0.00113,69.79,,0.0,1777876221
All Pools,COQ - MEAT,0.3,False,0.00111,0.71483,,0.14,1777876221
All Pools,AUX - AVAX,0.3,False,0.00109,0.39488,,0.25,1777876221
All Pools,AUX - USDC,0.3,False,0.00109,688.53,,,1777876221
All Pools,AVAX - SYMBIOT,0.3,False,0.00107,0.32448,,0.3,1777876221
All Pools,Balln - HOWDY,0.3,False,0.00106,0.30639,,0.32,1777876221
All Pools,JOE - CNR,0.3,False,0.00106,1.068,,0.09,1777876221
All Pools,NUG - AVAX,0.3,False,0.00105,0.38381,,0.25,1777876221
All Pools,SLOT - AVAX,0.3,False,0.00105,3956.54,,,1777876221
All Pools,NUG - USDC,0.3,False,0.00105,2.375,,0.04,1777876221
All Pools,SLOT - USDC.e,0.3,False,0.00105,0.48403,,0.2,1777876221
All Pools,LIRA - USDt,0.3,False,0.00103,0.07433,,1.27,1777876221
All Pools,DAI.e - SYMBIOT,0.3,False,0.00102,1.412,,0.07,1777876221
All Pools,TEDDY - USDC,0.3,False,0.00102,0.43319,,0.22,1777876221
All Pools,gOHM - USDT.e,0.3,False,0.00101,0.6118,,0.15,1777876221
All Pools,xJOE - wsOHM,0.3,False,0.00101,0.54756,,0.17,1777876221
All Pools,WET - AVAX,0.3,False,0.001,16.97,,0.01,1777876221
All Pools,WET - USDT.e,0.3,False,,0.44245,,0.21,1777876221
All Pools,PB - AVAX,0.3,False,,0.49185,,0.19,1777876221
All Pools,PB - MIM,0.3,False,,39.74,,0.0,1777876221
All Pools,AVAX - FTEST,0.3,False,,0.40018,,0.23,1777876221
All Pools,USDT.e - FTEST,0.3,False,,1.315,,0.07,1777876221
All Pools,SYMBIOT - AVAX,0.3,False,,1.451,,0.06,1777876221
All Pools,AVAX - AKITA,0.3,False,,2530.53,,,1777876221
All Pools,MIM - AKITA,0.3,False,,0.25437,,0.35,1777876221
All Pools,WETH.e - SPELL,0.3,False,,0.2957,,0.29,1777876221
All Pools,SYMBIOT - DAI.e,0.3,False,,0.458,,0.18,1777876221
All Pools,OH - USDC.e,0.3,False,,0.39084,,0.21,1777876221
All Pools,3ULL - USDT.e,0.3,False,,0.65789,,0.13,1777876221
All Pools,USDT.e - WARP,0.3,False,,0.90344,,0.09,1777876221
All Pools,ROCO - USDT.e,0.3,False,,0.08479,,0.96,1777876221
All Pools,ARABBIT - AVAX,0.3,False,,0.56839,,0.14,1777876221
All Pools,MIM - ARABBIT,0.3,False,,1.292,,0.06,1777876221
All Pools,JOE - AVE,0.3,False,,1.808,,0.04,1777876221
All Pools,SolarDAO - AVAX,0.3,False,,0.39986,,0.2,1777876221
All Pools,LAMA - AVAX,0.3,False,,11806.0,,,1777876221
All Pools,SolarDAO - USDT.e,0.3,False,,2.069,,0.04,1777876221
All Pools,SMOKA - AVAX,0.3,False,,0.54945,,0.14,1777876221
All Pools,MIM - SMOKA,0.3,False,,1.137,,0.07,1777876221
All Pools,USDC - DAI.e,0.3,False,,2.014,,0.04,1777876221
All Pools,LAMA - JUICY,0.3,False,,0.01587,,4.87,1777876221
All Pools,AVAX - PLEB,0.3,False,,0.27207,,0.28,1777876221
All Pools,MIM - PLEB,0.3,False,,53.89,,0.0,1777876221
All Pools,COQ - BMC,0.3,False,,0.09505,,0.79,1777876221
All Pools,aAvaWAVAX - AVAX,0.3,False,,0.26097,,0.29,1777876221
All Pools,gOHM - USDC.e,0.3,False,,0.31136,,0.24,1777876221
All Pools,YUSD - USDC,0.3,False,,22.93,,0.0,1777876221
All Pools,BLZZ - AVAX,0.3,False,,7971.86,,,1777876221
All Pools,MUMO - MU,0.3,False,,0.61395,,0.12,1777876221
All Pools,AVAX - NUTS,0.3,False,,230.11,,,1777876221
All Pools,USDC - NUTS,0.3,False,,0.23179,,0.31,1777876221
All Pools,GAINS - MEOW,0.3,False,,0.21612,,0.33,1777876221
All Pools,BUSD - MU,0.3,False,,0.02613,,2.68,1777876221
All Pools,MIM - WBTC.e,0.3,False,,0.05615,,1.22,1777876221
All Pools,MUME - BUSD,0.3,False,,0.02865,,2.39,1777876221
All Pools,WETH.e - LINK.e,0.3,False,,0.14858,,0.45,1777876221
All Pools,USDC.e - WET,0.3,False,,0.44339,,0.15,1777876221
All Pools,MU - GEC,0.3,False,,0.09083,,0.73,1777876221
All Pools,AVAX - HOST,0.3,False,,0.14439,,0.45,1777876221
All Pools,AVAX - RBEES,0.3,False,,0.69794,,0.09,1777876221
All Pools,USDC.e - RBEES,0.3,False,,0.49479,,0.13,1777876221
All Pools,DAI.e - HOST,0.3,False,,16.07,,0.0,1777876221
All Pools,CLAVIS - AVAX,0.3,False,,0.13402,,0.46,1777876221
All Pools,MIM - CLAVIS,0.3,False,,119.99,,,1777876221
All Pools,DMD - AVAX,0.3,False,,26.47,,0.0,1777876221
All Pools,LINK.e - MUG,0.3,False,,0.24947,,0.24,1777876221
All Pools,FAR - AVAX,0.3,False,,0.45704,,0.13,1777876221
All Pools,FAR - USDC.e,0.3,False,,0.14962,,0.39,1777876221
All Pools,RENT - JOE,0.3,False,,3.605,,0.02,1777876221
All Pools,RENT - USDT.e,0.3,False,,0.18674,,0.31,1777876221
All Pools,MIM - ICY,0.3,False,,17.15,,0.0,1777876221
All Pools,DMD - DAI.e,0.3,False,,0.12955,,0.45,1777876221
All Pools,AVAX - STICK,0.3,False,,2190.01,,,1777876221
All Pools,ENGLISH - AVAX,0.3,False,,0.23661,,0.24,1777876221
All Pools,STICK - MU,0.3,False,,0.14734,,0.39,1777876221
All Pools,WETH.e - MUi,0.3,False,,0.03045,,1.83,1777876221
All Pools,AVAX - BANKSY V2,0.3,False,,0.33553,,0.16,1777876221
All Pools,USDT.e - BANKSY V2,0.3,False,,0.91968,,0.06,1777876221
All Pools,SNOW - AVAX,0.3,False,,0.19632,,0.26,1777876221
All Pools,WETH.e - MUMO,0.3,False,,0.22865,,0.23,1777876221
All Pools,MIM - SNOW,0.3,False,,0.64437,,0.08,1777876221
All Pools,LEXIP - AVAX,0.3,False,,0.42695,,0.12,1777876221
All Pools,MUMO - USDC.e,0.3,False,,0.13164,,0.39,1777876221
All Pools,MIM - LEXIP,0.3,False,,0.23776,,0.22,1777876221
All Pools,SN - AVAX,0.3,False,,0.12386,,0.4,1777876221
All Pools,MIM - SN,0.3,False,,100.48,,,1777876221
All Pools,WETH - MU,0.3,False,,0.09476,,0.52,1777876221
All Pools,AVAX - BANKSY,0.3,False,,0.22964,,0.21,1777876221
All Pools,BANKSY - AVAX,0.3,False,,0.19214,,0.26,1777876221
All Pools,USDC.e - BANKSY,0.3,False,,0.68988,,0.07,1777876221
All Pools,BANKSY - USDT.e,0.3,False,,0.68026,,0.07,1777876221
All Pools,WOLF - USDt,0.3,False,,0.11031,,0.44,1777876221
All Pools,AAVE.e - BTCBR,0.3,False,,0.20788,,0.22,1777876221
All Pools,xAVAX - AVAX,0.3,False,,0.73383,,0.06,1777876221
All Pools,xAVAX - USDC,0.3,False,,0.24587,,0.18,1777876221
All Pools,MUME - USDC.e,0.3,False,,0.55497,,0.08,1777876221
All Pools,KIMBO - MU,0.3,False,,0.10049,,0.45,1777876221
All Pools,BNB - MU,0.3,False,,0.08844,,0.51,1777876221
All Pools,CRA - USDT.e,0.3,False,,0.26684,,0.17,1777876221
All Pools,DAI.e - PEFI,0.3,False,,0.1333,,0.33,1777876221
All Pools,BLZZ - USDC.e,0.3,False,,0.0851,,0.51,1777876221
All Pools,sifu - USDT.e,0.3,False,,9.3,,0.0,1777876221
All Pools,MUi - WINK,0.3,False,,0.01657,,2.51,1777876221
All Pools,xORDER - AVAX,0.3,False,,0.23643,,0.17,1777876221
All Pools,AVAX - TUS,0.3,False,,8259.61,,,1777876221
All Pools,YEEHAW - MU,0.3,False,,0.29035,,0.14,1777876221
All Pools,YEEHAW - ARENA,0.3,False,,2.381,,0.02,1777876221
All Pools,xORDER - USDC,0.3,False,,0.19305,,0.21,1777876221
All Pools,USDT.e - TUS,0.3,False,,0.12228,,0.33,1777876221
All Pools,HUSKY - SMRTr,0.3,False,,0.07093,,0.57,1777876221
All Pools,CRV - AVAX,0.3,False,,42.31,,,1777876221
All Pools,CRV - USDT.e,0.3,False,,0.1296,,0.31,1777876221
All Pools,GRT.e - AVAX,0.3,False,,7.363,,0.01,1777876221
All Pools,USDC.e - SUSD,0.3,False,,505.74,,,1777876221
All Pools,LUEEGI - USDt,0.3,False,,0.09333,,0.4,1777876221
All Pools,TSD - USDC.e,0.3,False,,0.0963,,0.38,1777876221
All Pools,PIZZA - USDC.e,0.3,False,,0.08129,,0.45,1777876221
All Pools,AVE - AVAX,0.3,False,,4.245,,0.01,1777876221
All Pools,KITE - AVAX,0.3,False,,0.05735,,0.59,1777876221
All Pools,WETH.e - FEED,0.3,False,,0.0725,,0.47,1777876221
All Pools,BMOON - AVAX,0.3,False,,0.17268,,0.19,1777876221
All Pools,ONION - CORN,0.3,False,,34.28,,,1777876221
All Pools,AAVE.e - MU,0.3,False,,0.04515,,0.69,1777876221
All Pools,UNI.e - AVAX,0.3,False,,0.03143,,0.95,1777876221
All Pools,BLZZ - USDT.e,0.3,False,,0.1317,,0.22,1777876221
All Pools,GENI - USDC.e,0.3,False,,0.12255,,0.23,1777876221
All Pools,ROCO - SMRT,0.3,False,,0.02587,,0.99,1777876221
All Pools,AR - AVAX,0.3,False,,0.03966,,0.64,1777876221
All Pools,AR - USDC.e,0.3,False,,17.79,,0.0,1777876221
All Pools,LUNA - JOE,0.3,False,,0.04465,,0.53,1777876221
All Pools,BPT - AVAX,0.3,False,,443.3,,,1777876221
All Pools,BPT - USDC.e,0.3,False,,0.07984,,0.29,1777876221
All Pools,AUSD - USDC,0.01,False,10310932.0,4190503.0,1031.15,8.98,1777879822
All Pools,AUSD - USDt,0.01,False,10211726.0,3401006.0,1021.23,10.96,1777879822
All Pools,AVAX - USDC,0.05,False,6291083.0,3957924.0,3285.79,30.3,1777879822
All Pools,BTC.b - USDC,0.05,False,330838.0,811870.0,172.12,7.74,1777879822
All Pools,USDC.e - O3,0.3,False,229593.0,343158046.0,573.98,0.06,1777879822
All Pools,USDt - USDC,0.005,False,120229.0,695123.0,8.511,0.45,1777879822
All Pools,AVAX - USDC,0.2,False,70219.0,207962.0,141.18,24.78,1777879822
All Pools,sAVAX - AVAX,0.01,False,56744.0,190868.0,5.682,1.09,1777879822
All Pools,ARENA - AVAX,0.01,False,49130.0,180824.0,4.909,0.99,1777879822
All Pools,GUN - AVAX,0.25,False,43173.0,127317.0,111.66,32.01,1777879822
All Pools,USDC - XAVA,0.3,False,38638.0,613388.0,96.59,5.75,1777879822
All Pools,DAI.e - USDC,0.02,False,37450.0,31158.0,9.506,11.14,1777879822
All Pools,AVAX - BTC.b,0.05,False,36158.0,592165.0,19.0,1.17,1777879822
All Pools,GUN - AVAX,0.1,False,33924.0,40469.0,36.52,32.94,1777879822
All Pools,NXPC - AVAX,0.3,False,32651.0,241590.0,81.63,12.33,1777879822
All Pools,USDT.e - USDC,0.02,False,23687.0,48843.0,4.764,3.56,1777879822
All Pools,AVAX - USDt,0.2,False,19617.0,132557.0,39.52,10.88,1777879822
All Pools,WBTC - BTC.b,0.03,False,17664.0,85121.0,5.369,2.3,1777879822
All Pools,QI - AVAX,0.3,False,14583.0,244064.0,36.46,5.45,1777879822
All Pools,FOLKS - AVAX,0.25,False,13733.0,34806.0,35.02,36.73,1777879822
All Pools,AVAX - USDT.e,0.3,False,13679.0,555881.0,34.2,2.25,1777879822
All Pools,USDT.e - USDt,0.02,False,13333.0,44338.0,2.678,2.2,1777879822
All Pools,AVAX - USDC,0.3,False,12534.0,408425.0,31.34,2.8,1777879822
All Pools,XAUt0 - USDt,0.04,False,12426.0,38982.0,5.427,5.08,1777879822
All Pools,MIM - AVAX,0.3,False,12048.0,565877.0,30.12,1.94,1777879822
All Pools,JOE - AVAX,0.3,False,11394.0,528620.0,28.49,1.97,1777879822
All Pools,USDC.e - AVAX,0.3,False,10058.0,432770.0,25.15,2.12,1777879822
All Pools,AAVE.e - AVAX,0.3,False,9198.39,305876.0,23.0,2.74,1777879822
All Pools,COQ - AVAX,0.3,False,8433.46,618411.0,21.08,1.24,1777879822
All Pools,JOE - USDC.e,0.3,False,7899.57,340058.0,19.75,2.12,1777879822
All Pools,WBTC.e - BTC.b,0.03,False,7850.68,332492.0,2.421,0.27,1777879822
All Pools,SolvBTC - BTC.b,0.04,False,5230.25,257349.0,3.087,0.44,1777879822
All Pools,USDt - USDC,0.01,False,5167.57,181818.0,0.41393,0.08,1777879822
All Pools,USDT.e - USDC,0.02,False,4551.12,887.92,0.47703,19.61,1777879822
All Pools,EURC - USDC,0.03,False,4401.74,13102.0,1.444,4.02,1777879822
All Pools,DAI.e - USDC,0.02,False,3940.67,2566.63,1.066,15.15,1777879822
All Pools,JPYC - USDC,0.04,False,3255.36,4481.8,1.884,15.35,1777879822
All Pools,ORNG - AVAX,0.3,False,3222.74,27755.0,8.057,10.6,1777879822
All Pools,FLD - AVAX,0.3,False,2886.84,52115.0,7.217,5.05,1777879822
All Pools,BEAM - AVAX,0.25,False,2390.64,20578.0,6.016,10.67,1777879822
All Pools,XAVA - AVAX,0.8,False,2294.45,230708.0,18.47,2.92,1777879822
All Pools,HEFE - AVAX,0.3,False,2126.33,21527.0,5.316,9.01,1777879822
All Pools,WETH.e - AVAX,0.3,False,2050.68,503308.0,5.127,0.37,1777879822
All Pools,LCPEDU - USDt,0.8,False,2037.94,9626335.0,32.67,0.12,1777879822
All Pools,BEAM - AVAX,0.3,False,1796.8,95480.0,4.492,1.72,1777879822
All Pools,WBTC.e - AVAX,0.3,False,1772.8,173734.0,4.432,0.93,1777879822
All Pools,BEAM - USDC,0.3,False,1759.13,73041.0,4.398,2.2,1777879822
All Pools,JOE - USDT.e,0.3,False,1653.87,68124.0,4.135,2.22,1777879822
All Pools,AVAX - avUSD,0.25,False,1593.6,2370.03,3.999,61.59,1777879822
All Pools,USDt - AVAX,0.3,False,1507.71,45304.0,3.769,3.04,1777879822
All Pools,SOL - AVAX,0.3,False,1491.7,438121.0,3.729,0.31,1777879822
All Pools,ZRO - AVAX,0.25,False,1433.66,2308.35,11.49,181.73,1777879822
All Pools,LINK.e - AVAX,0.3,False,1432.52,48906.0,3.581,2.67,1777879822
All Pools,XAVA - AVAX,0.25,False,1405.66,3214.78,3.553,40.34,1777879822
All Pools,AUSD - AVAX,0.1,False,1404.03,40197.0,1.438,1.31,1777879822
All Pools,SHRAP - AVAX,0.8,False,1327.7,13021.0,13.31,37.31,1777879822
All Pools,BTC.b - AVAX,0.3,False,1189.79,143452.0,2.974,0.76,1777879822
All Pools,AVAX - JUICE,0.3,False,1152.77,15873.0,2.882,6.63,1777879822
All Pools,JOE - USDC,0.3,False,1100.18,40484.0,2.75,2.48,1777879822
All Pools,SIERRA - USDC,0.1,False,1030.35,39684.0,1.031,0.95,1777879822
All Pools,ALOT - AVAX,0.3,False,986.07,228230.0,2.465,0.39,1777879822
All Pools,AVAX - DAI.e,0.3,False,917.13,34424.0,2.293,2.43,1777879822
All Pools,NOCHILL - AVAX,0.3,False,894.82,89732.0,2.237,0.91,1777879822
All Pools,MUON - AVAX,0.3,False,821.13,47360.0,2.053,1.58,1777879822
All Pools,AVAX - ALVA,0.3,False,797.35,1269.95,1.993,57.29,1777879822
All Pools,WETH.e - USDC,0.15,False,681.74,10055.0,1.038,3.77,1777879822
All Pools,w3ULL - AVAX,0.3,False,600.31,65988.0,1.501,0.83,1777879822
All Pools,AVAX - XAVA,0.3,False,563.63,16098.0,1.409,3.19,1777879822
All Pools,JOE - AVAX,0.25,False,527.7,11468.0,1.331,4.24,1777879822
All Pools,AARB - AVAX,0.3,False,439.33,0.18298,1.098,219093.68,1777879822
All Pools,ARC - AVAX,0.3,False,439.02,0.18291,1.098,219015.13,1777879822
All Pools,UTAO - AVAX,0.3,False,433.74,0.18182,1.084,217681.08,1777879822
All Pools,SB - AVAX,0.3,False,400.17,7039.97,1.0,5.19,1777879822
All Pools,QI - AVAX,0.25,False,329.48,14924.0,0.82541,2.02,1777879822
All Pools,XSEED - AVAX,0.3,False,251.62,12636.0,0.62906,1.82,1777879822
All Pools,UST - AVAX,0.3,False,248.99,8009.76,0.62247,2.84,1777879822
All Pools,HERESY - AVAX,0.3,False,226.16,21887.0,0.56539,0.94,1777879822
All Pools,HUNDRED - USDC,0.3,False,218.56,521219.0,0.5464,0.04,1777879822
All Pools,WETH.e - USDC.e,0.3,False,204.92,12465.0,0.51229,1.5,1777879822
All Pools,WBTC.e - BTC.b,0.03,False,199.0,692.52,0.08526,4.49,1777879822
All Pools,XETA - USDC,0.3,False,191.68,6442.09,0.4792,2.72,1777879822
All Pools,MIM - SB,0.3,False,189.95,5788.68,0.47487,2.99,1777879822
All Pools,AVAX - JUICY,0.3,False,172.09,3036.76,0.43023,5.17,1777879822
All Pools,STG - USDC,0.3,False,171.26,1467.83,0.42815,10.65,1777879822
All Pools,gOHM - AVAX,0.3,False,168.66,141385.0,0.42166,0.11,1777879822
All Pools,USDt - USDC,0.02,False,161.53,2236.91,0.03234,0.53,1777879822
All Pools,AVAX - UST,0.3,False,151.28,9056.75,0.37821,1.52,1777879822
All Pools,YAK - AVAX,0.3,False,150.82,112952.0,0.37706,0.12,1777879822
All Pools,PTOP800 - USDC,0.1,False,140.02,660.61,0.14078,7.78,1777879822
All Pools,SOL - AVAX,0.1,False,139.96,1098.7,0.14394,4.78,1777879822
All Pools,PTOP800 - AVAX,0.1,False,139.18,608.84,0.13977,8.38,1777879822
All Pools,GMX - AVAX,0.3,False,138.6,5007.27,0.34651,2.53,1777879822
All Pools,KIMBO - AVAX,0.3,False,117.69,64955.0,0.29423,0.17,1777879822
All Pools,LUNA - USDC.e,0.3,False,112.08,895.61,0.28019,11.42,1777879822
All Pools,PTOP1100 - AVAX,0.1,False,100.11,364.43,0.1009,10.11,1777879822
All Pools,PTOP1100 - USDC,0.1,False,98.01,667.64,0.09829,5.37,1777879822
All Pools,MIM - USDt,0.03,False,91.45,9.695,0.02936,110.53,1777879822
All Pools,STG - AVAX,0.3,False,90.21,1469.38,0.22553,5.6,1777879822
All Pools,EVO - AVAX,0.3,False,86.05,13777.0,0.21512,0.57,1777879822
All Pools,JOE - AVAX,0.15,False,84.68,70209.0,0.13106,0.07,1777879822
All Pools,USDC.e - USDC,0.3,False,77.43,484218.0,0.19357,0.01,1777879822
All Pools,AVAX - CLY,0.3,False,76.45,60399.0,0.19112,0.12,1777879822
All Pools,PRIME - AVAX,0.4,False,74.09,108598.0,0.90649,0.3,1777879822
All Pools,PTOP1300 - AVAX,0.1,False,63.39,579.88,0.06351,4.0,1777879822
All Pools,PTOP1300 - USDC,0.1,False,63.03,348.23,0.0632,6.62,1777879822
All Pools,APIX - USDt,0.3,False,60.71,6948.13,0.15177,0.8,1777879822
All Pools,FITFI - USDT.e,0.3,False,59.48,369.49,0.14869,14.69,1777879822
All Pools,PTOP1200 - AVAX,0.1,False,58.81,691.11,0.05886,3.11,1777879822
All Pools,GGP - AVAX,0.3,False,58.65,92828.0,0.14663,0.06,1777879822
All Pools,PTOP1200 - USDC,0.1,False,58.1,199.28,0.05891,10.79,1777879822
All Pools,CAI - AVAX,0.3,False,56.94,1829.46,0.14234,2.84,1777879822
All Pools,MAJIN - AVAX,0.3,False,54.99,4324.92,0.13748,1.16,1777879822
All Pools,CDK - AVAX,0.25,False,48.94,5713.4,0.19133,1.22,1777879822
All Pools,CAT - AVAX,0.3,False,46.43,1914.37,0.11609,2.21,1777879822
All Pools,AVAX - RISE,0.3,False,45.82,60053.0,0.11455,0.07,1777879822
All Pools,APIX - ID,0.3,False,36.72,25453.0,0.09179,0.13,1777879822
All Pools,FTR - AVAX,0.3,False,35.5,1294.1,0.08876,2.5,1777879822
All Pools,gOHM - FRAX,0.3,False,30.98,3609.21,0.07745,0.78,1777879822
All Pools,BOI - AVAX,0.3,False,30.74,83.48,0.07685,33.6,1777879822
All Pools,GENI - USDC,0.3,False,29.73,1489.63,0.07432,1.82,1777879822
All Pools,sAVAX - JACK,0.3,False,28.35,293483.0,0.07087,0.01,1777879822
All Pools,BLSEYE🎯 - AVAX,0.3,False,27.88,6070.53,0.06969,0.42,1777879822
All Pools,PTOP800 - BTC.b,0.1,False,27.71,1011.17,0.02972,1.07,1777879822
All Pools,USDt - ncash,0.3,False,27.53,1139.94,0.06882,2.2,1777879822
All Pools,GUN - BLSEYE🎯,0.3,False,27.51,954.22,0.06877,2.63,1777879822
All Pools,APIX - ARENA,0.3,False,26.77,2377.75,0.06693,1.03,1777879822
All Pools,APIX - USDC,0.3,False,26.45,3471.04,0.06612,0.7,1777879822
All Pools,SWORLD - AVAX,0.3,False,24.85,7046.03,0.06213,0.32,1777879822
All Pools,PNG - AVAX,0.3,False,24.53,1071.87,0.06132,2.09,1777879822
All Pools,CAPY - ARENA,0.3,False,23.36,32096.0,0.0584,0.07,1777879822
All Pools,USDV - AVAX,0.25,False,22.49,1833.32,0.08815,1.75,1777879822
All Pools,ROCO - AVAX,0.3,False,22.29,1296.51,0.05574,1.57,1777879822
All Pools,MIM - WETH.e,0.3,False,21.77,1477.44,0.05441,1.34,1777879822
All Pools,AVAX - FRAX,0.3,False,21.75,1026.88,0.05437,1.93,1777879822
All Pools,KLO - AVAX,0.3,False,20.92,14987.0,0.05231,0.13,1777879822
All Pools,USDC.e - DAI.e,0.3,False,19.07,22840.0,0.04767,0.08,1777879822
All Pools,BOOTY - AVAX,0.3,False,19.04,2140.2,0.0476,0.81,1777879822
All Pools,AVAX - DOMI,0.3,False,18.88,17580.0,0.04721,0.1,1777879822
All Pools,BLIZZ - AVAX,0.3,False,18.75,880.49,0.04687,1.94,1777879822
All Pools,SHRAP - DOMI,0.3,False,18.19,296.4,0.04546,5.6,1777879822
All Pools,HAT - AVAX,0.3,False,17.93,9675.42,0.04484,0.17,1777879822
All Pools,GUN - AVAX,0.3,False,17.16,447.41,0.04291,3.5,1777879822
All Pools,Psychic - AVAX,0.3,False,17.16,1196.93,0.04291,1.31,1777879822
All Pools,POLAR - AVAX,0.3,False,17.12,1851.64,0.0428,0.84,1777879822
All Pools,UST - USDC.e,0.3,False,16.83,779.25,0.04206,1.97,1777879822
All Pools,SECOND - AVAX,0.3,False,16.68,1780.82,0.04169,0.85,1777879822
All Pools,SECOND - USDC,0.3,False,16.67,7217.47,0.04168,0.21,1777879822
All Pools,RGOGLZ - USDC,0.3,False,15.53,1595.53,0.03883,0.89,1777879822
All Pools,BUSD - AVAX,0.3,False,14.78,425.43,0.03695,3.17,1777879822
All Pools,HUSKY - AVAX,0.3,False,14.74,3723.5,0.03685,0.36,1777879822
All Pools,HATCHY - AVAX,0.3,False,14.2,9862.47,0.0355,0.13,1777879822
All Pools,WINK - AVAX,0.3,False,14.14,82.81,0.03535,15.58,1777879822
All Pools,AVAX - GEC,0.3,False,14.0,36461.0,0.03499,0.04,1777879822
All Pools,XROSS - ORNG,0.3,False,13.99,480.38,0.03496,2.66,1777879822
All Pools,ZRO - AVAX,0.3,False,12.75,200.92,0.03187,5.79,1777879822
All Pools,Psychic - XAUt0,0.3,False,12.1,7045.96,0.03025,0.16,1777879822
All Pools,YUSD - AVAX,0.3,False,12.01,135.01,0.03003,8.12,1777879822
All Pools,ORNG - JUCI,0.3,False,11.77,499.46,0.02941,2.15,1777879822
All Pools,DCAU - AVAX,0.3,False,11.36,1276.66,0.0284,0.81,1777879822
All Pools,ORNG - MOOM,0.3,False,11.34,399.95,0.02835,2.59,1777879822
All Pools,DCAU - USDT.e,0.3,False,10.84,5330.99,0.0271,0.19,1777879822
All Pools,Ush - AVAX,0.3,False,10.84,2848.03,0.02709,0.35,1777879822
All Pools,YOU - ORNG,0.3,False,10.45,3195.6,0.02612,0.3,1777879822
All Pools,PTOP1000 - AVAX,0.1,False,10.41,639.93,0.01042,0.59,1777879822
All Pools,TECH - AVAX,0.3,False,10.35,14323.0,0.02588,0.07,1777879822
All Pools,AVAX - HON,0.3,False,10.22,91882.0,0.02554,0.01,1777879822
All Pools,COMET - AVAX,0.3,False,10.19,493.48,0.02549,1.89,1777879822
All Pools,agEUR - USDC,0.3,False,10.18,63.91,0.02545,14.54,1777879822
All Pools,SYN - AVAX,0.3,False,9.992,2793.34,0.02498,0.33,1777879822
All Pools,DATCM - ORNG,0.3,False,9.837,481.78,0.02459,1.86,1777879822
All Pools,MYST - AVAX,0.3,False,9.695,918.97,0.02424,0.96,1777879822
All Pools,AVAXAI - USDC,0.3,False,9.68,1724.21,0.0242,0.51,1777879822
All Pools,STRZ - AVAX,0.3,False,9.168,27.91,0.02292,29.98,1777879822
All Pools,JPYC - USDC,0.3,False,8.644,351.59,0.02161,2.24,1777879822
All Pools,BLSEYE🎯 - ARENA,0.3,False,8.587,1187.02,0.02147,0.66,1777879822
All Pools,KINGSHIT - AVAX,0.3,False,8.355,5029.87,0.02089,0.15,1777879822
All Pools,MEAT - AVAX,0.3,False,8.141,5431.91,0.02035,0.14,1777879822
All Pools,ORNG - FLUX,0.3,False,7.582,355.77,0.01896,1.94,1777879822
All Pools,ORNG - SAI,0.3,False,6.749,299.04,0.01687,2.06,1777879822
All Pools,UST - USDC,0.3,False,6.533,483.65,0.01633,1.23,1777879822
All Pools,FITFI - AVAX,0.3,False,6.439,39.19,0.0161,14.99,1777879822
All Pools,AVAX - PEFI,0.3,False,5.627,4577.35,0.01407,0.11,1777879822
All Pools,avUSD - sAVAX,0.3,False,4.764,267.05,0.01191,1.63,1777879822
All Pools,AVAX - ELK,0.3,False,4.745,1737.11,0.01186,0.25,1777879822
All Pools,MAI - AVAX,0.3,False,4.667,1833.72,0.01167,0.23,1777879822
All Pools,Psychic - BLACK,0.3,False,4.271,470.49,0.01068,0.83,1777879822
All Pools,BLS - USDt,0.3,False,4.177,120.43,0.01044,3.17,1777879822
All Pools,USDT.e - DAI.e,0.3,False,4.034,7343.03,0.01009,0.05,1777879822
All Pools,LINK.e - USDT.e,0.3,False,3.774,234.75,0.00943,1.47,1777879822
All Pools,LUNA - AVAX,0.3,False,3.676,22.61,0.00919,14.84,1777879822
All Pools,Gravity - BLACK,0.3,False,3.551,1080.42,0.00888,0.3,1777879822
All Pools,SVETA - AVAX,0.3,False,3.531,1422.86,0.00883,0.23,1777879822
All Pools,USDC.e - USDT.e,0.3,False,3.506,40474.0,0.00876,0.01,1777879822
All Pools,USV - DAI.e,0.3,False,3.502,4308.28,0.00876,0.07,1777879822
All Pools,LIQR - AVAX,0.3,False,3.413,52251.0,0.00853,0.01,1777879822
All Pools,FollowTheWhiteRabbit - BLACK,0.3,False,3.343,1193.19,0.00836,0.26,1777879822
All Pools,SWIFT - USDC.e,0.3,False,3.301,546.99,0.00825,0.55,1777879822
All Pools,MYST - USDC,0.3,False,3.27,257.23,0.00818,1.16,1777879822
All Pools,REDWOLF - AVAX,0.3,False,3.178,507.49,0.00795,0.57,1777879822
All Pools,ISA - USDC.e,0.3,False,3.161,495.32,0.0079,0.58,1777879822
All Pools,ISA - AVAX,0.3,False,2.998,1486.91,0.0075,0.18,1777879822
All Pools,PNG - JOE,0.3,False,2.939,173.58,0.00735,1.55,1777879822
All Pools,BTC.b - TOPIA,0.3,False,2.935,314.57,0.00734,0.85,1777879822
All Pools,Gravity - AVAX,0.3,False,2.93,343.36,0.00733,0.78,1777879822
All Pools,GUDVBZ - AVAX,0.3,False,2.902,452.81,0.00726,0.58,1777879822
All Pools,SWIFT - WETH.e,0.3,False,2.842,1665.46,0.00711,0.16,1777879822
All Pools,MIM - USDC.e,0.3,False,2.792,2006.62,0.00698,0.13,1777879822
All Pools,LINK.e - USDC.e,0.3,False,2.759,195.8,0.0069,1.29,1777879822
All Pools,TINU - AVAX,0.3,False,2.724,1362.31,0.00681,0.18,1777879822
All Pools,APOW - AVAX,0.3,False,2.721,1091.51,0.0068,0.23,1777879822
All Pools,Trinity - BLACK,0.3,False,2.714,571.16,0.00679,0.43,1777879822
All Pools,Trinity - AVAX,0.3,False,2.665,1050.28,0.00666,0.23,1777879822
All Pools,WETH - USDC.e,0.3,False,2.627,231.38,0.00657,1.04,1777879822
All Pools,HAREM - AVAX,0.3,False,2.624,144.03,0.00656,1.66,1777879822
All Pools,USDT.e - CLY,0.3,False,2.622,265.1,0.00655,0.9,1777879822
All Pools,AVAX - aXEN,0.3,False,2.505,79.39,0.00626,2.88,1777879822
All Pools,YAK - USDC.e,0.3,False,2.437,222.91,0.00609,1.0,1777879822
All Pools,FollowTheWhiteRabbit - AVAX,0.3,False,2.365,167.52,0.00591,1.29,1777879822
All Pools,LUNA - USDC.e,0.3,False,2.276,330.38,0.00569,0.63,1777879822
All Pools,Now - BLACK,0.3,False,2.275,448.42,0.00569,0.46,1777879822
All Pools,WETH.e - USDT.e,0.3,False,2.268,169.4,0.00567,1.22,1777879822
All Pools,USDC - SHRAP,0.3,False,2.262,28.25,0.00566,7.31,1777879822
All Pools,DPS - AVAX,0.3,False,2.107,223.91,0.00527,0.86,1777879822
All Pools,XAUt0 - Gravity,0.3,False,2.107,402.92,0.00527,0.48,1777879822
All Pools,AVAX - FRAX,0.3,False,2.106,276.44,0.00526,0.7,1777879822
All Pools,DPS - USDC,0.3,False,2.106,1941.9,0.00526,0.1,1777879822
All Pools,AAVE.e - REDWOLF,0.3,False,2.027,164.22,0.00507,1.13,1777879822
All Pools,67 - AVAX,0.3,False,2.022,26.38,0.00505,6.99,1777879822
All Pools,USDC.e - MU,0.3,False,2.001,13521.0,0.005,0.01,1777879822
All Pools,AVAX - TIME,0.3,False,1.973,1230.49,0.00493,0.15,1777879822
All Pools,JOE - USDT,0.3,False,1.973,366.66,0.00493,0.49,1777879822
All Pools,MaryMagdalene - AVAX,0.3,False,1.945,227.84,0.00486,0.78,1777879822
All Pools,BLSEYE🎯 - BEAM,0.3,False,1.904,348.71,0.00476,0.5,1777879822
All Pools,USDt - USDT.e,0.3,False,1.897,20425.0,0.00474,0.01,1777879822
All Pools,AVAX - USDT,0.3,False,1.887,2023.04,0.00472,0.09,1777879822
All Pools,AVAX - APOW,0.3,False,1.883,26115.0,0.00471,0.01,1777879822
All Pools,Now - AVAX,0.3,False,1.879,270.91,0.0047,0.63,1777879822
All Pools,3QF - D - AVAX,0.3,False,1.878,1783.04,0.00469,0.1,1777879822
All Pools,XAUt0 - Now,0.3,False,1.877,720.07,0.00469,0.24,1777879822
All Pools,3QF - D - WETH.e,0.3,False,1.872,3163.65,0.00468,0.05,1777879822
All Pools,REDWOLF - USDC,0.3,False,1.87,204.08,0.00467,0.84,1777879822
All Pools,USDC - SOCK,0.3,False,1.778,490.08,0.00444,0.33,1777879822
All Pools,AVAX - SOCK,0.3,False,1.776,3370.19,0.00444,0.05,1777879822
All Pools,GENI - AVAX,0.3,False,1.759,75.1,0.0044,2.14,1777879822
All Pools,CATWIF - AVAX,0.3,False,1.755,3329.11,0.00439,0.05,1777879822
All Pools,PIZZA - AVAX,0.3,False,1.684,521.51,0.00421,0.29,1777879822
All Pools,TRESR - AVAX,0.3,False,1.657,15054.0,0.00414,0.01,1777879822
All Pools,BEAR - AVAX,0.3,False,1.619,7355.81,0.00405,0.02,1777879822
All Pools,FXS - AVAX,0.3,False,1.56,447.9,0.0039,0.32,1777879822
All Pools,Balln - AVAX,0.3,False,1.519,4310.64,0.0038,0.03,1777879822
All Pools,MAGICK - AVAX,0.3,False,1.48,361.09,0.0037,0.37,1777879822
All Pools,MAGICK - USDC,0.3,False,1.479,243.11,0.0037,0.56,1777879822
All Pools,APOW - USDC,0.3,False,1.445,169.58,0.00361,0.78,1777879822
All Pools,USDC.e - AVVO,0.3,False,1.41,253.99,0.00352,0.51,1777879822
All Pools,WETH.e - ONION,0.3,False,1.393,278.62,0.00348,0.46,1777879822
All Pools,USDT.e - ONION,0.3,False,1.392,779.28,0.00348,0.16,1777879822
All Pools,AVAX - SPELL,0.3,False,1.363,2811.85,0.00341,0.04,1777879822
All Pools,AVAX - ONION,0.3,False,1.277,184.87,0.00319,0.63,1777879822
All Pools,APOW - USDt,0.3,False,1.272,169.11,0.00318,0.69,1777879822
All Pools,HOST - DAI.e,0.3,False,1.271,2613.37,0.00318,0.04,1777879822
All Pools,LF - AVAX,0.3,False,1.248,296.25,0.00312,0.38,1777879822
All Pools,SHOE - AVAX,0.3,False,1.248,674.07,0.00312,0.17,1777879822
All Pools,MIM - LF,0.3,False,1.248,915.68,0.00312,0.12,1777879822
All Pools,HUSKY - JOE,0.3,False,1.217,185.61,0.00304,0.6,1777879822
All Pools,SHOE - BTC.b,0.3,False,1.206,856.21,0.00301,0.13,1777879822
All Pools,BLSEYE🎯 - MEOW,0.3,False,1.199,675.07,0.003,0.16,1777879822
All Pools,AVAX - NaughtiusMaximus,0.3,False,1.183,449.13,0.00296,0.24,1777879822
All Pools,XAUt0 - NaughtiusMaximus,0.3,False,1.155,1063.22,0.00289,0.1,1777879822
All Pools,USDC.e - ONION,0.3,False,1.126,390.49,0.00281,0.26,1777879822
All Pools,AVAX - SHRAP,0.3,False,1.089,17.89,0.00272,5.55,1777879822
All Pools,AVAX - AMI,0.3,False,1.086,547.94,0.00271,0.18,1777879822
All Pools,WBTC.e - ONION,0.3,False,1.076,413.18,0.00269,0.24,1777879822
All Pools,SMRTr - AVAX,0.3,False,1.064,37382.0,0.00266,0.0,1777879822
All Pools,SMRTr - USDC.e,0.3,False,1.059,127.51,0.00265,0.76,1777879822
All Pools,LUNA - AVAX,0.3,False,1.056,145.34,0.00264,0.66,1777879822
All Pools,SWIFT - AVAX,0.3,False,1.052,313.9,0.00263,0.31,1777879822
All Pools,rloop - AVAX,0.3,False,0.99149,6325.31,0.00248,0.01,1777879822
All Pools,LUEEGI - AVAX,0.3,False,0.98903,1605.53,0.00247,0.06,1777879822
All Pools,ROY - AVAX,0.3,False,0.96256,5022.08,0.00241,0.02,1777879822
All Pools,DAI.e - ONION,0.3,False,0.94706,356.09,0.00237,0.24,1777879822
All Pools,AVAX - IMPACT2,0.3,False,0.93585,172.28,0.00234,0.5,1777879822
All Pools,MIM - PEFI,0.3,False,0.93174,206.82,0.00233,0.41,1777879822
All Pools,BANKSY - AVAX,0.3,False,0.92257,174.98,0.00231,0.48,1777879822
All Pools,BANKSY - USDT.e,0.3,False,0.92177,1566.08,0.0023,0.05,1777879822
All Pools,UST - USDT.e,0.3,False,0.9122,44.16,0.00228,1.88,1777879822
All Pools,MaryMagdalene - XAUt0,0.3,False,0.90443,1959.12,0.00226,0.04,1777879822
All Pools,WBTC.e - USDT.e,0.3,False,0.89623,174.17,0.00224,0.47,1777879822
All Pools,KIWI - AVAX,0.3,False,0.89149,117.57,0.00223,0.69,1777879822
All Pools,BLS - SHRAP,0.3,False,0.88247,10.06,0.00221,8.01,1777879822
All Pools,KIWI - USDC,0.3,False,0.87277,312.36,0.00218,0.25,1777879822
All Pools,DREGG - AVAX,0.3,False,0.87077,182.44,0.00218,0.44,1777879822
All Pools,Trinity - Psychic,0.3,False,0.86937,552.35,0.00217,0.14,1777879822
All Pools,DREGG - USDT.e,0.3,False,0.86738,550.57,0.00217,0.14,1777879822
All Pools,AVAX - $SICKO,0.3,False,0.83496,10.05,0.00209,7.58,1777879822
All Pools,ACS - AVAX,0.3,False,0.82047,210.52,0.00205,0.36,1777879822
All Pools,AVAX - MU,0.3,False,0.8136,89.76,0.00203,0.83,1777879822
All Pools,DCAU - USDC,0.3,False,0.80919,151.55,0.00202,0.49,1777879822
All Pools,COQ - BLSEYE🎯,0.3,False,0.79447,216.09,0.00199,0.34,1777879822
All Pools,FTOMB - AVAX,0.3,False,0.77124,10319.0,0.00193,0.01,1777879822
All Pools,YETI - AVAX,0.3,False,0.75916,948.37,0.0019,0.07,1777879822
All Pools,AVAX - AVVO,0.3,False,0.75633,308.06,0.00189,0.22,1777879822
All Pools,AVAX - ChristMark,0.3,False,0.72406,362.53,0.00181,0.18,1777879822
All Pools,AVAX - SMRT,0.3,False,0.71888,2384.4,0.0018,0.03,1777879822
All Pools,AVAX - KONG,0.3,False,0.69187,7576.34,0.00173,0.01,1777879822
All Pools,GUN - AMI,0.3,False,0.68916,22.51,0.00172,2.79,1777879822
All Pools,LadyMary - AVAX,0.3,False,0.67852,369.48,0.0017,0.17,1777879822
All Pools,USDT.e - SMRT,0.3,False,0.67648,107.9,0.00169,0.57,1777879822
All Pools,CANS - AVAX,0.3,False,0.65259,13.11,0.00163,4.54,1777879822
All Pools,Gladiator - AVAX,0.3,False,0.64876,3.734,0.00162,15.86,1777879822
All Pools,AVAX - ARENA,0.3,False,0.64753,82.37,0.00162,0.72,1777879822
All Pools,USDC - SPT,0.3,False,0.64749,40.98,0.00162,1.44,1777879822
All Pools,FollowTheWhiteRabbit - LuciferMorningstar,0.3,False,0.63467,3677.14,0.00159,0.02,1777879822
All Pools,USDC - SDOG,0.3,False,0.61889,485.5,0.00155,0.12,1777879822
All Pools,GAINS - AVAX,0.3,False,0.60469,41.19,0.00151,1.34,1777879822
All Pools,USDC - GAU,0.3,False,0.59847,12279.0,0.0015,0.0,1777879822
All Pools,AVAX - TheGospelOfMary,0.3,False,0.5969,160.6,0.00149,0.34,1777879822
All Pools,MAXI - DAI.e,0.3,False,0.59689,237.99,0.00149,0.23,1777879822
All Pools,GURS - AVAX,0.3,False,0.59471,7749.53,0.00149,0.01,1777879822
All Pools,Orange - AVAX,0.3,False,0.59197,88.6,0.00148,0.61,1777879822
All Pools,MONEY - AVAX,0.3,False,0.59067,641.66,0.00148,0.08,1777879822
All Pools,STATIK - AVAX,0.3,False,0.58602,44.75,0.00147,1.19,1777879822
All Pools,LadyMary - FollowTheWhiteRabbit,0.3,False,0.56163,657.48,0.0014,0.08,1777879822
All Pools,MM - USDC,0.3,False,0.55023,84.89,0.00138,0.59,1777879822
All Pools,XAUt0 - ChristMark,0.3,False,0.55004,700.83,0.00138,0.07,1777879822
All Pools,MM - AVAX,0.3,False,0.54599,136.37,0.00136,0.37,1777879822
All Pools,HOST - AVAX,0.3,False,0.54041,107.75,0.00135,0.46,1777879822
All Pools,Trinity - LuciferMorningstar,0.3,False,0.53756,355099463.0,0.00134,,1777879822
All Pools,AVAX - PENDLE,0.3,False,0.53102,7827.14,0.00133,0.01,1777879822
All Pools,JOE - EXP,0.3,False,0.52711,13499352.0,0.00132,,1777879822
All Pools,AMPL - AVAX,0.3,False,0.51174,344.66,0.00128,0.14,1777879822
All Pools,KALM - AVAX,0.3,False,0.50975,128.74,0.00127,0.36,1777879822
All Pools,KALM - USDC,0.3,False,0.50954,85.61,0.00127,0.54,1777879822
All Pools,HEFE - GAINS,0.3,False,0.49422,5.941,0.00124,7.59,1777879822
All Pools,MIM - TIME,0.3,False,0.48092,123.64,0.0012,0.35,1777879822
All Pools,AVAX - ZUBAX,0.3,False,0.47724,118.29,0.00119,0.37,1777879822
All Pools,50 - AVAX,0.3,False,0.47008,77.22,0.00118,0.56,1777879822
All Pools,50 - USDC,0.3,False,0.46982,121.11,0.00117,0.35,1777879822
All Pools,FERT - AVAX,0.3,False,0.4636,811.79,0.00116,0.05,1777879822
All Pools,USDt - IMPACT2,0.3,False,0.46096,72.27,0.00115,0.58,1777879822
All Pools,PTOP900 - TOPIA,0.3,False,0.45979,105.58,0.00115,0.4,1777879822
All Pools,Orange - DivineFeminine,0.3,False,0.45842,1115.4,0.00115,0.04,1777879822
All Pools,USDC.e - WXT,0.3,False,0.4566,292.99,0.00114,0.14,1777879822
All Pools,Psychic - Now,0.3,False,0.45294,639.94,0.00113,0.06,1777879822
All Pools,PTOP1100 - TOPIA,0.3,False,0.45247,153.28,0.00113,0.27,1777879822
All Pools,BTC.b - oXAUT,0.3,False,0.44915,376.14,0.00112,0.11,1777879822
All Pools,oXAUT - AVAX,0.3,False,0.44906,522.93,0.00112,0.08,1777879822
All Pools,ZUBAX - USDT.e,0.3,False,0.44798,185.94,0.00112,0.22,1777879822
All Pools,BNB - AVAX,0.3,False,0.43055,4168.31,0.00108,0.01,1777879822
All Pools,SYMBIOT - AVAX,0.3,False,0.4294,92.86,0.00107,0.42,1777879822
All Pools,USDT - ETH,0.3,False,0.42385,216.58,0.00106,0.18,1777879822
All Pools,MU - DAI.e,0.3,False,0.42202,246.18,0.00106,0.16,1777879822
All Pools,SYMBIOT - DAI.e,0.3,False,0.42114,472.18,0.00105,0.08,1777879822
All Pools,VPND - AVAX,0.3,False,0.41873,25753.0,0.00105,0.0,1777879822
All Pools,BrideOfChrist - AVAX,0.3,False,0.41215,90.37,0.00103,0.42,1777879822
All Pools,BTC.b - SPT,0.3,False,0.41098,40.07,0.00103,0.94,1777879822
All Pools,MaryMagdalene - FollowTheWhiteRabbit,0.3,False,0.40605,209.09,0.00102,0.18,1777879822
All Pools,WETH.e - USDC,0.3,False,0.4054,22.94,0.00101,1.61,1777879822
All Pools,BTC.b - IMPACT2,0.3,False,0.40433,1287.0,0.00101,0.03,1777879822
All Pools,ZRO - USDC,0.3,False,0.4012,5.633,0.001,6.5,1777879822
All Pools,JEWEL - USDC,0.3,False,0.39036,4535.69,,0.01,1777879822
All Pools,gOHM - SB,0.3,False,0.38097,15.74,,2.21,1777879822
All Pools,LINDA - AVAX,0.3,False,0.37187,2108.53,,0.02,1777879822
All Pools,WETH.e - REDWOLF,0.3,False,0.37157,103.8,,0.33,1777879822
All Pools,APIX - LAMBO,0.3,False,0.36705,567.19,,0.06,1777879822
All Pools,HEFE - CANS,0.3,False,0.36443,4.34,,7.66,1777879822
All Pools,Gladiator - USDC,0.3,False,0.35774,564.41,,0.06,1777879822
All Pools,SOL - USDC,0.3,False,0.34991,24.22,,1.32,1777879822
All Pools,BOI - MU,0.3,False,0.34713,1.313,,24.12,1777879822
All Pools,BLUB - AVAX,0.3,False,0.33939,17158.0,,0.0,1777879822
All Pools,Gladiator - AMI,0.3,False,0.33302,373.44,,0.08,1777879822
All Pools,HUSKY - AMI,0.3,False,0.33218,87.4,,0.35,1777879822
All Pools,WETH.e - SURE,0.3,False,0.33066,1112.27,,0.03,1777879822
All Pools,USDC - aXEN,0.3,False,0.31715,9.361,,3.09,1777879822
All Pools,FollowTheWhiteRabbit - TheGospelOfMary,0.3,False,0.31619,159.46,,0.18,1777879822
All Pools,KIMBO - CANS,0.3,False,0.29561,396.24,,0.07,1777879822
All Pools,BOI - AMI,0.3,False,0.29305,1.125,,23.78,1777879822
All Pools,Psychic - Meaning,0.3,False,0.29131,316.62,,0.08,1777879822
All Pools,Meaning - AVAX,0.3,False,0.29108,458.7,,0.06,1777879822
All Pools,USDC - CHAM,0.3,False,0.2833,50.38,,0.51,1777879822
All Pools,USDC.e - SOL,0.3,False,0.27478,42.09,,0.6,1777879822
All Pools,IMPACT2 - EURC,0.3,False,0.27467,47.44,,0.53,1777879822
All Pools,RUX - AVAX,0.3,False,0.27389,30.58,,0.82,1777879822
All Pools,USDt - RUX,0.3,False,0.27375,16093.0,,0.0,1777879822
All Pools,CQK - AVAX,0.3,False,0.2708,133.35,,0.19,1777879822
All Pools,CQK - USDC,0.3,False,0.27064,35.43,,0.7,1777879822
All Pools,ABC - AVAX,0.3,False,0.26698,1101.72,,0.02,1777879822
All Pools,USDT.e - MU,0.3,False,0.26655,255.79,,0.1,1777879822
All Pools,sAVAX - COQ,0.3,False,0.2623,95.23,,0.25,1777879822
All Pools,CGS - AVAX,0.3,False,0.25966,67.09,,0.35,1777879822
All Pools,CGS - USDC.e,0.3,False,0.25949,160.06,,0.15,1777879822
All Pools,COQ - JUICE,0.3,False,0.25772,48.57,,0.48,1777879822
All Pools,JOE - KRW,0.3,False,0.25334,240.06,,0.1,1777879822
All Pools,KRW - AVAX,0.3,False,0.25319,461.05,,0.05,1777879822
All Pools,AftermathsKobe - AVAX,0.3,False,0.25059,298.16,,0.08,1777879822
All Pools,BUSD - USDC,0.3,False,0.25016,7.769,,2.94,1777879822
All Pools,Psychic - AftermathsKobe,0.3,False,0.25005,328.65,,0.07,1777879822
All Pools,miMatic - USDC.e,0.3,False,0.24835,23.52,,0.96,1777879822
All Pools,DivineFeminine - Gravity,0.3,False,0.2483,2349.92,,0.01,1777879822
All Pools,USDC - USD+,0.3,False,0.24814,33.16,,0.68,1777879822
All Pools,AVAX - WISE,0.3,False,0.24394,79.65,,0.28,1777879822
All Pools,USDC.e - WISE,0.3,False,0.24385,46.45,,0.48,1777879822
All Pools,USDC - yyAVAX,0.3,False,0.24295,14.28,,1.55,1777879822
All Pools,AVAI - AVAX,0.3,False,0.23976,29.61,,0.74,1777879822
All Pools,Psychic - Ducks,0.3,False,0.23321,323.44,,0.07,1777879822
All Pools,Ducks - AVAX,0.3,False,0.23303,293.4,,0.07,1777879822
All Pools,DCAU - MIM,0.3,False,0.23224,312.67,,0.07,1777879822
All Pools,AVAX - TOPIA,0.3,False,0.22731,534.37,,0.04,1777879822
All Pools,Psychic - Jjj,0.3,False,0.22584,323.84,,0.06,1777879822
All Pools,Jjj - AVAX,0.3,False,0.22576,293.99,,0.07,1777879822
All Pools,MaryMagdalene - TheGospelOfMary,0.3,False,0.22466,272.81,,0.08,1777879822
All Pools,TSD - AVAX,0.3,False,0.22069,328.1,,0.06,1777879822
All Pools,MIM - MU,0.3,False,0.21867,254.55,,0.08,1777879822
All Pools,VENG - AVAX,0.3,False,0.21857,60.86,,0.33,1777879822
All Pools,FollowTheWhiteRabbit - DivineFeminine,0.3,False,0.21041,686.29,,0.03,1777879822
All Pools,BrideOfChrist - FollowTheWhiteRabbit,0.3,False,0.20682,737.4,,0.03,1777879822
All Pools,VEE - USDC,0.3,False,0.20371,32.58,,0.57,1777879822
All Pools,Psychic - MeaningOfNumbers,0.3,False,0.20032,323.78,,0.06,1777879822
All Pools,AVAX - MeaningOfNumbers,0.3,False,0.20022,293.63,,0.06,1777879822
All Pools,USDt - REDWOLF,0.3,False,0.19333,15.03,,1.17,1777879822
All Pools,SURE - DAI.e,0.3,False,0.19308,28.38,,0.62,1777879822
All Pools,AVAX - XPOW,0.3,False,0.19132,40.47,,0.43,1777879822
All Pools,COQ - OX,0.3,False,0.19093,12268.0,,0.0,1777879822
All Pools,AVAX - FORT,0.3,False,0.18893,39.51,,0.44,1777879822
All Pools,MIM - FORT,0.3,False,0.18877,18224.0,,,1777879822
All Pools,COQ - NOCHILL,0.3,False,0.18812,15.35,,1.12,1777879822
All Pools,AVVO - DAI.e,0.3,False,0.18233,39.92,,0.42,1777879822
All Pools,MaryMagdalene - Gravity,0.3,False,0.18139,133.29,,0.12,1777879822
All Pools,AVAX - APOW,0.3,False,0.17894,39.97,,0.41,1777879822
All Pools,SLUSH - AVAX,0.3,False,0.1756,59.37,,0.27,1777879822
All Pools,DFIAT - AVAX,0.3,False,0.17556,7624.56,,0.0,1777879822
All Pools,- AMI,0.3,False,0.17547,13.2,,1.21,1777879822
All Pools,SLUSH - USDT.e,0.3,False,0.17539,60.45,,0.26,1777879822
All Pools,DFIAT - USDT.e,0.3,False,0.17535,28.45,,0.56,1777879822
All Pools,DéjàVu - Gravity,0.3,False,0.17525,210.37,,0.08,1777879822
All Pools,Xmas - AVAX,0.3,False,0.17465,276.64,,0.06,1777879822
All Pools,Psychic - Xmas,0.3,False,0.17461,304.23,,0.05,1777879822
All Pools,FollowTheWhiteRabbit - Priory,0.3,False,0.17407,934.93,,0.02,1777879822
All Pools,Priory - AVAX,0.3,False,0.17405,77.44,,0.21,1777879822
All Pools,AI - AVAX,0.3,False,0.17369,4401.4,,0.0,1777879822
All Pools,AVAX - CHAM,0.3,False,0.17353,33.33,,0.48,1777879822
All Pools,DivineFeminine - AVAX,0.3,False,0.17288,6.289,,2.51,1777879822
All Pools,AVAX - DUO,0.3,False,0.17174,71.64,,0.22,1777879822
All Pools,USDT.e - DUO,0.3,False,0.17153,57.76,,0.27,1777879822
All Pools,AVAT - USDC,0.3,False,0.17148,40.77,,0.38,1777879822
All Pools,Gold - Now,0.3,False,0.16939,906.65,,0.02,1777879822
All Pools,Gold - AVAX,0.3,False,0.16936,89.31,,0.17,1777879822
All Pools,TOPIA - PTOP800,0.3,False,0.16519,148.96,,0.1,1777879822
All Pools,Chemistry - AVAX,0.3,False,0.16337,89.88,,0.17,1777879822
All Pools,LUNA - LUNA,0.3,False,0.16299,2.531,,5.88,1777879822
All Pools,HEFE - AMI,0.3,False,0.1613,1.79,,8.22,1777879822
All Pools,PTOP1000 - TOPIA,0.3,False,0.16114,103.89,,0.14,1777879822
All Pools,AVAX - ELK,0.3,False,0.15756,70.75,,0.2,1777879822
All Pools,AVAX - MILO,0.3,False,0.15672,1167.29,,0.01,1777879822
All Pools,USDt - MILO,0.3,False,0.15663,17.29,,0.83,1777879822
All Pools,BrideOfChrist - BLACK,0.3,False,0.15633,33.5,,0.43,1777879822
All Pools,Trinity - Gravity,0.3,False,0.15626,2495.01,,0.01,1777879822
All Pools,YEEHAW - BTC.b,0.3,False,0.15538,129.96,,0.11,1777879822
All Pools,USDT.e - ZABU,0.3,False,0.15015,48.59,,0.28,1777879822
All Pools,AVAX - Prometheus,0.3,False,0.1498,286.93,,0.05,1777879822
All Pools,Psychic - Prometheus,0.3,False,0.14978,314.92,,0.04,1777879822
All Pools,LINK.e - REDWOLF,0.3,False,0.14872,81.73,,0.17,1777879822
All Pools,MaryMagdalene - BrideOfChrist,0.3,False,0.14676,120.91,,0.11,1777879822
All Pools,wsOHM - AVAX,0.3,False,0.14483,22.35,,0.59,1777879822
All Pools,$Crazy - AVAX,0.3,False,0.14483,1016.48,,0.01,1777879822
All Pools,Chemistry - Now,0.3,False,0.14346,911.31,,0.01,1777879822
All Pools,AVAX - LuciferMorningstar,0.3,False,0.14281,14.71,,0.89,1777879822
All Pools,AVAX - SPT,0.3,False,0.14147,16.62,,0.78,1777879822
All Pools,SURE - USDC.e,0.3,False,0.14014,23.9,,0.54,1777879822
All Pools,USDC - BVAX,0.3,False,0.13947,31.05,,0.41,1777879822
All Pools,Matter - AVAX,0.3,False,0.13359,81.07,,0.15,1777879822
All Pools,Orange - Matter,0.3,False,0.13329,9059.83,,0.0,1777879822
All Pools,YEEHAW - AVAX,0.3,False,0.13201,32.35,,0.37,1777879822
All Pools,MIM - wsOHM,0.3,False,0.13012,1107.19,,0.01,1777879822
All Pools,SUB - USDC,0.3,False,0.1293,13.48,,0.88,1777879822
All Pools,WLRS - USDC.e,0.3,False,0.12838,4552.24,,0.0,1777879822
All Pools,GLOBA - AVAX,0.3,False,0.12557,51.91,,0.22,1777879822
All Pools,PAPA - AVAX,0.3,False,0.12506,30.94,,0.37,1777879822
All Pools,MIM - PAPA,0.3,False,0.12494,416.96,,0.03,1777879822
All Pools,Hopi - AVAX,0.3,False,0.12352,218.48,,0.05,1777879822
All Pools,Hopi - Now,0.3,False,0.12345,721.81,,0.02,1777879822
All Pools,METAG - AVAX,0.3,False,0.12277,24.64,,0.45,1777879822
All Pools,ElvisJackpot - BLACK,0.3,False,0.12213,17.95,,0.62,1777879822
All Pools,USDt - DXN,0.3,False,0.12121,215.77,,0.05,1777879822
All Pools,YETI - AVAX,0.3,False,0.12008,3322.47,,0.0,1777879822
All Pools,GLOBA - DAI.e,0.3,False,0.12005,52.85,,0.21,1777879822
All Pools,AVAX - ZABU,0.3,False,0.11877,30.56,,0.35,1777879822
All Pools,NOCHILL - KET,0.3,False,0.11863,16.61,,0.65,1777879822
All Pools,RoselineBloodline - AVAX,0.3,False,0.11798,44.41,,0.24,1777879822
All Pools,MIM - USDC,0.3,False,0.11711,76.94,,0.14,1777879822
All Pools,AVAT - AVAX,0.3,False,0.11653,21.75,,0.49,1777879822
All Pools,Beyond - AVAX,0.3,False,0.114,90.26,,0.12,1777879822
All Pools,Beyond - Orange,0.3,False,0.11378,4470.57,,0.0,1777879822
All Pools,WBTC.e - REDWOLF,0.3,False,0.11203,59.73,,0.17,1777879822
All Pools,REDWOLF - SOL,0.3,False,0.11161,75.44,,0.14,1777879822
All Pools,miMatic - AVAX,0.3,False,0.11065,37.28,,0.27,1777879822
All Pools,MELT - AVAX,0.3,False,0.11002,25.18,,0.4,1777879822
All Pools,Solar - AVAX,0.3,False,0.10994,90.08,,0.11,1777879822
All Pools,Solar - Now,0.3,False,0.10987,914.49,,0.01,1777879822
All Pools,AVAX - SDOG,0.3,False,0.10979,10.29,,0.97,1777879822
All Pools,VELAI - AVAX,0.3,False,0.10813,0.32661,,30.21,1777879822
All Pools,RPEPE - AVAX,0.3,False,0.10797,6369.43,,0.0,1777879822
All Pools,Psychic - DéjàVu,0.3,False,0.1071,199.12,,0.05,1777879822
All Pools,Psychic - CommieSukey,0.3,False,0.10605,323.77,,0.03,1777879822
All Pools,CommieSukey - AVAX,0.3,False,0.10604,294.58,,0.03,1777879822
All Pools,USDt - XPOW,0.3,False,0.1044,20.37,,0.47,1777879822
All Pools,WarpSpeed - AVAX,0.3,False,0.10421,138.84,,0.07,1777879822
All Pools,Gravity - WarpSpeed,0.3,False,0.10419,84.77,,0.11,1777879822
All Pools,USDC - APOW,0.3,False,0.10336,20.33,,0.46,1777879822
All Pools,XAUt0 - ElvisJackpot,0.3,False,0.10152,331.7,,0.03,1777879822
All Pools,TOMB - USDC,0.3,False,0.09815,10.74,,0.83,1777879822
All Pools,Christmas - Merovingian,0.3,False,0.09712,118.19,,0.07,1777879822
All Pools,Christmas - AVAX,0.3,False,0.09709,251.57,,0.04,1777879822
All Pools,Now - Merovingian,0.3,False,0.09665,70.32,,0.13,1777879822
All Pools,TrumpTower - AVAX,0.3,False,0.09599,159.54,,0.05,1777879822
All Pools,TrumpTower - Gravity,0.3,False,0.09598,75.88,,0.12,1777879822
All Pools,JPYC - USDC.e,0.3,False,0.09463,4.812,,1.79,1777879822
All Pools,UST - USDC,0.3,False,0.09034,4.502,,1.83,1777879822
All Pools,Trinity - LadyMary,0.3,False,0.09006,11324.0,,,1777879822
All Pools,UNI.e - REDWOLF,0.3,False,0.08945,9.751,,0.84,1777879822
All Pools,MIM - GRAPE,0.3,False,0.08861,2418.2,,0.0,1777879822
All Pools,WLRS - GRAPE,0.3,False,0.08859,78.83,,0.1,1777879822
All Pools,USDC - XPOW,0.3,False,0.0868,20.42,,0.39,1777879822
All Pools,AVAX - GAU,0.3,False,0.08577,9.268,,0.84,1777879822
All Pools,HUSKY - MUG,0.3,False,0.08522,24.56,,0.32,1777879822
All Pools,AVAX - BLANC,0.3,False,0.08261,22.11,,0.34,1777879822
All Pools,MIM - BLANC,0.3,False,0.08253,8461.91,,,1777879822
All Pools,PTOP1300 - TOPIA,0.3,False,0.08188,98.35,,0.08,1777879822
All Pools,FLAKE - AVAX,0.3,False,0.08092,21.58,,0.34,1777879822
All Pools,FLAKE - USDT.e,0.3,False,0.08082,51.17,,0.14,1777879822
All Pools,METAG - USDt,0.3,False,0.08019,16.17,,0.45,1777879822
All Pools,LIBRE - USDC.e,0.3,False,0.07868,15.07,,0.48,1777879822
All Pools,Psychic - BlackAndGold,0.3,False,0.07765,323.19,,0.02,1777879822
All Pools,AVAX - BlackAndGold,0.3,False,0.07762,295.09,,0.02,1777879822
All Pools,BTC.b - REDWOLF,0.3,False,0.07744,120.84,,0.06,1777879822
All Pools,TECH - OX,0.3,False,0.07656,4907.46,,0.0,1777879822
All Pools,USDT.e - XAVA,0.3,False,0.07555,11.31,,0.61,1777879822
All Pools,USDt - APOW,0.3,False,0.07549,20.33,,0.34,1777879822
All Pools,MAJIN - MU,0.3,False,0.07453,4.505,,1.51,1777879822
All Pools,ALOT - USDC.e,0.3,False,0.07447,9.3,,0.73,1777879822
All Pools,COQ - BOOTY,0.3,False,0.07437,10.47,,0.65,1777879822
All Pools,AVAX - STRAW,0.3,False,0.07424,15.94,,0.43,1777879822
All Pools,HEFE - HIGHER,0.3,False,0.07378,0.89528,,7.52,1777879822
All Pools,DAI.e - STRAW,0.3,False,0.07095,34.51,,0.19,1777879822
All Pools,MAJIN - REDWOLF,0.3,False,0.0702,7.19,,0.89,1777879822
All Pools,Psychic - Stolen,0.3,False,0.06993,86.76,,0.07,1777879822
All Pools,Gil - AVAX,0.3,False,0.06934,17.34,,0.36,1777879822
All Pools,AVAX - BLACK,0.3,False,0.06923,6.118,,1.03,1777879822
All Pools,AVAX - Nala,0.3,False,0.0691,25.85,,0.24,1777879822
All Pools,HIGHER - AVAX,0.3,False,0.06862,1.869,,3.35,1777879822
All Pools,Mungo - AVAX,0.3,False,0.06843,41.43,,0.15,1777879822
All Pools,DéjàVu - Mungo,0.3,False,0.06835,184.23,,0.03,1777879822
All Pools,YEEHAW - USDC,0.3,False,0.06757,12.86,,0.48,1777879822
All Pools,Blue - AVAX,0.3,False,0.06687,265.05,,0.02,1777879822
All Pools,WINK - NOCHILL,0.3,False,0.06644,0.92949,,6.52,1777879822
All Pools,Gil - DAI.e,0.3,False,0.06626,28.72,,0.21,1777879822
All Pools,TruthClosure - BLACK,0.3,False,0.06525,26.14,,0.23,1777879822
All Pools,SOB - LUNA,0.3,False,0.06387,1.34,,4.35,1777879822
All Pools,SLIME - AVAX,0.3,False,0.06306,22012.0,,,1777879822
All Pools,SLIME - USDt,0.3,False,0.06301,7.431,,0.77,1777879822
All Pools,FollowTheWhiteRabbit - RoselineBloodline,0.3,False,0.06214,41.62,,0.14,1777879822
All Pools,Light - AVAX,0.3,False,0.06184,90.22,,0.06,1777879822
All Pools,FITFI - USDC,0.3,False,0.06181,0.44697,,12.62,1777879822
All Pools,USDC - AMI,0.3,False,0.06178,0.67262,,8.38,1777879822
All Pools,Light - Now,0.3,False,0.0617,916.04,,0.01,1777879822
All Pools,GAS - AVAX,0.3,False,0.0593,233.45,,0.02,1777879822
All Pools,JOE - ZABU,0.3,False,0.05913,18.69,,0.29,1777879822
All Pools,REDWOLF - SHRAP,0.3,False,0.05913,1.158,,4.66,1777879822
All Pools,BTC.b - USDC,0.3,False,0.05811,4.704,,1.13,1777879822
All Pools,Gravity - TheGospelOfMary,0.3,False,0.05701,34.38,,0.15,1777879822
All Pools,AVAX - NEMO,0.3,False,0.05659,7.864,,0.66,1777879822
All Pools,USDt - NEMO,0.3,False,0.05655,97.06,,0.05,1777879822
All Pools,AVAX - SNOB,0.3,False,0.05619,970.58,,0.01,1777879822
All Pools,MaryMagdalene - RoselineBloodline,0.3,False,0.05595,46.66,,0.11,1777879822
All Pools,Chrism - ChristMark,0.3,False,0.05587,181.85,,0.03,1777879822
All Pools,MELT - USDT.e,0.3,False,0.05524,31.12,,0.16,1777879822
All Pools,BANKSY - AVAX,0.3,False,0.05509,23.68,,0.21,1777879822
All Pools,BANKSY - USDC.e,0.3,False,0.05503,31.7,,0.16,1777879822
All Pools,Gravity - NaughtiusMaximus,0.3,False,0.05498,5.077,,0.99,1777879822
All Pools,MELT - USDC.e,0.3,False,0.05469,31.47,,0.16,1777879822
All Pools,HEFE - Always,0.3,False,0.05398,0.87299,,5.64,1777879822
All Pools,wsOHM - USDC.e,0.3,False,0.05364,42.75,,0.11,1777879822
All Pools,Psychic - Blue,0.3,False,0.05295,83.14,,0.06,1777879822
All Pools,AMI - TOPIA,0.3,False,0.05289,226.54,,0.02,1777879822
All Pools,Go - AVAX,0.3,False,0.05248,140.93,,0.03,1777879822
All Pools,AMI - JUICY,0.3,False,0.05198,0.92787,,5.11,1777879822
All Pools,NOCHILL - AMI,0.3,False,0.05158,6.114,,0.77,1777879822
All Pools,Sanskrit - AVAX,0.3,False,0.05151,90.33,,0.05,1777879822
All Pools,Sanskrit - Now,0.3,False,0.0514,917.25,,0.01,1777879822
All Pools,MIM - DAI.e,0.3,False,0.05118,52.41,,0.09,1777879822
All Pools,AVAX - Mentor,0.3,False,0.0494,89.93,,0.05,1777879822
All Pools,Now - Mentor,0.3,False,0.04934,913.63,,0.0,1777879822
All Pools,bECH - AVAX,0.3,False,0.0486,21.95,,0.2,1777879822
All Pools,Stolen - AVAX,0.3,False,0.04833,17.84,,0.25,1777879822
All Pools,CNR - USDt,0.3,False,0.04765,4.909,,0.89,1777879822
All Pools,CNR - USDC,0.3,False,0.04721,4.891,,0.88,1777879822
All Pools,Silver - AVAX,0.3,False,0.04712,88.77,,0.05,1777879822
All Pools,Silver - Now,0.3,False,0.04703,917.66,,0.0,1777879822
All Pools,MIM - SPELL,0.3,False,0.04614,7.678,,0.55,1777879822
All Pools,LoveIsTheKey - AVAX,0.3,False,0.04608,15.07,,0.28,1777879822
All Pools,MIM - AUSD,0.3,False,0.04508,35.44,,0.12,1777879822
All Pools,AVAX - All,0.3,False,0.04472,295.39,,0.01,1777879822
All Pools,Psychic - All,0.3,False,0.04464,323.32,,0.01,1777879822
All Pools,AVAX - LYLY,0.3,False,0.04426,73.09,,0.06,1777879822
All Pools,QI - LYLY,0.3,False,0.04416,2.723,,1.48,1777879822
All Pools,Anon - AVAX,0.3,False,0.04393,14.23,,0.28,1777879822
All Pools,Trinity - Nala,0.3,False,0.04388,41.2,,0.1,1777879822
All Pools,Psychic - Chrism,0.3,False,0.04345,64.56,,0.06,1777879822
All Pools,WINK - MU,0.3,False,0.04282,0.48534,,8.05,1777879822
All Pools,AVAX - SantaGospel,0.3,False,0.0428,134.66,,0.03,1777879822
All Pools,COQ - AMI,0.3,False,0.04261,14.25,,0.27,1777879822
All Pools,METAG - USDT.e,0.3,False,0.04246,49.76,,0.08,1777879822
All Pools,TruthClosure - AVAX,0.3,False,0.04213,11.7,,0.33,1777879822
All Pools,Apollyon - AVAX,0.3,False,0.04211,36.65,,0.1,1777879822
All Pools,Apollyon - LuciferMorningstar,0.3,False,0.04206,235196665.0,,,1777879822
All Pools,BTC.b - MU,0.3,False,0.04147,11.43,,0.33,1777879822
All Pools,wMEMO - MIM,0.3,False,0.04138,20.84,,0.18,1777879822
All Pools,Trinity - Stolen,0.3,False,0.04098,30.11,,0.12,1777879822
All Pools,wMEMO - AVAX,0.3,False,0.04042,13.93,,0.26,1777879822
All Pools,WETH.e - yyAVAX,0.3,False,0.04034,19.57,,0.19,1777879822
All Pools,gOHM - wsOHM,0.3,False,0.04012,38.39,,0.1,1777879822
All Pools,COQ - JUICY,0.3,False,0.03994,0.70949,,5.14,1777879822
All Pools,GG - AVAX,0.3,False,0.03951,12.52,,0.29,1777879822
All Pools,MIM - GG,0.3,False,0.03945,23.66,,0.15,1777879822
All Pools,DUO - USDT.e,0.3,False,0.03915,7.396,,0.48,1777879822
All Pools,WDAO - AVAX,0.3,False,0.03897,19.93,,0.18,1777879822
All Pools,WDAO - MIM,0.3,False,0.03893,23.71,,0.15,1777879822
All Pools,LoveYou - Gravity,0.3,False,0.03873,57.31,,0.06,1777879822
All Pools,LoveYou - AVAX,0.3,False,0.03873,62.01,,0.06,1777879822
All Pools,Necromancer - AVAX,0.3,False,0.03845,90.2,,0.04,1777879822
All Pools,Now - Necromancer,0.3,False,0.03837,915.97,,0.0,1777879822
All Pools,USDC - WSPP,0.3,False,0.03836,44.13,,0.08,1777879822
All Pools,WBTC.e - USDC.e,0.3,False,0.03809,9.043,,0.38,1777879822
All Pools,USDC - MXNB,0.3,False,0.03766,27.43,,0.13,1777879822
All Pools,RUGPULL - MUG,0.3,False,0.03764,185.53,,0.02,1777879822
All Pools,FollowTheWhiteRabbit - StatueOfLiberty,0.3,False,0.03761,512.7,,0.01,1777879822
All Pools,StatueOfLiberty - AVAX,0.3,False,0.0376,14.81,,0.23,1777879822
All Pools,JOE - ZUBAX,0.3,False,0.03758,9.19,,0.37,1777879822
All Pools,UST - UST,0.3,False,0.0375,1.906,,1.79,1777879822
All Pools,LINK.e - MU,0.3,False,0.03713,7.47,,0.45,1777879822
All Pools,BENIS - NOCHILL,0.3,False,0.03689,4.935,,0.68,1777879822
All Pools,Gravity - ChristMark,0.3,False,0.0363,15.63,,0.21,1777879822
All Pools,Void - AVAX,0.3,False,0.0361,88.54,,0.04,1777879822
All Pools,Void - Now,0.3,False,0.03603,919.12,,0.0,1777879822
All Pools,Four - AVAX,0.3,False,0.03542,74.82,,0.04,1777879822
All Pools,AVAX - Strength,0.3,False,0.03522,141.91,,0.02,1777879822
All Pools,Psychic - ArniStitch,0.3,False,0.03501,317.72,,0.01,1777879822
All Pools,AVAX - TMT,0.3,False,0.035,7.201,,0.44,1777879822
All Pools,NineHundred - AVAX,0.3,False,0.03496,140.9,,0.02,1777879822
All Pools,ArniStitch - AVAX,0.3,False,0.03495,288.19,,0.01,1777879822
All Pools,USDT.e - TMT,0.3,False,0.03495,26.32,,0.12,1777879822
All Pools,AVAX - GG,0.3,False,0.03466,9.57,,0.33,1777879822
All Pools,MIM - GG,0.3,False,0.0346,295.32,,0.01,1777879822
All Pools,DrainTheSwamp - AVAX,0.3,False,0.03457,37.73,,0.08,1777879822
All Pools,meGNX - AVAX,0.3,False,0.03416,17.67,,0.18,1777879822
All Pools,Chrism - BLACK,0.3,False,0.03389,2.413,,1.28,1777879822
All Pools,FITFI - USDC.e,0.3,False,0.03374,0.24134,,12.76,1777879822
All Pools,AVAX - MUG,0.3,False,0.03365,356.19,,0.01,1777879822
All Pools,Yellow - AVAX,0.3,False,0.03349,265.66,,0.01,1777879822
All Pools,Who - AVAX,0.3,False,0.03282,140.06,,0.02,1777879822
All Pools,BNZ - WINK,0.3,False,0.03262,0.44527,,6.68,1777879822
All Pools,MPL - AVAX,0.3,False,0.03257,6.22,,0.48,1777879822
All Pools,MPL - USDt,0.3,False,0.03255,30.8,,0.1,1777879822
All Pools,SMRT - XAVA,0.3,False,0.03242,2.9,,1.02,1777879822
All Pools,LoveIsTheKey - BLACK,0.3,False,0.03218,7.979,,0.37,1777879822
All Pools,GOOD - GAINS,0.3,False,0.03192,3.788,,0.77,1777879822
All Pools,GOOD - AVAX,0.3,False,0.03177,153.75,,0.02,1777879822
All Pools,AVAX - ETH,0.3,False,0.03163,16.74,,0.17,1777879822
All Pools,NineHundred - BLACK,0.3,False,0.03143,4.859,,0.59,1777879822
All Pools,OH - AVAX,0.3,False,0.03079,94.72,,0.03,1777879822
All Pools,KLO - USDT.e,0.3,False,0.03042,5.693,,0.49,1777879822
All Pools,AVAX - WOLF,0.3,False,0.03039,75.39,,0.04,1777879822
All Pools,USDC.e - WOLF,0.3,False,0.03036,8.914,,0.31,1777879822
All Pools,SURE - AVAX,0.3,False,0.02976,7.263,,0.37,1777879822
All Pools,USDR - USDC,0.3,False,0.02975,41.03,,0.07,1777879822
All Pools,ELE - AVAX,0.3,False,0.02903,125.69,,0.02,1777879822
All Pools,LIRA - AVAX,0.3,False,0.02893,13.22,,0.2,1777879822
All Pools,MELT - AVAX,0.3,False,0.0288,1156.29,,0.0,1777879822
All Pools,MELT - USDC.e,0.3,False,0.02877,7.142,,0.37,1777879822
All Pools,AVAX - Propriety,0.3,False,0.02874,90.09,,0.03,1777879822
All Pools,Now - Propriety,0.3,False,0.02869,916.68,,0.0,1777879822
All Pools,QI - REDWOLF,0.3,False,0.02846,1.577,,1.65,1777879822
All Pools,Yellow - BLACK,0.3,False,0.02834,4.861,,0.53,1777879822
All Pools,Go - BLACK,0.3,False,0.02825,4.846,,0.53,1777879822
All Pools,Hydrogen - AVAX,0.3,False,0.02814,264.99,,0.01,1777879822
All Pools,NaughtiusMaximus - Seventeen,0.3,False,0.02793,856.47,,0.0,1777879822
All Pools,BLACK - SantaGospel,0.3,False,0.02785,4.815,,0.53,1777879822
All Pools,MaryMagdalene - LadyMary,0.3,False,0.02765,17.49,,0.14,1777879822
All Pools,AVAX - √Root,0.3,False,0.02762,90.28,,0.03,1777879822
All Pools,Now - √Root,0.3,False,0.02757,916.6,,0.0,1777879822
All Pools,Strength - BLACK,0.3,False,0.02729,4.852,,0.51,1777879822
All Pools,AVAX - NADO,0.3,False,0.02694,7.866,,0.31,1777879822
All Pools,Stolen - BLACK,0.3,False,0.02693,5.462,,0.45,1777879822
All Pools,AVAX - WSPP,0.3,False,0.02692,3.009,,0.82,1777879822
All Pools,MIM - NADO,0.3,False,0.0269,1175.92,,0.0,1777879822
All Pools,USDC - LODE,0.3,False,0.02689,881.47,,0.0,1777879822
All Pools,KrisKringle - Gravity,0.3,False,0.02626,78.09,,0.03,1777879822
All Pools,KrisKringle - AVAX,0.3,False,0.02625,26.22,,0.09,1777879822
All Pools,Blue - BLACK,0.3,False,0.0262,4.908,,0.49,1777879822
All Pools,Who - BLACK,0.3,False,0.02609,4.826,,0.49,1777879822
All Pools,Trinity - Sinterklaas,0.3,False,0.02607,26.27,,0.09,1777879822
All Pools,AVAX - Sinterklaas,0.3,False,0.02607,140.07,,0.02,1777879822
All Pools,LIFE - AVAX,0.3,False,0.02596,7.344,,0.32,1777879822
All Pools,MIM - LIFE,0.3,False,0.02591,67.73,,0.03,1777879822
All Pools,AVAX - IMPACT,0.3,False,0.02572,6.332,,0.37,1777879822
All Pools,ICUBE - AVAX,0.3,False,0.02571,6.449,,0.36,1777879822
All Pools,ICUBE - USDT.e,0.3,False,0.02566,109.24,,0.02,1777879822
All Pools,Hydrogen - BLACK,0.3,False,0.02557,4.905,,0.48,1777879822
All Pools,Orange - BLACK,0.3,False,0.02552,4.14,,0.56,1777879822
All Pools,Psychic - Nala,0.3,False,0.02528,271.27,,0.01,1777879822
All Pools,Gravity - HustleTappers,0.3,False,0.02526,24.13,,0.1,1777879822
All Pools,AVAX - HustleTappers,0.3,False,0.02525,55.73,,0.04,1777879822
All Pools,ORNG - JUICE,0.3,False,0.02513,2.741,,0.84,1777879822
All Pools,wALGO - AVAX,0.3,False,0.02499,164.54,,0.01,1777879822
All Pools,wALGO - USDC,0.3,False,0.02495,2.849,,0.8,1777879822
All Pools,AVAX - EROL,0.0,False,0.02487,74.81,0.0,0.0,1777879822
All Pools,Psychic - Go,0.3,False,0.02428,74.54,,0.03,1777879822
All Pools,SOB - AVAX,0.3,False,0.02392,558.92,,0.0,1777879822
All Pools,AVAX - Ouroboros,0.3,False,0.02387,21.79,,0.1,1777879822
All Pools,Psychic - Yellow,0.3,False,0.02382,83.24,,0.03,1777879822
All Pools,WhollySphere - Gravity,0.3,False,0.02358,23.01,,0.09,1777879822
All Pools,WhollySphere - AVAX,0.3,False,0.02357,50.93,,0.04,1777879822
All Pools,Gravity - McdonaldTrouped,0.3,False,0.02344,22.99,,0.09,1777879822
All Pools,McdonaldTrouped - AVAX,0.3,False,0.02343,50.86,,0.04,1777879822
All Pools,AVAX - GOT,0.3,False,0.02327,5.332,,0.4,1777879822
All Pools,USDT.e - GOT,0.3,False,0.02324,13.0,,0.16,1777879822
All Pools,SBR - AVAX,0.3,False,0.02324,7.414,,0.29,1777879822
All Pools,MIM - SBR,0.3,False,0.0232,40.15,,0.05,1777879822
All Pools,Wingdings - Gravity,0.3,False,0.02318,21.98,,0.1,1777879822
All Pools,Wingdings - AVAX,0.3,False,0.02318,51.0,,0.04,1777879822
All Pools,FollowTheWhiteRabbit - TruthClosure,0.3,False,0.02314,46.19,,0.05,1777879822
All Pools,AVAX - Teste,0.3,False,0.02274,89.41,,0.02,1777879822
All Pools,AAVE.e - meGNX,0.3,False,0.02271,4.082,,0.51,1777879822
All Pools,Now - Teste,0.3,False,0.0227,919.43,,0.0,1777879822
All Pools,DrainTheSwamp - Gravity,0.3,False,0.02254,22.67,,0.09,1777879822
All Pools,JOE - QI,0.3,False,0.0224,0.94314,,2.17,1777879822
All Pools,USDC.e - RUG,0.3,False,0.02228,25.3,,0.08,1777879822
All Pools,BTC.b - GMX,0.3,False,0.02206,1.567,,1.28,1777879822
All Pools,GRELF[ava] - AVAX,0.3,False,0.02171,1160.2,,0.0,1777879822
All Pools,GURS - ARENA,0.3,False,0.02171,7.508,,0.26,1777879822
All Pools,Psychic - Who,0.3,False,0.0217,74.8,,0.03,1777879822
All Pools,HIGHER - AMI,0.3,False,0.02147,3.323,,0.59,1777879822
All Pools,QI - USDC.e,0.3,False,0.02109,0.8084,,2.38,1777879822
All Pools,NOCHILL - REDWOLF,0.3,False,0.02092,3.532,,0.54,1777879822
All Pools,AVAX - Always,0.3,False,0.0208,0.59585,,3.19,1777879822
All Pools,Psychic - NeatestQuackery,0.3,False,0.02046,318.56,,0.01,1777879822
All Pools,NeatestQuackery - AVAX,0.3,False,0.02043,288.58,,0.01,1777879822
All Pools,CodexKennyMin - AVAX,0.3,False,0.02023,25.09,,0.07,1777879822
All Pools,CodexKennyMin - FollowTheWhiteRabbit,0.3,False,0.02023,22.02,,0.08,1777879822
All Pools,GMX - USDC,0.3,False,0.02005,0.90858,,2.01,1777879822
All Pools,AVAX - SwiftTaylor,0.3,False,0.01992,14.73,,0.12,1777879822
All Pools,CNR - AVAX,0.3,False,0.01989,62.64,,0.03,1777879822
All Pools,FatherChristmas - AVAX,0.3,False,0.01983,53.81,,0.03,1777879822
All Pools,FatherChristmas - Gravity,0.3,False,0.01979,21.93,,0.08,1777879822
All Pools,Satoshi - Gravity,0.3,False,0.01975,55.19,,0.03,1777879822
All Pools,Satoshi - AVAX,0.3,False,0.01974,19.19,,0.09,1777879822
All Pools,MUMO - USDC,0.3,False,0.01967,8.281,,0.22,1777879822
All Pools,Gravity - Vaccinations,0.3,False,0.01963,61.97,,0.03,1777879822
All Pools,AVAX - Vaccinations,0.3,False,0.01963,18.44,,0.1,1777879822
All Pools,Gravity - Nakamoto,0.3,False,0.01954,62.13,,0.03,1777879822
All Pools,Nakamoto - AVAX,0.3,False,0.01954,18.45,,0.1,1777879822
All Pools,AVAX - SPADE,0.3,False,0.01919,6.156,,0.28,1777879822
All Pools,USDC.e - SPADE,0.3,False,0.01917,16.38,,0.11,1777879822
All Pools,MerryChristmas - Gravity,0.3,False,0.01913,62.18,,0.03,1777879822
All Pools,MerryChristmas - AVAX,0.3,False,0.01913,18.48,,0.09,1777879822
All Pools,BTC.b - MUMO,0.3,False,0.0191,4.85,,0.36,1777879822
All Pools,XIO - AVAX,0.3,False,0.01898,2.834,,0.61,1777879822
All Pools,XIO - USDC,0.3,False,0.01895,24.55,,0.07,1777879822
All Pools,AVAX - BOREA,0.3,False,0.01872,6.765,,0.25,1777879822
All Pools,USDT.e - BOREA,0.3,False,0.01869,26.77,,0.06,1777879822
All Pools,PNG - REDWOLF,0.3,False,0.01824,4.292,,0.39,1777879822
All Pools,KIWI - USDt,0.3,False,0.01819,20.56,,0.08,1777879822
All Pools,RUG - USDT.e,0.3,False,0.01806,14.99,,0.11,1777879822
All Pools,ACS - USDC.e,0.3,False,0.01792,5.379,,0.3,1777879822
All Pools,Four - Found,0.3,False,0.01773,1847.7,,,1777879822
All Pools,Milk - AVAX,0.3,False,0.01753,6.739,,0.24,1777879822
All Pools,Milk - USDT.e,0.3,False,0.01749,14.62,,0.11,1777879822
All Pools,ILoveYouWordSpell - AVAX,0.3,False,0.01745,18.31,,0.09,1777879822
All Pools,ILoveYouWordSpell - Gravity,0.3,False,0.01744,102.48,,0.02,1777879822
All Pools,SodomAndGomorrah - AVAX,0.3,False,0.01741,19.32,,0.08,1777879822
All Pools,Trinity - SodomAndGomorrah,0.3,False,0.0174,22.8,,0.07,1777879822
All Pools,Psychic - NineHundred,0.3,False,0.01735,74.26,,0.02,1777879822
All Pools,WalkTheWalkNowJesus - Gravity,0.3,False,0.01719,25.49,,0.06,1777879822
All Pools,WalkTheWalkNowJesus - AVAX,0.3,False,0.01719,24.93,,0.06,1777879822
All Pools,USDt - IMPACT,0.3,False,0.01707,3.37,,0.46,1777879822
All Pools,Psychic - Hydrogen,0.3,False,0.0165,83.49,,0.02,1777879822
All Pools,AVAX - LookingGlass,0.3,False,0.01639,16.31,,0.09,1777879822
All Pools,Gravity - LookingGlass,0.3,False,0.01635,184.87,,0.01,1777879822
All Pools,REDWOLF - ODDZ,0.3,False,0.0162,1.545,,0.96,1777879822
All Pools,Trinity - FourFourFour,0.3,False,0.01607,5.022,,0.29,1777879822
All Pools,3ULL - AVAX,0.3,False,0.01604,48.05,,0.03,1777879822
All Pools,WOLF - AVAX,0.3,False,0.01578,43663.0,,,1777879822
All Pools,USDT.e - AVVO,0.3,False,0.01577,4.082,,0.35,1777879822
All Pools,WETH.e - MU,0.3,False,0.01568,2.081,,0.69,1777879822
All Pools,Trinity - Yeshua,0.3,False,0.01563,34.78,,0.04,1777879822
All Pools,AVAX - Yeshua,0.3,False,0.01562,29.49,,0.05,1777879822
All Pools,AVAX - BAVA,0.3,False,0.01543,11.57,,0.12,1777879822
All Pools,WOLF - MU,0.3,False,0.01522,5.194,,0.27,1777879822
All Pools,MU - COQAI,0.3,False,0.01521,6.599,,0.21,1777879822
All Pools,Psychic - SantaGospel,0.3,False,0.01498,74.26,,0.02,1777879822
All Pools,WETH.e - USDR,0.3,False,0.01485,2.822,,0.48,1777879822
All Pools,GAINS - COQ,0.3,False,0.01472,2.037,,0.66,1777879822
All Pools,GAINS - BOBS,0.3,False,0.01456,2.249,,0.59,1777879822
All Pools,AVAX - BOBS,0.3,False,0.01451,5496.72,,,1777879822
All Pools,AAVE.e - USDT.e,0.3,False,0.01449,2.616,,0.51,1777879822
All Pools,NOCHILL - WAIFU,0.3,False,0.01443,160.12,,0.01,1777879822
All Pools,MEOW - AVAX,0.3,False,0.01433,10684.0,,,1777879822
All Pools,SUB - AVAX,0.3,False,0.01422,21.13,,0.06,1777879822
All Pools,aDXN - AVAX,0.3,False,0.01416,3.685,,0.35,1777879822
All Pools,Yule - Seventeen,0.3,False,0.01393,272.75,,0.0,1777879822
All Pools,LoveIsTheKey - FollowTheWhiteRabbit,0.3,False,0.01391,65.0,,0.02,1777879822
All Pools,AVAX - Wormwood,0.3,False,0.0138,17.15,,0.07,1777879822
All Pools,Gravity - Wormwood,0.3,False,0.0138,15.43,,0.08,1777879822
All Pools,ARENA - MU,0.3,False,0.01373,3.363,,0.37,1777879822
All Pools,AVAX - SantaClaus,0.3,False,0.01372,24.82,,0.05,1777879822
All Pools,Gravity - SantaClaus,0.3,False,0.01371,11.93,,0.1,1777879822
All Pools,ZUM - NOCHILL,0.3,False,0.01365,1.264,,0.99,1777879822
All Pools,XAVA - HON,0.3,False,0.01354,1.883,,0.66,1777879822
All Pools,AVAX - LoveWins,0.3,False,0.01352,7.828,,0.16,1777879822
All Pools,FollowTheWhiteRabbit - LoveWins,0.3,False,0.01352,152.34,,0.01,1777879822
All Pools,AVAX - TT,0.3,False,0.01346,1.954,,0.63,1777879822
All Pools,USDC.e - UST,0.3,False,0.01338,1.744,,0.7,1777879822
All Pools,MIM - RUG,0.3,False,0.01335,23.26,,0.05,1777879822
All Pools,GURS - NOCHILL,0.3,False,0.01332,1.973,,0.62,1777879822
All Pools,AVAX - USDR,0.3,False,0.01328,2.995,,0.4,1777879822
All Pools,Psychic - Serpentarius,0.3,False,0.01324,323.02,,0.0,1777879822
All Pools,Gravity - Ouroboros,0.3,False,0.01324,30.53,,0.04,1777879822
All Pools,Serpentarius - AVAX,0.3,False,0.01322,294.09,,0.0,1777879822
All Pools,AVAX - EROL,0.3,False,0.01319,39.5,,0.03,1777879822
All Pools,ChristMark - ChristIAmYou,0.3,False,0.01294,26.53,,0.04,1777879822
All Pools,Trinity - SwiftTaylor,0.3,False,0.01292,17.81,,0.07,1777879822
All Pools,SHERPA - AVAX,0.3,False,0.01287,132.05,,0.01,1777879822
All Pools,AVAX - GrinchKidAfflict,0.3,False,0.01267,43.52,,0.03,1777879822
All Pools,XOMB - AVAX,0.3,False,0.01267,21.87,,0.05,1777879822
All Pools,ValentinMidwifes - Gravity,0.3,False,0.01267,39.13,,0.03,1777879822
All Pools,Gravity - GrinchKidAfflict,0.3,False,0.01266,9.156,,0.13,1777879822
All Pools,XOMB - USDT.e,0.3,False,0.01265,2.454,,0.47,1777879822
All Pools,GAINS - Degen,0.3,False,0.01254,2.033,,0.56,1777879822
All Pools,WOLF - AVAX,0.3,False,0.01251,71.79,,0.02,1777879822
All Pools,Degen - AVAX,0.3,False,0.0125,2009.16,,,1777879822
All Pools,WOLF - USDT.e,0.3,False,0.01249,4.124,,0.28,1777879822
All Pools,TRYB - USDC.e,0.3,False,0.01221,31.54,,0.04,1777879822
All Pools,DrainTheSwamp - FollowTheWhiteRabbit,0.3,False,0.01203,11.05,,0.1,1777879822
All Pools,BSGG - AVAX,0.3,False,0.01174,3.907,,0.27,1777879822
All Pools,BGLD - AVAX,0.3,False,0.01171,4.441,,0.24,1777879822
All Pools,3ULL - USDt,0.3,False,0.01169,2.547,,0.42,1777879822
All Pools,BGLD - USDT.e,0.3,False,0.01168,17.15,,0.06,1777879822
All Pools,MU - SOL,0.3,False,0.01161,1.331,,0.8,1777879822
All Pools,ARA - AVAX,0.3,False,0.01154,2.882,,0.37,1777879822
All Pools,WETH.e - meGNX,0.3,False,0.01149,6.706,,0.16,1777879822
All Pools,AVAX - OK,0.3,False,0.0113,1.98,,0.52,1777879822
All Pools,AVAX - QUASI,0.3,False,0.01123,590.09,,0.0,1777879822
All Pools,GAINS - QUASI,0.3,False,0.01118,1.407,,0.73,1777879822
All Pools,Wormhole - AVAX,0.3,False,0.01116,104.34,,0.01,1777879822
All Pools,Trinity - Wormhole,0.3,False,0.01115,6.222,,0.16,1777879822
All Pools,CAI - AMI,0.3,False,0.01103,0.52298,,1.93,1777879822
All Pools,HCT - AVAX,0.3,False,0.01095,3.399,,0.29,1777879822
All Pools,Orem - AVAX,0.3,False,0.01095,104.43,,0.01,1777879822
All Pools,Trinity - Orem,0.3,False,0.01094,6.227,,0.16,1777879822
All Pools,TickTock - AVAX,0.3,False,0.01076,90.24,,0.01,1777879822
All Pools,TickTock - Now,0.3,False,0.01074,916.42,,0.0,1777879822
All Pools,USDC - OK,0.3,False,0.01056,1.198,,0.8,1777879822
All Pools,AVAX - DWC,0.3,False,0.01053,6091.38,,,1777879822
All Pools,HIGHER - HOWDY,0.3,False,0.0105,1.528,,0.63,1777879822
All Pools,Psychic - Turtle,0.3,False,0.01041,62.25,,0.02,1777879822
All Pools,AVAX - MUG,0.3,False,0.00989,1.221,,0.74,1777879822
All Pools,DivineFeminine - ValentinMidwifes,0.3,False,0.00987,41.25,,0.02,1777879822
All Pools,AVAX - LODE,0.3,False,0.00985,1.032,,0.87,1777879822
All Pools,CATWIF - MAJIN,0.3,False,0.00979,0.8756,,1.02,1777879822
All Pools,ZH - JOE,0.3,False,0.00973,2.836,,0.31,1777879822
All Pools,Psychic - Numbers,0.3,False,0.00963,62.24,,0.01,1777879822
All Pools,LUNA - USDC,0.3,False,0.00957,1.415,,0.62,1777879822
All Pools,Psychic - Luck,0.3,False,0.00952,62.25,,0.01,1777879822
All Pools,AVAX - iBONE,0.3,False,0.00952,5.505,,0.16,1777879822
All Pools,USDT.e - iBONE,0.3,False,0.00949,4.873,,0.18,1777879822
All Pools,Psychic - Mirror,0.3,False,0.00949,62.21,,0.01,1777879822
All Pools,aDXN - aXEN,0.3,False,0.00934,0.62825,,1.36,1777879822
All Pools,AVAX - WOHM,0.3,False,0.00917,3.425,,0.24,1777879822
All Pools,MIM - WOHM,0.3,False,0.00915,86.97,,0.01,1777879822
All Pools,KIMBO - GAINS,0.3,False,0.00898,1.371,,0.6,1777879822
All Pools,XETA - AVAX,0.3,False,0.00865,0.24821,,3.18,1777879822
All Pools,BTC.b - IMPACT,0.3,False,0.00862,0.63756,,1.23,1777879822
All Pools,SYN - USDC.e,0.3,False,0.00854,1.227,,0.64,1777879822
All Pools,GAINS - MEAT,0.3,False,0.00853,0.99274,,0.78,1777879822
All Pools,KOKSAL - AVAX,0.3,False,0.00849,3.565,,0.22,1777879822
All Pools,KOKSAL - USDC,0.3,False,0.00847,4.791,,0.16,1777879822
All Pools,WETH.e - STATIK,0.3,False,0.00834,1.376,,0.55,1777879822
All Pools,Psychic - Bonfire,0.3,False,0.00831,62.24,,0.01,1777879822
All Pools,JOE - USDt,0.3,False,0.00828,0.84563,,0.89,1777879822
All Pools,AVAX - DUA,0.3,False,0.00812,2.093,,0.35,1777879822
All Pools,DUA - USDC,0.3,False,0.00809,11.65,,0.06,1777879822
All Pools,Psychic - WhoWhoWho,0.3,False,0.00805,62.21,,0.01,1777879822
All Pools,Psychic - Thick,0.3,False,0.00797,62.23,,0.01,1777879822
All Pools,SatoshiNakamoto - Psychic,0.3,False,0.00795,62.25,,0.01,1777879822
All Pools,Psychic - Strength,0.3,False,0.00794,75.28,,0.01,1777879822
All Pools,Psychic - Alphabet,0.3,False,0.00793,62.26,,0.01,1777879822
All Pools,Psychic - Oracle,0.3,False,0.00791,62.25,,0.01,1777879822
All Pools,AVAX - NORTH,0.3,False,0.00781,2.141,,0.33,1777879822
All Pools,USDT.e - NORTH,0.3,False,0.00778,26.95,,0.03,1777879822
All Pools,Psychic - Codes,0.3,False,0.00777,62.26,,0.01,1777879822
All Pools,Psychic - PennyTrinity,0.3,False,0.00776,62.27,,0.01,1777879822
All Pools,JOE - aXEN,0.3,False,0.00772,0.24415,,2.89,1777879822
All Pools,Psychic - Penny,0.3,False,0.00771,62.25,,0.01,1777879822
All Pools,WINK - AMI,0.3,False,0.0077,0.1113,,6.31,1777879822
All Pools,AprilFoolsDay - AVAX,0.3,False,0.00768,104.27,,0.01,1777879822
All Pools,Trinity - AprilFoolsDay,0.3,False,0.00767,6.248,,0.11,1777879822
All Pools,AVAX - AXIAL,0.3,False,0.00764,1040.4,,,1777879822
All Pools,LUNA - USDt,0.3,False,0.00763,1.342,,0.52,1777879822
All Pools,COQ - MU,0.3,False,0.00753,4.581,,0.15,1777879822
All Pools,Psychic - Verse,0.3,False,0.00752,62.22,,0.01,1777879822
All Pools,Eye - Psychic,0.3,False,0.00751,62.25,,0.01,1777879822
All Pools,Psychic - Gematria,0.3,False,0.00744,62.25,,0.01,1777879822
All Pools,KOVIN - AVAX,0.3,False,0.00735,3222.53,,,1777879822
All Pools,AUSD - HUSKY,0.3,False,0.00726,0.76673,,0.86,1777879822
All Pools,Psychic - Crypt,0.3,False,0.00724,62.2,,0.01,1777879822
All Pools,Psychic - OneOneOne,0.3,False,0.00718,62.24,,0.01,1777879822
All Pools,Psychic - Architect,0.3,False,0.00716,62.25,,0.01,1777879822
All Pools,Psychic - daVinci,0.3,False,0.00714,62.24,,0.01,1777879822
All Pools,Psychic - Gematria,0.3,False,0.00713,62.25,,0.01,1777879822
All Pools,Psychic - RefZip,0.3,False,0.00712,62.24,,0.01,1777879822
All Pools,Psychic - Finish,0.3,False,0.00711,62.21,,0.01,1777879822
All Pools,Psychic - Qubit,0.3,False,0.0071,62.21,,0.01,1777879822
All Pools,Psychic - Blessings,0.3,False,0.00708,62.21,,0.01,1777879822
All Pools,Psychic - Solved,0.3,False,0.00708,62.25,,0.01,1777879822
All Pools,Psychic - IAmThatIAm,0.3,False,0.00706,62.25,,0.01,1777879822
All Pools,Psychic - Confusion,0.3,False,0.00705,62.25,,0.01,1777879822
All Pools,AVAX - GematrixDotOrg,0.3,False,0.00705,16.74,,0.04,1777879822
All Pools,Gravity - GematrixDotOrg,0.3,False,0.00703,13.03,,0.05,1777879822
All Pools,Psychic - TwinFlames,0.3,False,0.00703,62.95,,0.01,1777879822
All Pools,NotBrideOfChrist - AVAX,0.3,False,0.00702,69.58,,0.01,1777879822
All Pools,SaintGermain - BLACK,0.3,False,0.00701,2.524,,0.25,1777879822
All Pools,NotBrideOfChrist - SwiftTaylor,0.3,False,0.00701,52.12,,0.01,1777879822
All Pools,TokenZ - AVAX,0.3,False,0.007,2.429,,0.26,1777879822
All Pools,Psychic - TrumpCard,0.3,False,0.00699,62.26,,0.01,1777879822
All Pools,TokenZ - USDC,0.3,False,0.00698,3.81,,0.17,1777879822
All Pools,Choice - Psychic,0.3,False,0.00698,62.22,,0.01,1777879822
All Pools,Psychic - YouAndI,0.3,False,0.00694,62.24,,0.01,1777879822
All Pools,Loyalty - Psychic,0.3,False,0.00686,62.21,,0.01,1777879822
All Pools,HOWDY - AVAX,0.3,False,0.00686,21371.0,,,1777879822
All Pools,STOMB - AVAX,0.3,False,0.00683,7955.52,,,1777879822
All Pools,Psychic - BiTonic,0.3,False,0.00681,62.25,,0.01,1777879822
All Pools,Psychic - TheArcher,0.3,False,0.00681,62.25,,0.01,1777879822
All Pools,JOE - CRA,0.3,False,0.0068,11.12,,0.06,1777879822
All Pools,MU - MUG,0.3,False,0.00679,2440.88,,,1777879822
All Pools,Psychic - Artemis,0.3,False,0.00678,62.19,,0.01,1777879822
All Pools,AVAX - EDG,0.3,False,0.00672,3.169,,0.19,1777879822
All Pools,MIM - EDG,0.3,False,0.0067,7.922,,0.08,1777879822
All Pools,LYD - REDWOLF,0.3,False,0.00661,4.797,,0.13,1777879822
All Pools,NOCHILL - MU,0.3,False,0.00658,2.184,,0.27,1777879822
All Pools,AVAX - COSMIC,0.3,False,0.00658,1.261,,0.48,1777879822
All Pools,Psychic - Six,0.3,False,0.00657,62.25,,0.01,1777879822
All Pools,USDC - COSMIC,0.3,False,0.00656,54.54,,0.01,1777879822
All Pools,Psychic - Nine,0.3,False,0.00654,62.22,,0.01,1777879822
All Pools,Psychic - ElmoSunkGematria,0.3,False,0.00652,62.26,,0.01,1777879822
All Pools,AVAX - TUSK,0.3,False,0.00651,2.521,,0.24,1777879822
All Pools,Spider - Psychic,0.3,False,0.0065,62.2,,0.01,1777879822
All Pools,USDC.e - TUSK,0.3,False,0.00649,9.821,,0.06,1777879822
All Pools,Psychic - Zero,0.3,False,0.00648,62.22,,0.01,1777879822
All Pools,Psychic - Lock,0.3,False,0.00631,62.23,,0.01,1777879822
All Pools,USDC.e - BAVA,0.3,False,0.0063,2.983,,0.19,1777879822
All Pools,ABC - AMI,0.3,False,0.00629,4.007,,0.14,1777879822
All Pools,Psychic - KekiusMaximus,0.3,False,0.0062,62.25,,0.01,1777879822
All Pools,Psychic - Time,0.3,False,0.00619,62.25,,0.01,1777879822
All Pools,Psychic - SevenSevenSeven,0.3,False,0.00617,62.25,,0.01,1777879822
All Pools,Psychic - BirthingCode,0.3,False,0.0061,62.25,,0.01,1777879822
All Pools,Flection - Psychic,0.3,False,0.00607,62.25,,0.01,1777879822
All Pools,TRACTOR - AVAX,0.3,False,0.00603,15123.0,,,1777879822
All Pools,Psychic - LordJesusChrist,0.3,False,0.00602,59.63,,0.01,1777879822
All Pools,TRACTOR - USDT.e,0.3,False,0.00601,1.996,,0.27,1777879822
All Pools,Psychic - Diamonds,0.3,False,0.006,62.25,,0.01,1777879822
All Pools,SYN - REDWOLF,0.3,False,0.00594,2.629,,0.21,1777879822
All Pools,LUNA - USDC,0.3,False,0.00592,0.13189,,4.1,1777879822
All Pools,Psychic - Happy,0.3,False,0.0059,62.25,,0.01,1777879822
All Pools,gOHM - JOE,0.3,False,0.0059,3.98,,0.14,1777879822
All Pools,AVAX - VYBE,0.3,False,0.00581,3.322,,0.16,1777879822
All Pools,AVAX - Gaza,0.3,False,0.0058,3.204,,0.17,1777879822
All Pools,MIM - VYBE,0.3,False,0.0058,3.778,,0.14,1777879822
All Pools,TEDDY - AVAX,0.3,False,0.00579,17.11,,0.03,1777879822
All Pools,Psychic - [In]finity,0.3,False,0.00579,62.22,,0.01,1777879822
All Pools,Trinity - Gaza,0.3,False,0.00579,3.791,,0.14,1777879822
All Pools,GMX - USDt,0.3,False,0.00576,0.37671,,1.39,1777879822
All Pools,KOVIN - MU,0.3,False,0.00574,3.087,,0.17,1777879822
All Pools,HIGHER - NOCHILL,0.3,False,0.00572,0.34639,,1.51,1777879822
All Pools,BNZ - AVAX,0.3,False,0.0057,62.46,,0.01,1777879822
All Pools,XPOW - AVAX,0.3,False,0.00567,121.22,,0.0,1777879822
All Pools,WETH.e - JOE,0.3,False,0.00567,0.03802,,13.6,1777879822
All Pools,Psychic - Alice,0.3,False,0.00566,62.22,,0.01,1777879822
All Pools,AVAX - PAR,0.3,False,0.00566,2.403,,0.22,1777879822
All Pools,Psychic - WhoWho,0.3,False,0.00566,62.25,,0.01,1777879822
All Pools,MIM - PAR,0.3,False,0.00565,1.922,,0.27,1777879822
All Pools,XPOW - USDt,0.3,False,0.00565,1.411,,0.37,1777879822
All Pools,Psychic - Sequence,0.3,False,0.00564,62.26,,0.01,1777879822
All Pools,AVAI - USDC.e,0.3,False,0.00561,33.74,,0.02,1777879822
All Pools,KIMBO - KOVIN,0.3,False,0.00559,5.352,,0.1,1777879822
All Pools,USDC.e - SMRT,0.3,False,0.00554,2.229,,0.23,1777879822
All Pools,DWC - MU,0.3,False,0.00554,3.494,,0.14,1777879822
All Pools,AI9000 - AVAX,0.3,False,0.00554,308.24,,0.0,1777879822
All Pools,aAvaLINK - AVAX,0.3,False,0.00552,9.647,,0.05,1777879822
All Pools,CATWIF - MU,0.3,False,0.00552,3.643,,0.14,1777879822
All Pools,Psychic - Partment,0.3,False,0.00548,62.23,,0.01,1777879822
All Pools,AVAX - WISE,0.3,False,0.00544,2.821,,0.18,1777879822
All Pools,USDC.e - WISE,0.3,False,0.00543,7.145,,0.07,1777879822
All Pools,GAINS - KONG,0.3,False,0.00542,0.76187,,0.65,1777879822
All Pools,AVAX - AMONKS,0.3,False,0.0054,1594.03,,,1777879822
All Pools,REDWOLF - AMONKS,0.3,False,0.00539,7.219,,0.07,1777879822
All Pools,WETH.e - BTCBR,0.3,False,0.00538,0.06131,,8.01,1777879822
All Pools,Hollywood - Ouroboros,0.3,False,0.00531,13.04,,0.04,1777879822
All Pools,Psychic - Line,0.3,False,0.00524,63.03,,0.01,1777879822
All Pools,Psychic - Who,0.3,False,0.00522,62.26,,0.01,1777879822
All Pools,MEOW - MU,0.3,False,0.00521,1.585,,0.3,1777879822
All Pools,FiveTwelveThirteen - AVAX,0.3,False,0.00521,5.22,,0.09,1777879822
All Pools,ElkeNevusRome - AVAX,0.3,False,0.00521,13.09,,0.04,1777879822
All Pools,ElkeNevusRome - Gravity,0.3,False,0.00519,4.966,,0.1,1777879822
All Pools,FiveTwelveThirteen - Gravity,0.3,False,0.00519,6.894,,0.07,1777879822
All Pools,AVAX - HOST,0.3,False,0.00512,1.967,,0.24,1777879822
All Pools,Psychic - Ups,0.3,False,0.00509,62.26,,0.01,1777879822
All Pools,Anon - USDC,0.3,False,0.00506,1.031,,0.45,1777879822
All Pools,CRA - AVAX,0.3,False,0.00505,10221.0,,,1777879822
All Pools,GAINS - DWC,0.3,False,0.005,0.9844,,0.46,1777879822
All Pools,AAVE.e - USDC.e,0.3,False,0.00495,1.268,,0.36,1777879822
All Pools,HOST - DAI.e,0.3,False,0.00489,3.021,,0.15,1777879822
All Pools,GAINS - TECH,0.3,False,0.00481,0.62295,,0.7,1777879822
All Pools,TrueLove - AVAX,0.3,False,0.0048,12.95,,0.03,1777879822
All Pools,TrueLove - Gravity,0.3,False,0.00479,4.911,,0.09,1777879822
All Pools,WBTC.e - USDC,0.3,False,0.00476,0.2099,,2.07,1777879822
All Pools,EGG - AVAX,0.3,False,0.00474,1.709,,0.25,1777879822
All Pools,EGG - USDT.e,0.3,False,0.00474,1.988,,0.22,1777879822
All Pools,BEAM - MU,0.3,False,0.0047,1.087,,0.39,1777879822
All Pools,GAINS - BAWLS,0.3,False,0.00469,0.92131,,0.46,1777879822
All Pools,BAWLS - AVAX,0.3,False,0.00467,16.44,,0.03,1777879822
All Pools,COQ - ARENA,0.3,False,0.00465,1.251,,0.34,1777879822
All Pools,RGOGLZ - AVAX,0.3,False,0.00464,4.121,,0.1,1777879822
All Pools,WITCH - AVAX,0.3,False,0.00456,2.804,,0.15,1777879822
All Pools,WITCH - USDC,0.3,False,0.00455,1.735,,0.24,1777879822
All Pools,AMI - MU,0.3,False,0.00453,1.718,,0.24,1777879822
All Pools,USV - AVAX,0.3,False,0.00449,1.166,,0.35,1777879822
All Pools,AKA - AVAX,0.3,False,0.00445,2.296,,0.18,1777879822
All Pools,AKA - USDt,0.3,False,0.00444,2.952,,0.14,1777879822
All Pools,KR - AVAX,0.3,False,0.00442,1.708,,0.24,1777879822
All Pools,KR - USDC.e,0.3,False,0.0044,11.48,,0.04,1777879822
All Pools,DCAR - AVAX,0.3,False,0.00436,1.108,,0.36,1777879822
All Pools,DCAR - USDC,0.3,False,0.00434,56.21,,0.01,1777879822
All Pools,TT - DAI.e,0.3,False,0.0043,1.932,,0.2,1777879822
All Pools,GAINS - KOVIN,0.3,False,0.0042,0.65117,,0.59,1777879822
All Pools,Psychic - Number,0.3,False,0.00419,62.26,,0.01,1777879822
All Pools,Psychic - Vampire,0.3,False,0.00418,62.25,,0.01,1777879822
All Pools,Psychic - Aquarius,0.3,False,0.00417,62.22,,0.01,1777879822
All Pools,NOCHILL - ARENA,0.3,False,0.00416,0.44515,,0.85,1777879822
All Pools,JOE - aDXN,0.3,False,0.00407,0.83906,,0.44,1777879822
All Pools,SYN - USDT.e,0.3,False,0.00399,0.65495,,0.56,1777879822
All Pools,Psychic - TrueStory,0.3,False,0.00397,62.26,,0.01,1777879822
All Pools,Lightworker - AVAX,0.3,False,0.00395,2.75,,0.13,1777879822
All Pools,Gravity - Lightworker,0.3,False,0.00394,53.49,,0.01,1777879822
All Pools,Evergreen - AVAX,0.3,False,0.00393,25.42,,0.01,1777879822
All Pools,Evergreen - Gravity,0.3,False,0.00392,4.778,,0.07,1777879822
All Pools,Psychic - Seminole,0.3,False,0.00389,62.21,,0.01,1777879822
All Pools,Psychic - PoPo,0.3,False,0.00386,62.26,,0.01,1777879822
All Pools,Psychic - James,0.3,False,0.00382,62.27,,0.01,1777879822
All Pools,RUGPULL - AVAX,0.3,False,0.00381,2.973,,0.12,1777879822
All Pools,Psychic - FinityFinity,0.3,False,0.0038,62.26,,0.01,1777879822
All Pools,EHCNALAVA - AVAX,0.3,False,0.00379,1515.24,,,1777879822
All Pools,KIMBO - EHCNALAVA,0.3,False,0.00379,2.853,,0.12,1777879822
All Pools,BTCBR - USDC,0.3,False,0.00376,0.20325,,1.69,1777879822
All Pools,SYN - WETH.e,0.3,False,0.00373,0.68447,,0.5,1777879822
All Pools,Psychic - QuetzalCoatl,0.3,False,0.00373,62.26,,0.01,1777879822
All Pools,PNG - USDT.e,0.3,False,0.00372,0.89123,,0.38,1777879822
All Pools,Trinity - IfYouKnowYouKnow,0.3,False,0.00371,5.078,,0.07,1777879822
All Pools,WETH - AVAX,0.3,False,0.00365,1.362,,0.24,1777879822
All Pools,xJOE - AVAX,0.3,False,0.00365,2.805,,0.12,1777879822
All Pools,MIM - SMRT,0.3,False,0.00364,1.678,,0.2,1777879822
All Pools,GMX - JOE,0.3,False,0.00363,0.4272,,0.77,1777879822
All Pools,TEMPO - AVAX,0.3,False,0.00362,1.082,,0.31,1777879822
All Pools,YETI - WINE,0.3,False,0.00362,1.46,,0.23,1777879822
All Pools,MIM - TEMPO,0.3,False,0.00361,6.748,,0.05,1777879822
All Pools,GATOR - AMI,0.3,False,0.00358,4.55,,0.07,1777879822
All Pools,SMRTr - USDT.e,0.3,False,0.00358,1.322,,0.25,1777879822
All Pools,JPYC - AVAX,0.3,False,0.00356,0.27679,,1.17,1777879822
All Pools,Psychic - Checkmate,0.3,False,0.00351,62.39,,0.01,1777879822
All Pools,GG - AVAX,0.3,False,0.00347,0.16068,,1.97,1777879822
All Pools,Psychic - Equal,0.3,False,0.00347,62.25,,0.01,1777879822
All Pools,ARENA - AMI,0.3,False,0.00346,1.416,,0.22,1777879822
All Pools,Psychic - Abracadabra,0.3,False,0.00345,62.23,,0.01,1777879822
All Pools,3ULL - USDC,0.3,False,0.00341,0.65843,,0.47,1777879822
All Pools,Psychic - PlotTwist,0.3,False,0.00341,63.64,,0.0,1777879822
All Pools,AVXT - POLAR,0.3,False,0.00341,0.44942,,0.69,1777879822
All Pools,APOW - MU,0.3,False,0.00335,3.517,,0.09,1777879822
All Pools,MIM - ICE,0.3,False,0.0033,0.99961,,0.3,1777879822
All Pools,Psychic - KatzJoel,0.3,False,0.00325,62.23,,0.0,1777879822
All Pools,USDt - USDC.e,0.3,False,0.00323,14.23,,0.02,1777879822
All Pools,SB - DAI.e,0.3,False,0.00322,0.13007,,2.26,1777879822
All Pools,ELXR - USDC.e,0.3,False,0.00321,1097.4,,,1777879822
All Pools,Psychic - Hexagon,0.3,False,0.00318,62.25,,0.0,1777879822
All Pools,AI9000 - MU,0.3,False,0.00312,1.291,,0.22,1777879822
All Pools,NXPC - USDC,0.3,False,0.00309,0.72097,,0.39,1777879822
All Pools,CRAFT - USDC.e,0.3,False,0.00309,0.87855,,0.32,1777879822
All Pools,JOE - REDWOLF,0.3,False,0.00303,3.987,,0.07,1777879822
All Pools,ETHM - AVAX,0.3,False,0.00301,27.71,,0.01,1777879822
All Pools,EagleToken - AVAX,0.3,False,0.00293,2.129,,0.13,1777879822
All Pools,EagleToken - USDC.e,0.3,False,0.00292,2.221,,0.12,1777879822
All Pools,AVXT - AVAX,0.3,False,0.00291,52.95,,0.01,1777879822
All Pools,BUSD - USDT.e,0.3,False,0.00289,0.07877,,3.35,1777879822
All Pools,ETHM - DAI.e,0.3,False,0.00287,0.68145,,0.38,1777879822
All Pools,GRAPE - AVAX,0.3,False,0.00283,0.89128,,0.29,1777879822
All Pools,ValentinMidwifes - AVAX,0.3,False,0.00282,2.392,,0.11,1777879822
All Pools,USDC - MU,0.3,False,0.0028,0.34367,,0.74,1777879822
All Pools,GURS - HOWDY,0.3,False,0.00278,1.886,,0.13,1777879822
All Pools,USDC - TT,0.3,False,0.00276,2.019,,0.12,1777879822
All Pools,MU - KET,0.3,False,0.00269,1.341,,0.18,1777879822
All Pools,AVAX - SAGE,0.3,False,0.00265,0.89518,,0.27,1777879822
All Pools,USDC.e - SAGE,0.3,False,0.00264,2.183,,0.11,1777879822
All Pools,BLUB - AVAX,0.0,False,0.00257,48.04,0.0,0.0,1777879822
All Pools,ACS - USDt,0.3,False,0.00254,0.97006,,0.24,1777879822
All Pools,DREGG - USDC.e,0.3,False,0.00253,3.097,,0.07,1777879822
All Pools,AVAX - CAKE,0.3,False,0.00249,0.72474,,0.31,1777879822
All Pools,USDT.e - CAKE,0.3,False,0.00248,48.59,,0.0,1777879822
All Pools,YAK - USDT.e,0.3,False,0.00247,0.56336,,0.4,1777879822
All Pools,KIMBO - UNIQOC,0.3,False,0.00246,0.73798,,0.3,1777879822
All Pools,ARENA - JUICY,0.3,False,0.00245,0.03397,,6.59,1777879822
All Pools,UNIQOC - MAJIN,0.3,False,0.00243,0.26025,,0.85,1777879822
All Pools,BTC.b - MUG,0.3,False,0.00241,0.8996,,0.24,1777879822
All Pools,AI9000 - USDt,0.3,False,0.0024,0.91055,,0.24,1777879822
All Pools,AVAX - WARP,0.3,False,0.0024,1.485,,0.15,1777879822
All Pools,EUROS - AVAX,0.3,False,0.00236,1.196,,0.18,1777879822
All Pools,MAXI - AVAX,0.3,False,0.00227,0.80242,,0.26,1777879822
All Pools,Psychic - Self,0.3,False,0.00222,64.29,,0.0,1777879822
All Pools,YEEHAW - HIGHER,0.3,False,0.00219,0.45927,,0.43,1777879822
All Pools,STG - JOE,0.3,False,0.00218,0.16995,,1.17,1777879822
All Pools,KIMBO - AMI,0.3,False,0.00213,4.337,,0.04,1777879822
All Pools,sAVAX - USDC,0.3,False,0.00205,0.53532,,0.35,1777879822
All Pools,TT - USDT.e,0.3,False,0.00202,2.018,,0.09,1777879822
All Pools,USDt - TT,0.3,False,0.00201,2.024,,0.09,1777879822
All Pools,USDC.e - CHAM,0.3,False,0.00195,0.83543,,0.21,1777879822
All Pools,GATOR - ARENA,0.3,False,0.00195,2.012,,0.09,1777879822
All Pools,BEE - AVAX,0.3,False,0.00192,0.80985,,0.22,1777879822
All Pools,BEE - USDT.e,0.3,False,0.00192,32.37,,0.01,1777879822
All Pools,LIRA - BUSD,0.3,False,0.00184,0.08308,,2.02,1777879822
All Pools,GGP - JUICY,0.3,False,0.0018,0.0342,,4.8,1777879822
All Pools,USDC.e - XAVA,0.3,False,0.0018,0.36195,,0.45,1777879822
All Pools,toi - AVAX,0.3,False,0.00178,0.94432,,0.17,1777879822
All Pools,MIM - toi,0.3,False,0.00178,3.443,,0.05,1777879822
All Pools,AVAX - WINE,0.3,False,0.00177,0.67324,,0.24,1777879822
All Pools,AVAX - DREX,0.3,False,0.00177,0.60122,,0.27,1777879822
All Pools,MIM - WINE,0.3,False,0.00177,3107.9,,,1777879822
All Pools,MIM - DREX,0.3,False,0.00176,37.6,,0.0,1777879822
All Pools,GAINS - Always,0.3,False,0.00174,0.1062,,1.5,1777879822
All Pools,MM - USDC.e,0.3,False,0.00168,0.60888,,0.25,1777879822
All Pools,HERESY - MEOW,0.3,False,0.00167,0.27854,,0.55,1777879822
All Pools,JOE - USDR,0.3,False,0.00167,0.73298,,0.21,1777879822
All Pools,LIFE - AVAX,0.3,False,0.00162,1.348,,0.11,1777879822
All Pools,MIM - LIFE,0.3,False,0.00162,0.94372,,0.16,1777879822
All Pools,AMI - EROL,0.3,False,0.0016,0.67993,,0.21,1777879822
All Pools,WBTC.e - MU,0.3,False,0.00157,0.72522,,0.2,1777879822
All Pools,AVAX - sSB,0.3,False,0.00156,0.5067,,0.28,1777879822
All Pools,AVAX - MTB,0.3,False,0.00156,0.96474,,0.15,1777879822
All Pools,REDEEMER - AMI,0.3,False,0.00156,0.01468,,9.67,1777879822
All Pools,USDC.e - sSB,0.3,False,0.00155,838.78,,,1777879822
All Pools,MIM - MTB,0.3,False,0.00155,2.216,,0.06,1777879822
All Pools,AVAX - RUG,0.3,False,0.00155,0.54232,,0.26,1777879822
All Pools,Always - KONG,0.3,False,0.00151,0.04356,,3.17,1777879822
All Pools,AVAX - ICE,0.3,False,0.00151,151.65,,,1777879822
All Pools,AVAX - NXUSD,0.3,False,0.0015,0.49454,,0.28,1777879822
All Pools,USDC.e - NXUSD,0.3,False,0.00149,1.663,,0.08,1777879822
All Pools,USDC.e - WARP,0.3,False,0.00149,0.86515,,0.16,1777879822
All Pools,MUMO - AVAX,0.3,False,0.00148,0.1809,,0.74,1777879822
All Pools,QI - USDC,0.3,False,0.00146,0.08812,,1.51,1777879822
All Pools,JEWEL - AVAX,0.3,False,0.00143,0.22603,,0.58,1777879822
All Pools,DB - AVAX,0.3,False,0.0014,2.219,,0.06,1777879822
All Pools,MIM - YAK,0.3,False,0.0014,0.43667,,0.29,1777879822
All Pools,MIM - DB,0.3,False,0.0014,0.67111,,0.19,1777879822
All Pools,WETH.e - ETHM,0.3,False,0.00138,0.5094,,0.25,1777879822
All Pools,ETHM - USDC.e,0.3,False,0.00138,0.48381,,0.26,1777879822
All Pools,CANS - AMI,0.3,False,0.00135,0.23132,,0.53,1777879822
All Pools,SLUSH - AVAX,0.3,False,0.00134,0.70481,,0.17,1777879822
All Pools,SLUSH - USDT.e,0.3,False,0.00133,1.325,,0.09,1777879822
All Pools,MEAT - MU,0.3,False,0.00131,0.5001,,0.24,1777879822
All Pools,HUSKY - SNOWY,0.3,False,0.00131,0.43927,,0.27,1777879822
All Pools,QI - SNOWY,0.3,False,0.0013,0.79829,,0.15,1777879822
All Pools,LYD - AVAX,0.3,False,0.00129,0.82371,,0.14,1777879822
All Pools,KANA - AVAX,0.3,False,0.00127,1141.44,,,1777879822
All Pools,Naughty - HIGHER,0.3,False,0.00127,0.45073,,0.26,1777879822
All Pools,KANA - USDC,0.3,False,0.00127,0.51195,,0.23,1777879822
All Pools,Trinity - IngersollLockwood,0.3,False,0.00127,1.136,,0.1,1777879822
All Pools,ALPHAZERO - USDT.e,0.3,False,0.00127,2.163,,0.05,1777879822
All Pools,Naughty - AVAX,0.3,False,0.00126,239.35,,,1777879822
All Pools,MAJIN - AMI,0.3,False,0.00124,0.15827,,0.72,1777879822
All Pools,CRA - USDC.e,0.3,False,0.00123,0.56783,,0.2,1777879822
All Pools,MUME - USDC,0.3,False,0.00123,0.08483,,1.32,1777879822
All Pools,COQ - HOWDY,0.3,False,0.00119,0.56955,,0.19,1777879822
All Pools,HUSKY - aXEN,0.3,False,0.00118,0.07363,,1.46,1777879822
All Pools,tst1 - AVAX,0.3,False,0.00117,0.58219,,0.18,1777879822
All Pools,PTOP1200 - TOPIA,0.3,False,0.00117,104.28,,0.0,1777879822
All Pools,tst1 - USDT.e,0.3,False,0.00117,2.699,,0.04,1777879822
All Pools,weETH - AVAX,0.3,False,0.00117,0.38937,,0.27,1777879822
All Pools,HOOP - ROCO,0.3,False,0.00116,0.14673,,0.72,1777879822
All Pools,SUB - AVAX,0.3,False,0.00113,0.51047,,0.2,1777879822
All Pools,SUB - USDC,0.3,False,0.00113,69.79,,0.0,1777879822
All Pools,COQ - MEAT,0.3,False,0.00111,0.71668,,0.14,1777879822
All Pools,AUX - AVAX,0.3,False,0.00109,0.39528,,0.25,1777879822
All Pools,AUX - USDC,0.3,False,0.00109,688.53,,,1777879822
All Pools,AVAX - SYMBIOT,0.3,False,0.00107,0.32481,,0.3,1777879822
All Pools,JOE - CNR,0.3,False,0.00106,1.069,,0.09,1777879822
All Pools,NUG - AVAX,0.3,False,0.00105,0.38419,,0.25,1777879822
All Pools,SLOT - AVAX,0.3,False,0.00105,3960.55,,,1777879822
All Pools,NUG - USDC,0.3,False,0.00105,2.375,,0.04,1777879822
All Pools,SLOT - USDC.e,0.3,False,0.00105,0.48538,,0.2,1777879822
All Pools,LIRA - USDt,0.3,False,0.00103,0.07426,,1.27,1777879822
All Pools,DAI.e - SYMBIOT,0.3,False,0.00102,1.414,,0.07,1777879822
All Pools,TEDDY - USDC,0.3,False,0.00102,0.43319,,0.22,1777879822
All Pools,gOHM - USDT.e,0.3,False,0.00101,0.61213,,0.15,1777879822
All Pools,xJOE - wsOHM,0.3,False,0.00101,0.54756,,0.17,1777879822
All Pools,WET - AVAX,0.3,False,0.001,16.99,,0.01,1777879822
All Pools,WET - USDT.e,0.3,False,,0.44269,,0.21,1777879822
All Pools,PB - AVAX,0.3,False,,0.49234,,0.19,1777879822
All Pools,PB - MIM,0.3,False,,39.84,,0.0,1777879822
All Pools,AVAX - FTEST,0.3,False,,0.40058,,0.23,1777879822
All Pools,USDT.e - FTEST,0.3,False,,1.315,,0.07,1777879822
All Pools,SYMBIOT - AVAX,0.3,False,,1.452,,0.06,1777879822
All Pools,AVAX - AKITA,0.3,False,,2533.09,,,1777879822
All Pools,MIM - AKITA,0.3,False,,0.255,,0.35,1777879822
All Pools,WETH.e - SPELL,0.3,False,,0.29664,,0.29,1777879822
All Pools,SYMBIOT - DAI.e,0.3,False,,0.45875,,0.18,1777879822
All Pools,OH - USDC.e,0.3,False,,0.39166,,0.21,1777879822
All Pools,3ULL - USDT.e,0.3,False,,0.65824,,0.12,1777879822
All Pools,USDT.e - WARP,0.3,False,,0.90392,,0.09,1777879822
All Pools,ROCO - USDT.e,0.3,False,,0.08467,,0.96,1777879822
All Pools,MUi - WINK,0.3,False,,0.01555,,5.21,1777879822
All Pools,ARABBIT - AVAX,0.3,False,,0.56896,,0.14,1777879822
All Pools,MIM - ARABBIT,0.3,False,,1.296,,0.06,1777879822
All Pools,JOE - AVE,0.3,False,,1.81,,0.04,1777879822
All Pools,SolarDAO - AVAX,0.3,False,,0.40026,,0.2,1777879822
All Pools,LAMA - AVAX,0.3,False,,11818.0,,,1777879822
All Pools,SolarDAO - USDT.e,0.3,False,,2.07,,0.04,1777879822
All Pools,SMOKA - AVAX,0.3,False,,0.55001,,0.14,1777879822
All Pools,MIM - SMOKA,0.3,False,,1.14,,0.07,1777879822
All Pools,USDC - DAI.e,0.3,False,,2.018,,0.04,1777879822
All Pools,LAMA - JUICY,0.3,False,,0.01587,,4.87,1777879822
All Pools,AVAX - PLEB,0.3,False,,0.27235,,0.28,1777879822
All Pools,MIM - PLEB,0.3,False,,54.02,,0.0,1777879822
All Pools,COQ - BMC,0.3,False,,0.09521,,0.79,1777879822
All Pools,aAvaWAVAX - AVAX,0.3,False,,0.26136,,0.29,1777879822
All Pools,gOHM - USDC.e,0.3,False,,0.31224,,0.24,1777879822
All Pools,YUSD - USDC,0.3,False,,22.93,,0.0,1777879822
All Pools,BLZZ - AVAX,0.3,False,,7979.95,,,1777879822
All Pools,MUMO - MU,0.3,False,,0.61344,,0.12,1777879822
All Pools,AVAX - NUTS,0.3,False,,230.34,,,1777879822
All Pools,USDC - NUTS,0.3,False,,0.23179,,0.31,1777879822
All Pools,GAINS - MEOW,0.3,False,,0.21612,,0.33,1777879822
All Pools,BUSD - MU,0.3,False,,0.02611,,2.68,1777879822
All Pools,MIM - WBTC.e,0.3,False,,0.05642,,1.22,1777879822
All Pools,MUME - BUSD,0.3,False,,0.02865,,2.39,1777879822
All Pools,WETH.e - LINK.e,0.3,False,,0.14906,,0.45,1777879822
All Pools,USDC.e - WET,0.3,False,,0.44463,,0.15,1777879822
All Pools,MU - GEC,0.3,False,,0.09075,,0.73,1777879822
All Pools,AVAX - HOST,0.3,False,,0.14454,,0.45,1777879822
All Pools,AVAX - RBEES,0.3,False,,0.69865,,0.09,1777879822
All Pools,USDC.e - RBEES,0.3,False,,0.49617,,0.13,1777879822
All Pools,DAI.e - HOST,0.3,False,,16.09,,0.0,1777879822
All Pools,CLAVIS - AVAX,0.3,False,,0.13415,,0.46,1777879822
All Pools,MIM - CLAVIS,0.3,False,,120.29,,,1777879822
All Pools,DMD - AVAX,0.3,False,,26.5,,0.0,1777879822
All Pools,LINK.e - MUG,0.3,False,,0.24947,,0.24,1777879822
All Pools,FAR - AVAX,0.3,False,,0.45751,,0.13,1777879822
All Pools,FAR - USDC.e,0.3,False,,0.15004,,0.39,1777879822
All Pools,RENT - JOE,0.3,False,,3.61,,0.02,1777879822
All Pools,RENT - USDT.e,0.3,False,,0.18685,,0.31,1777879822
All Pools,MIM - ICY,0.3,False,,17.2,,0.0,1777879822
All Pools,DMD - DAI.e,0.3,False,,0.12976,,0.45,1777879822
All Pools,AVAX - STICK,0.3,False,,2192.23,,,1777879822
All Pools,ENGLISH - AVAX,0.3,False,,0.23685,,0.24,1777879822
All Pools,STICK - MU,0.3,False,,0.14722,,0.39,1777879822
All Pools,WETH.e - MUi,0.3,False,,0.03086,,1.8,1777879822
All Pools,AVAX - BANKSY V2,0.3,False,,0.33587,,0.16,1777879822
All Pools,USDT.e - BANKSY V2,0.3,False,,0.92017,,0.06,1777879822
All Pools,SNOW - AVAX,0.3,False,,0.19652,,0.26,1777879822
All Pools,WETH.e - MUMO,0.3,False,,0.22938,,0.23,1777879822
All Pools,MIM - SNOW,0.3,False,,0.64598,,0.08,1777879822
All Pools,LEXIP - AVAX,0.3,False,,0.42739,,0.12,1777879822
All Pools,MUMO - USDC.e,0.3,False,,0.13201,,0.39,1777879822
All Pools,MIM - LEXIP,0.3,False,,0.23835,,0.22,1777879822
All Pools,SN - AVAX,0.3,False,,0.12398,,0.4,1777879822
All Pools,MIM - SN,0.3,False,,100.73,,,1777879822
All Pools,WETH - MU,0.3,False,,0.09464,,0.52,1777879822
All Pools,AVAX - BANKSY,0.3,False,,0.22987,,0.21,1777879822
All Pools,BANKSY - AVAX,0.3,False,,0.19234,,0.25,1777879822
All Pools,USDC.e - BANKSY,0.3,False,,0.6918,,0.07,1777879822
All Pools,BANKSY - USDT.e,0.3,False,,0.68062,,0.07,1777879822
All Pools,WOLF - USDt,0.3,False,,0.1102,,0.44,1777879822
All Pools,AAVE.e - BTCBR,0.3,False,,0.20788,,0.22,1777879822
All Pools,xAVAX - AVAX,0.3,False,,0.73457,,0.06,1777879822
All Pools,xAVAX - USDC,0.3,False,,0.24587,,0.18,1777879822
All Pools,MUME - USDC.e,0.3,False,,0.55651,,0.08,1777879822
All Pools,KIMBO - MU,0.3,False,,0.10031,,0.45,1777879822
All Pools,BNB - MU,0.3,False,,0.08836,,0.51,1777879822
All Pools,CRA - USDT.e,0.3,False,,0.26698,,0.17,1777879822
All Pools,DAI.e - PEFI,0.3,False,,0.13351,,0.33,1777879822
All Pools,BLZZ - USDC.e,0.3,False,,0.08533,,0.51,1777879822
All Pools,sifu - USDT.e,0.3,False,,9.305,,0.0,1777879822
All Pools,MUi - MU,0.3,False,,0.08397,,0.49,1777879822
All Pools,xORDER - AVAX,0.3,False,,0.23666,,0.17,1777879822
All Pools,AVAX - TUS,0.3,False,,8267.95,,,1777879822
All Pools,YEEHAW - MU,0.3,False,,0.29012,,0.14,1777879822
All Pools,YEEHAW - ARENA,0.3,False,,2.395,,0.02,1777879822
All Pools,xORDER - USDC,0.3,False,,0.19305,,0.21,1777879822
All Pools,USDT.e - TUS,0.3,False,,0.12234,,0.33,1777879822
All Pools,HUSKY - SMRTr,0.3,False,,0.07093,,0.57,1777879822
All Pools,CRV - AVAX,0.3,False,,42.36,,,1777879822
All Pools,CRV - USDT.e,0.3,False,,0.12967,,0.31,1777879822
All Pools,GRT.e - AVAX,0.3,False,,7.371,,0.01,1777879822
All Pools,USDC.e - SUSD,0.3,False,,507.34,,,1777879822
All Pools,LUEEGI - USDt,0.3,False,,0.09324,,0.4,1777879822
All Pools,TSD - USDC.e,0.3,False,,0.09657,,0.38,1777879822
All Pools,PIZZA - USDC.e,0.3,False,,0.08152,,0.45,1777879822
All Pools,AVE - AVAX,0.3,False,,4.249,,0.01,1777879822
All Pools,KITE - AVAX,0.3,False,,0.05741,,0.59,1777879822
All Pools,WETH.e - FEED,0.3,False,,0.07269,,0.47,1777879822
All Pools,BMOON - AVAX,0.3,False,,0.17286,,0.19,1777879822
All Pools,ONION - CORN,0.3,False,,34.28,,,1777879822
All Pools,AAVE.e - MU,0.3,False,,0.04511,,0.69,1777879822
All Pools,UNI.e - AVAX,0.3,False,,0.03146,,0.95,1777879822
All Pools,BLZZ - USDT.e,0.3,False,,0.13177,,0.22,1777879822
All Pools,GENI - USDC.e,0.3,False,,0.1229,,0.23,1777879822
All Pools,ABOB - AVAX,0.3,False,,838.74,,,1777879822
All Pools,NOCHILL - ABOB,0.3,False,,0.02309,,1.12,1777879822
All Pools,ROCO - SMRT,0.3,False,,0.02582,,1.0,1777879822
All Pools,AR - AVAX,0.3,False,,0.0397,,0.64,1777879822
All Pools,AR - USDC.e,0.3,False,,17.84,,0.0,1777879822
All Pools,LUNA - JOE,0.3,False,,0.04472,,0.53,1777879822
All Pools,BPT - AVAX,0.3,False,,443.75,,,1777879822
All Pools,BPT - USDC.e,0.3,False,,0.08006,,0.29,1777879822
All Pools,AUSD - USDC,0.01,False,10981972.0,4180728.0,1098.26,9.59,1777883421
All Pools,AUSD - USDt,0.01,False,10859078.0,3391858.0,1085.97,11.69,1777883421
All Pools,AVAX - USDC,0.05,False,6552887.0,3943581.0,3418.68,31.64,1777883421
All Pools,BTC.b - USDC,0.05,False,326639.0,811345.0,170.01,7.65,1777883421
All Pools,USDC.e - O3,0.3,False,229593.0,343158041.0,573.98,0.06,1777883421
All Pools,USDt - USDC,0.005,False,121508.0,694559.0,8.602,0.45,1777883421
All Pools,AVAX - USDC,0.2,False,70175.0,207191.0,141.09,24.86,1777883421
All Pools,sAVAX - AVAX,0.01,False,55128.0,190253.0,5.515,1.06,1777883421
All Pools,ARENA - AVAX,0.01,False,46751.0,180284.0,4.672,0.95,1777883421
All Pools,GUN - AVAX,0.25,False,43384.0,127307.0,112.18,32.16,1777883421
All Pools,USDC - XAVA,0.3,False,39101.0,611788.0,97.75,5.83,1777883421
All Pools,DAI.e - USDC,0.02,False,37516.0,31128.0,9.519,11.16,1777883421
All Pools,AVAX - BTC.b,0.05,False,36506.0,589770.0,19.18,1.19,1777883421
All Pools,GUN - AVAX,0.1,False,33870.0,40324.0,36.47,33.01,1777883421
All Pools,NXPC - AVAX,0.3,False,32286.0,240445.0,80.71,12.25,1777883421
All Pools,USDT.e - USDC,0.02,False,23991.0,48840.0,4.825,3.61,1777883421
All Pools,AVAX - USDt,0.2,False,20076.0,132065.0,40.44,11.18,1777883421
All Pools,WBTC - BTC.b,0.03,False,17664.0,84785.0,5.37,2.31,1777883421
All Pools,USDT.e - USDt,0.02,False,14662.0,44248.0,2.952,2.44,1777883421
All Pools,QI - AVAX,0.3,False,14039.0,243297.0,35.1,5.27,1777883421
All Pools,AVAX - USDT.e,0.3,False,13807.0,553235.0,34.52,2.28,1777883421
All Pools,FOLKS - AVAX,0.25,False,13574.0,34719.0,34.62,36.4,1777883421
All Pools,AVAX - USDC,0.3,False,12675.0,407530.0,31.69,2.84,1777883421
All Pools,XAUt0 - USDt,0.04,False,12522.0,38235.0,5.469,5.22,1777883421
All Pools,MIM - AVAX,0.3,False,12270.0,562885.0,30.68,1.99,1777883421
All Pools,JOE - AVAX,0.3,False,11393.0,526274.0,28.48,1.98,1777883421
All Pools,USDC.e - AVAX,0.3,False,10166.0,430571.0,25.42,2.15,1777883421
All Pools,COQ - AVAX,0.3,False,9474.67,617925.0,23.69,1.4,1777883421
All Pools,AAVE.e - AVAX,0.3,False,9175.77,303764.0,22.94,2.76,1777883421
All Pools,WBTC.e - BTC.b,0.03,False,7898.04,332546.0,2.436,0.27,1777883421
All Pools,JOE - USDC.e,0.3,False,7717.42,338311.0,19.29,2.08,1777883421
All Pools,SolvBTC - BTC.b,0.04,False,5230.71,256015.0,3.087,0.44,1777883421
All Pools,USDt - USDC,0.01,False,5158.53,181622.0,0.41321,0.08,1777883421
All Pools,USDT.e - USDC,0.02,False,4513.58,886.91,0.47306,19.47,1777883421
All Pools,EURC - USDC,0.03,False,4401.73,13102.0,1.444,4.02,1777883421
All Pools,DAI.e - USDC,0.02,False,3919.96,2564.89,1.061,15.1,1777883421
All Pools,JPYC - USDC,0.04,False,3255.36,4481.8,1.884,15.35,1777883421
All Pools,ORNG - AVAX,0.3,False,3247.43,27644.0,8.119,10.72,1777883421
All Pools,FLD - AVAX,0.3,False,2897.4,51990.0,7.243,5.09,1777883421
All Pools,XAVA - AVAX,0.8,False,2797.98,229817.0,22.51,3.58,1777883421
All Pools,BEAM - AVAX,0.25,False,2390.64,20564.0,6.016,10.68,1777883421
All Pools,HEFE - AVAX,0.3,False,2129.16,21437.0,5.323,9.06,1777883421
All Pools,WETH.e - AVAX,0.3,False,2050.68,500105.0,5.127,0.37,1777883421
All Pools,LCPEDU - USDt,0.8,False,2037.94,9626335.0,32.67,0.12,1777883421
All Pools,XAVA - AVAX,0.25,False,1925.8,3209.56,5.007,56.94,1777883421
All Pools,WBTC.e - AVAX,0.3,False,1846.57,173037.0,4.616,0.97,1777883421
All Pools,BEAM - AVAX,0.3,False,1796.8,95271.0,4.492,1.72,1777883421
All Pools,BEAM - USDC,0.3,False,1758.68,73041.0,4.397,2.2,1777883421
All Pools,JOE - USDT.e,0.3,False,1612.29,67796.0,4.031,2.17,1777883421
All Pools,USDt - AVAX,0.3,False,1541.16,45242.0,3.853,3.11,1777883421
All Pools,AVAX - avUSD,0.25,False,1534.03,2361.87,3.849,59.48,1777883421
All Pools,SOL - AVAX,0.3,False,1491.7,436693.0,3.729,0.31,1777883421
All Pools,LINK.e - AVAX,0.3,False,1491.22,48894.0,3.728,2.78,1777883421
All Pools,ZRO - AVAX,0.25,False,1433.66,2301.09,11.49,182.3,1777883421
All Pools,AUSD - AVAX,0.1,False,1427.66,40035.0,1.461,1.33,1777883421
All Pools,SHRAP - AVAX,0.8,False,1337.71,13029.0,13.39,37.52,1777883421
All Pools,BTC.b - AVAX,0.3,False,1253.86,142926.0,3.135,0.8,1777883421
All Pools,AVAX - JUICE,0.3,False,1179.64,15795.0,2.949,6.81,1777883421
All Pools,JOE - USDC,0.3,False,1072.22,40395.0,2.681,2.42,1777883421
All Pools,SIERRA - USDC,0.1,False,1030.35,39684.0,1.031,0.95,1777883421
All Pools,ALOT - AVAX,0.3,False,986.07,227729.0,2.465,0.4,1777883421
All Pools,AVAX - DAI.e,0.3,False,923.0,34273.0,2.307,2.46,1777883421
All Pools,NOCHILL - AVAX,0.3,False,895.74,89239.0,2.239,0.92,1777883421
All Pools,MUON - AVAX,0.3,False,821.13,47256.0,2.053,1.59,1777883421
All Pools,AVAX - ALVA,0.3,False,790.63,1267.17,1.977,56.93,1777883421
All Pools,WETH.e - USDC,0.15,False,671.49,10055.0,1.022,3.71,1777883421
All Pools,w3ULL - AVAX,0.3,False,600.86,65804.0,1.502,0.83,1777883421
All Pools,AVAX - XAVA,0.3,False,584.99,16021.0,1.462,3.33,1777883421
All Pools,JOE - AVAX,0.25,False,529.04,11433.0,1.335,4.26,1777883421
All Pools,AARB - AVAX,0.3,False,439.33,0.18257,1.098,219577.85,1777883421
All Pools,ARC - AVAX,0.3,False,439.02,0.18251,1.098,219499.3,1777883421
All Pools,UTAO - AVAX,0.3,False,433.74,0.18142,1.084,218165.19,1777883421
All Pools,SB - AVAX,0.3,False,399.63,7024.61,0.99906,5.19,1777883421
All Pools,QI - AVAX,0.25,False,298.58,14947.0,0.74829,1.83,1777883421
All Pools,XSEED - AVAX,0.3,False,280.29,12612.0,0.70071,2.03,1777883421
All Pools,UST - AVAX,0.3,False,265.48,8007.99,0.6637,3.03,1777883421
All Pools,WETH.e - USDC.e,0.3,False,204.92,12377.0,0.51229,1.51,1777883421
All Pools,WBTC.e - BTC.b,0.03,False,199.0,692.53,0.08526,4.49,1777883421
All Pools,HUNDRED - USDC,0.3,False,196.41,521219.0,0.49103,0.03,1777883421
All Pools,XETA - USDC,0.3,False,191.68,6442.09,0.4792,2.72,1777883421
All Pools,MIM - SB,0.3,False,189.4,5770.8,0.47351,2.99,1777883421
All Pools,HERESY - AVAX,0.3,False,186.4,21849.0,0.46599,0.78,1777883421
All Pools,AVAX - JUICY,0.3,False,172.09,3030.05,0.43023,5.18,1777883421
All Pools,gOHM - AVAX,0.3,False,168.46,141007.0,0.42115,0.11,1777883421
All Pools,USDt - USDC,0.02,False,161.53,2233.5,0.03234,0.53,1777883421
All Pools,AVAX - UST,0.3,False,151.29,9004.46,0.37823,1.53,1777883421
All Pools,YAK - AVAX,0.3,False,150.82,112160.0,0.37706,0.12,1777883421
All Pools,STG - USDC,0.3,False,149.22,1462.44,0.37304,9.31,1777883421
All Pools,SOL - AVAX,0.1,False,139.96,1096.16,0.14394,4.79,1777883421
All Pools,GMX - AVAX,0.3,False,138.6,4996.35,0.34651,2.53,1777883421
All Pools,PTOP800 - USDC,0.1,False,137.74,659.66,0.1385,7.66,1777883421
All Pools,PTOP800 - AVAX,0.1,False,136.88,607.77,0.13747,8.26,1777883421
All Pools,KIMBO - AVAX,0.3,False,117.69,64812.0,0.29423,0.17,1777883421
All Pools,LUNA - USDC.e,0.3,False,112.08,893.17,0.28019,11.45,1777883421
All Pools,PTOP1100 - AVAX,0.1,False,100.21,366.09,0.101,10.07,1777883421
All Pools,PTOP1100 - USDC,0.1,False,98.03,670.85,0.09831,5.35,1777883421
All Pools,MIM - USDt,0.03,False,89.4,9.689,0.02872,108.2,1777883421
All Pools,JOE - AVAX,0.15,False,86.1,70016.0,0.13319,0.07,1777883421
All Pools,EVO - AVAX,0.3,False,86.05,13746.0,0.21512,0.57,1777883421
All Pools,STG - AVAX,0.3,False,84.24,1460.74,0.21061,5.26,1777883421
All Pools,USDC.e - USDC,0.3,False,77.43,482846.0,0.19357,0.01,1777883421
All Pools,AVAX - CLY,0.3,False,76.45,60267.0,0.19112,0.12,1777883421
All Pools,PRIME - AVAX,0.4,False,74.09,108595.0,0.90649,0.3,1777883421
All Pools,PTOP1300 - AVAX,0.1,False,63.65,581.78,0.06377,4.0,1777883421
All Pools,PTOP1300 - USDC,0.1,False,63.31,349.51,0.06348,6.63,1777883421
All Pools,APIX - USDt,0.3,False,60.66,6943.48,0.15165,0.8,1777883421
All Pools,PTOP1200 - AVAX,0.1,False,59.71,691.56,0.05977,3.15,1777883421
All Pools,FITFI - USDT.e,0.3,False,59.56,367.92,0.1489,14.77,1777883421
All Pools,PTOP1200 - USDC,0.1,False,58.92,199.48,0.05973,10.93,1777883421
All Pools,GGP - AVAX,0.3,False,58.65,92623.0,0.14663,0.06,1777883421
All Pools,CAI - AVAX,0.3,False,56.94,1825.46,0.14234,2.85,1777883421
All Pools,MAJIN - AVAX,0.3,False,54.99,4315.45,0.13748,1.16,1777883421
All Pools,CDK - AVAX,0.25,False,48.94,5711.0,0.19133,1.22,1777883421
All Pools,CAT - AVAX,0.3,False,46.43,1910.14,0.11609,2.22,1777883421
All Pools,AVAX - RISE,0.3,False,45.82,59921.0,0.11455,0.07,1777883421
All Pools,FTR - AVAX,0.3,False,37.34,1293.27,0.09334,2.63,1777883421
All Pools,gOHM - FRAX,0.3,False,31.89,3595.94,0.07971,0.81,1777883421
All Pools,APIX - ID,0.3,False,31.39,25453.0,0.07847,0.11,1777883421
All Pools,GENI - USDC,0.3,False,29.75,1479.75,0.07438,1.83,1777883421
All Pools,PTOP800 - BTC.b,0.1,False,27.71,1009.62,0.02972,1.07,1777883421
All Pools,BOI - AVAX,0.3,False,27.59,86.05,0.06898,29.26,1777883421
All Pools,BLSEYE🎯 - AVAX,0.3,False,27.33,6048.12,0.06833,0.41,1777883421
All Pools,APIX - USDC,0.3,False,26.96,3465.94,0.06739,0.71,1777883421
All Pools,GUN - BLSEYE🎯,0.3,False,26.89,952.94,0.06721,2.57,1777883421
All Pools,APIX - ARENA,0.3,False,26.77,2368.9,0.06693,1.03,1777883421
All Pools,SWORLD - AVAX,0.3,False,24.85,7030.43,0.06213,0.32,1777883421
All Pools,PNG - AVAX,0.3,False,24.8,1066.13,0.06199,2.12,1777883421
All Pools,USDV - AVAX,0.25,False,22.49,1831.38,0.08815,1.76,1777883421
All Pools,ROCO - AVAX,0.3,False,22.21,1293.67,0.05552,1.57,1777883421
All Pools,MIM - WETH.e,0.3,False,21.77,1466.7,0.05441,1.35,1777883421
All Pools,AVAX - FRAX,0.3,False,21.61,1021.36,0.05403,1.93,1777883421
All Pools,CAPY - ARENA,0.3,False,21.54,32024.0,0.05385,0.06,1777883421
All Pools,KLO - AVAX,0.3,False,20.92,14955.0,0.05231,0.13,1777883421
All Pools,USDt - ncash,0.3,False,20.04,1140.31,0.05009,1.6,1777883421
All Pools,USDC.e - DAI.e,0.3,False,19.07,22723.0,0.04767,0.08,1777883421
All Pools,BOOTY - AVAX,0.3,False,19.05,2150.69,0.04762,0.81,1777883421
All Pools,AVAX - DOMI,0.3,False,18.9,17477.0,0.04726,0.1,1777883421
All Pools,BLIZZ - AVAX,0.3,False,18.75,878.54,0.04687,1.95,1777883421
All Pools,SHRAP - DOMI,0.3,False,18.19,294.21,0.04546,5.64,1777883421
All Pools,HAT - AVAX,0.3,False,17.93,9654.0,0.04484,0.17,1777883421
All Pools,UST - USDC.e,0.3,False,17.67,778.58,0.04419,2.07,1777883421
All Pools,Psychic - AVAX,0.3,False,17.16,1194.31,0.04291,1.31,1777883421
All Pools,POLAR - AVAX,0.3,False,17.12,1847.53,0.0428,0.85,1777883421
All Pools,SECOND - AVAX,0.3,False,16.94,1776.93,0.04234,0.87,1777883421
All Pools,SECOND - USDC,0.3,False,16.93,7217.53,0.04233,0.21,1777883421
All Pools,GUN - AVAX,0.3,False,16.91,446.5,0.04228,3.46,1777883421
All Pools,RGOGLZ - USDC,0.3,False,15.76,1594.75,0.0394,0.9,1777883421
All Pools,WINK - AVAX,0.3,False,14.9,81.13,0.03726,16.76,1777883421
All Pools,BUSD - AVAX,0.3,False,14.79,423.28,0.03697,3.19,1777883421
All Pools,HUSKY - AVAX,0.3,False,14.74,3709.23,0.03685,0.36,1777883421
All Pools,HATCHY - AVAX,0.3,False,14.44,9826.38,0.0361,0.13,1777883421
All Pools,sAVAX - JACK,0.3,False,14.35,293410.0,0.03587,0.0,1777883421
All Pools,AVAX - GEC,0.3,False,14.0,36382.0,0.03499,0.04,1777883421
All Pools,XROSS - ORNG,0.3,False,13.44,478.8,0.0336,2.56,1777883421
All Pools,ZRO - AVAX,0.3,False,12.75,200.49,0.03187,5.8,1777883421
All Pools,Psychic - XAUt0,0.3,False,12.1,7035.19,0.03025,0.16,1777883421
All Pools,ORNG - MOOM,0.3,False,12.03,397.14,0.03006,2.76,1777883421
All Pools,YUSD - AVAX,0.3,False,11.91,134.72,0.02977,8.07,1777883421
All Pools,ORNG - JUCI,0.3,False,11.45,497.81,0.02864,2.1,1777883421
All Pools,DCAU - AVAX,0.3,False,11.42,1272.71,0.02855,0.82,1777883421
All Pools,DCAU - USDT.e,0.3,False,10.84,5312.77,0.0271,0.19,1777883421
All Pools,Ush - AVAX,0.3,False,10.84,2841.74,0.02709,0.35,1777883421
All Pools,PTOP1000 - AVAX,0.1,False,10.45,636.24,0.01047,0.6,1777883421
All Pools,TECH - AVAX,0.3,False,10.35,14291.0,0.02588,0.07,1777883421
All Pools,agEUR - USDC,0.3,False,10.27,63.83,0.02567,14.68,1777883421
All Pools,AVAX - HON,0.3,False,10.22,91681.0,0.02554,0.01,1777883421
All Pools,COMET - AVAX,0.3,False,10.19,492.39,0.02549,1.89,1777883421
All Pools,YOU - ORNG,0.3,False,10.08,3185.05,0.0252,0.29,1777883421
All Pools,SYN - AVAX,0.3,False,9.992,2787.24,0.02498,0.33,1777883421
All Pools,DATCM - ORNG,0.3,False,9.856,479.28,0.02464,1.88,1777883421
All Pools,MYST - AVAX,0.3,False,9.792,915.75,0.02448,0.98,1777883421
All Pools,AVAXAI - USDC,0.3,False,9.68,1724.21,0.0242,0.51,1777883421
All Pools,STRZ - AVAX,0.3,False,9.168,27.85,0.02292,30.04,1777883421
All Pools,JPYC - USDC,0.3,False,8.644,351.59,0.02161,2.24,1777883421
All Pools,BLSEYE🎯 - ARENA,0.3,False,8.587,1182.57,0.02147,0.66,1777883421
All Pools,MEAT - AVAX,0.3,False,8.141,5420.06,0.02035,0.14,1777883421
All Pools,ORNG - FLUX,0.3,False,7.945,356.73,0.01986,2.03,1777883421
All Pools,ORNG - SAI,0.3,False,7.425,296.71,0.01856,2.28,1777883421
All Pools,UST - USDC,0.3,False,6.713,481.92,0.01678,1.27,1777883421
All Pools,FITFI - AVAX,0.3,False,6.439,39.04,0.0161,15.05,1777883421
All Pools,AVAX - PEFI,0.3,False,6.006,4541.81,0.01501,0.12,1777883421
All Pools,AVAX - ELK,0.3,False,4.912,1730.04,0.01228,0.26,1777883421
All Pools,avUSD - sAVAX,0.3,False,4.787,266.06,0.01197,1.64,1777883421
All Pools,MAI - AVAX,0.3,False,4.676,1827.76,0.01169,0.23,1777883421
All Pools,Psychic - BLACK,0.3,False,4.271,468.07,0.01068,0.83,1777883421
All Pools,BLS - USDt,0.3,False,4.177,120.52,0.01044,3.16,1777883421
All Pools,USDT.e - DAI.e,0.3,False,4.034,7315.44,0.01009,0.05,1777883421
All Pools,LINK.e - USDT.e,0.3,False,3.774,234.61,0.00943,1.47,1777883421
All Pools,LUNA - AVAX,0.3,False,3.674,22.56,0.00918,14.86,1777883421
All Pools,Gravity - BLACK,0.3,False,3.551,1074.9,0.00888,0.3,1777883421
All Pools,SVETA - AVAX,0.3,False,3.531,1419.75,0.00883,0.23,1777883421
All Pools,USDC.e - USDT.e,0.3,False,3.506,40258.0,0.00876,0.01,1777883421
All Pools,USV - DAI.e,0.3,False,3.502,4303.43,0.00876,0.07,1777883421
All Pools,LIQR - AVAX,0.3,False,3.413,52137.0,0.00853,0.01,1777883421
All Pools,FollowTheWhiteRabbit - BLACK,0.3,False,3.411,1179.61,0.00853,0.26,1777883421
All Pools,MYST - USDC,0.3,False,3.366,256.9,0.00842,1.2,1777883421
All Pools,SWIFT - USDC.e,0.3,False,3.301,545.45,0.00825,0.55,1777883421
All Pools,REDWOLF - AVAX,0.3,False,3.208,505.05,0.00802,0.58,1777883421
All Pools,ISA - USDC.e,0.3,False,3.161,493.92,0.0079,0.58,1777883421
All Pools,ISA - AVAX,0.3,False,2.998,1483.67,0.0075,0.18,1777883421
All Pools,PNG - JOE,0.3,False,2.939,172.65,0.00735,1.55,1777883421
All Pools,BTC.b - TOPIA,0.3,False,2.935,314.11,0.00734,0.85,1777883421
All Pools,Gravity - AVAX,0.3,False,2.93,342.61,0.00733,0.78,1777883421
All Pools,SWIFT - WETH.e,0.3,False,2.842,1658.56,0.00711,0.16,1777883421
All Pools,Trinity - BLACK,0.3,False,2.833,565.35,0.00708,0.46,1777883421
All Pools,APOW - AVAX,0.3,False,2.827,1087.73,0.00707,0.24,1777883421
All Pools,MIM - USDC.e,0.3,False,2.792,1994.72,0.00698,0.13,1777883421
All Pools,KINGSHIT - AVAX,0.3,False,2.786,5018.75,0.00697,0.05,1777883421
All Pools,Trinity - AVAX,0.3,False,2.783,1042.67,0.00696,0.24,1777883421
All Pools,LINK.e - USDC.e,0.3,False,2.759,195.62,0.0069,1.29,1777883421
All Pools,TINU - AVAX,0.3,False,2.724,1359.32,0.00681,0.18,1777883421
All Pools,WETH - USDC.e,0.3,False,2.627,230.72,0.00657,1.04,1777883421
All Pools,HAREM - AVAX,0.3,False,2.624,143.71,0.00656,1.67,1777883421
All Pools,USDT.e - CLY,0.3,False,2.613,264.43,0.00653,0.9,1777883421
All Pools,AVAX - aXEN,0.3,False,2.503,79.21,0.00626,2.88,1777883421
All Pools,YAK - USDC.e,0.3,False,2.473,221.2,0.00618,1.02,1777883421
All Pools,FollowTheWhiteRabbit - AVAX,0.3,False,2.433,166.1,0.00608,1.34,1777883421
All Pools,pAVAX - AVAX,0.3,False,2.305,1719.72,0.00576,0.12,1777883421
All Pools,USDC - SHRAP,0.3,False,2.283,28.14,0.00571,7.4,1777883421
All Pools,Now - BLACK,0.3,False,2.275,446.13,0.00569,0.47,1777883421
All Pools,WETH.e - USDT.e,0.3,False,2.268,168.26,0.00567,1.23,1777883421
All Pools,LUNA - USDC.e,0.3,False,2.239,329.45,0.0056,0.62,1777883421
All Pools,DPS - AVAX,0.3,False,2.2,223.26,0.0055,0.9,1777883421
All Pools,DPS - USDC,0.3,False,2.199,1940.55,0.0055,0.1,1777883421
All Pools,XAUt0 - Gravity,0.3,False,2.107,402.3,0.00527,0.48,1777883421
All Pools,AVAX - FRAX,0.3,False,2.106,275.84,0.00526,0.7,1777883421
All Pools,AAVE.e - REDWOLF,0.3,False,2.027,163.01,0.00507,1.13,1777883421
All Pools,67 - AVAX,0.3,False,2.022,26.32,0.00505,7.01,1777883421
All Pools,USDC.e - MU,0.3,False,2.001,13457.0,0.005,0.01,1777883421
All Pools,AVAX - TIME,0.3,False,1.973,1227.81,0.00493,0.15,1777883421
All Pools,JOE - USDT,0.3,False,1.973,365.86,0.00493,0.49,1777883421
All Pools,MaryMagdalene - AVAX,0.3,False,1.945,227.34,0.00486,0.78,1777883421
All Pools,BLSEYE🎯 - BEAM,0.3,False,1.904,348.18,0.00476,0.5,1777883421
All Pools,REDWOLF - USDC,0.3,False,1.89,203.55,0.00472,0.85,1777883421
All Pools,AVAX - USDT,0.3,False,1.887,2018.61,0.00472,0.09,1777883421
All Pools,AVAX - APOW,0.3,False,1.883,26058.0,0.00471,0.01,1777883421
All Pools,Now - AVAX,0.3,False,1.879,270.32,0.0047,0.63,1777883421
All Pools,3QF - D - AVAX,0.3,False,1.878,1779.07,0.00469,0.1,1777883421
All Pools,XAUt0 - Now,0.3,False,1.877,718.97,0.00469,0.24,1777883421
All Pools,3QF - D - WETH.e,0.3,False,1.872,3150.24,0.00468,0.05,1777883421
All Pools,USDt - USDT.e,0.3,False,1.836,20392.0,0.00459,0.01,1777883421
All Pools,GENI - AVAX,0.3,False,1.781,74.44,0.00445,2.18,1777883421
All Pools,USDC - SOCK,0.3,False,1.778,490.08,0.00444,0.33,1777883421
All Pools,AVAX - SOCK,0.3,False,1.776,3362.86,0.00444,0.05,1777883421
All Pools,CATWIF - AVAX,0.3,False,1.755,3321.82,0.00439,0.05,1777883421
All Pools,PIZZA - AVAX,0.3,False,1.684,520.37,0.00421,0.3,1777883421
All Pools,TRESR - AVAX,0.3,False,1.657,15021.0,0.00414,0.01,1777883421
All Pools,BEAR - AVAX,0.3,False,1.619,7339.78,0.00405,0.02,1777883421
All Pools,MAGICK - AVAX,0.3,False,1.56,357.37,0.0039,0.4,1777883421
All Pools,FXS - AVAX,0.3,False,1.56,446.93,0.0039,0.32,1777883421
All Pools,MAGICK - USDC,0.3,False,1.559,241.14,0.0039,0.59,1777883421
All Pools,Balln - AVAX,0.3,False,1.519,4301.17,0.0038,0.03,1777883421
All Pools,APOW - USDC,0.3,False,1.466,169.36,0.00366,0.79,1777883421
All Pools,USDC.e - AVVO,0.3,False,1.41,253.27,0.00352,0.51,1777883421
All Pools,WETH.e - ONION,0.3,False,1.393,277.46,0.00348,0.46,1777883421
All Pools,USDT.e - ONION,0.3,False,1.392,777.33,0.00348,0.16,1777883421
All Pools,APOW - USDt,0.3,False,1.364,169.04,0.00341,0.74,1777883421
All Pools,AVAX - SPELL,0.3,False,1.363,2805.71,0.00341,0.04,1777883421
All Pools,AVAX - ONION,0.3,False,1.277,184.46,0.00319,0.63,1777883421
All Pools,HOST - DAI.e,0.3,False,1.271,2610.43,0.00318,0.04,1777883421
All Pools,LF - AVAX,0.3,False,1.248,295.61,0.00312,0.39,1777883421
All Pools,SHOE - AVAX,0.3,False,1.248,672.6,0.00312,0.17,1777883421
All Pools,MIM - LF,0.3,False,1.248,912.85,0.00312,0.12,1777883421
All Pools,SHOE - BTC.b,0.3,False,1.206,854.95,0.00301,0.13,1777883421
All Pools,BLSEYE🎯 - MEOW,0.3,False,1.199,674.84,0.003,0.16,1777883421
All Pools,HUSKY - JOE,0.3,False,1.187,184.9,0.00297,0.59,1777883421
All Pools,AVAX - NaughtiusMaximus,0.3,False,1.183,448.15,0.00296,0.24,1777883421
All Pools,XAUt0 - NaughtiusMaximus,0.3,False,1.155,1061.6,0.00289,0.1,1777883421
All Pools,USDC.e - ONION,0.3,False,1.126,389.39,0.00281,0.26,1777883421
All Pools,AVAX - SHRAP,0.3,False,1.089,17.78,0.00272,5.59,1777883421
All Pools,AVAX - AMI,0.3,False,1.08,545.67,0.0027,0.18,1777883421
All Pools,WBTC.e - ONION,0.3,False,1.076,412.43,0.00269,0.24,1777883421
All Pools,SMRTr - AVAX,0.3,False,1.064,37300.0,0.00266,0.0,1777883421
All Pools,SMRTr - USDC.e,0.3,False,1.059,127.15,0.00265,0.76,1777883421
All Pools,LUNA - AVAX,0.3,False,1.056,145.03,0.00264,0.66,1777883421
All Pools,SWIFT - AVAX,0.3,False,1.052,313.22,0.00263,0.31,1777883421
All Pools,UST - USDT.e,0.3,False,1.015,44.14,0.00254,2.1,1777883421
All Pools,rloop - AVAX,0.3,False,0.99149,6311.31,0.00248,0.01,1777883421
All Pools,LUEEGI - AVAX,0.3,False,0.98903,1602.03,0.00247,0.06,1777883421
All Pools,AVAX - IMPACT2,0.3,False,0.96372,170.49,0.00241,0.52,1777883421
All Pools,ROY - AVAX,0.3,False,0.96256,5010.99,0.00241,0.02,1777883421
All Pools,DAI.e - ONION,0.3,False,0.94706,355.69,0.00237,0.24,1777883421
All Pools,MIM - PEFI,0.3,False,0.93174,205.02,0.00233,0.41,1777883421
All Pools,KIWI - AVAX,0.3,False,0.9247,116.42,0.00231,0.72,1777883421
All Pools,BANKSY - AVAX,0.3,False,0.92257,174.6,0.00231,0.48,1777883421
All Pools,BANKSY - USDT.e,0.3,False,0.92177,1562.16,0.0023,0.05,1777883421
All Pools,KIWI - USDC,0.3,False,0.90602,309.99,0.00227,0.27,1777883421
All Pools,MaryMagdalene - XAUt0,0.3,False,0.90443,1956.12,0.00226,0.04,1777883421
All Pools,WBTC.e - USDT.e,0.3,False,0.89623,173.41,0.00224,0.47,1777883421
All Pools,BLS - SHRAP,0.3,False,0.88247,10.02,0.00221,8.04,1777883421
All Pools,COQ - BLSEYE🎯,0.3,False,0.87227,216.07,0.00218,0.37,1777883421
All Pools,DCAU - USDC,0.3,False,0.86983,151.41,0.00217,0.52,1777883421
All Pools,Trinity - Psychic,0.3,False,0.86937,549.55,0.00217,0.14,1777883421
All Pools,AVAX - $SICKO,0.3,False,0.83496,10.03,0.00209,7.6,1777883421
All Pools,DREGG - AVAX,0.3,False,0.83102,182.05,0.00208,0.42,1777883421
All Pools,DREGG - USDT.e,0.3,False,0.82763,549.2,0.00207,0.14,1777883421
All Pools,ACS - AVAX,0.3,False,0.82047,210.06,0.00205,0.36,1777883421
All Pools,AVAX - MU,0.3,False,0.79962,89.39,0.002,0.82,1777883421
All Pools,FTOMB - AVAX,0.3,False,0.77124,10296.0,0.00193,0.01,1777883421
All Pools,YETI - AVAX,0.3,False,0.75916,946.3,0.0019,0.07,1777883421
All Pools,AVAX - AVVO,0.3,False,0.75633,307.39,0.00189,0.22,1777883421
All Pools,AVAX - ChristMark,0.3,False,0.72406,361.74,0.00181,0.18,1777883421
All Pools,AVAX - KONG,0.3,False,0.69187,7559.8,0.00173,0.01,1777883421
All Pools,AVAX - SMRT,0.3,False,0.68862,2379.2,0.00172,0.03,1777883421
All Pools,LadyMary - AVAX,0.3,False,0.67852,368.67,0.0017,0.17,1777883421
All Pools,USDC - SPT,0.3,False,0.6561,40.84,0.00164,1.47,1777883421
All Pools,CANS - AVAX,0.3,False,0.65259,13.08,0.00163,4.55,1777883421
All Pools,Gladiator - AVAX,0.3,False,0.64876,3.725,0.00162,15.89,1777883421
All Pools,AVAX - ARENA,0.3,False,0.64753,82.01,0.00162,0.72,1777883421
All Pools,GUN - AMI,0.3,False,0.64721,22.47,0.00162,2.63,1777883421
All Pools,USDT.e - SMRT,0.3,False,0.64622,107.63,0.00162,0.55,1777883421
All Pools,FollowTheWhiteRabbit - LuciferMorningstar,0.3,False,0.63467,3654.18,0.00159,0.02,1777883421
All Pools,USDC - GAU,0.3,False,0.6263,12181.0,0.00157,0.0,1777883421
All Pools,USDC - SDOG,0.3,False,0.61889,482.34,0.00155,0.12,1777883421
All Pools,GAINS - AVAX,0.3,False,0.60469,41.1,0.00151,1.34,1777883421
All Pools,AVAX - TheGospelOfMary,0.3,False,0.5969,160.25,0.00149,0.34,1777883421
All Pools,MAXI - DAI.e,0.3,False,0.59689,237.72,0.00149,0.23,1777883421
All Pools,GURS - AVAX,0.3,False,0.59471,7732.58,0.00149,0.01,1777883421
All Pools,Orange - AVAX,0.3,False,0.59197,88.41,0.00148,0.61,1777883421
All Pools,MONEY - AVAX,0.3,False,0.59067,640.26,0.00148,0.08,1777883421
All Pools,STATIK - AVAX,0.3,False,0.58602,44.65,0.00147,1.2,1777883421
All Pools,MM - USDC,0.3,False,0.5814,84.29,0.00145,0.63,1777883421
All Pools,MM - AVAX,0.3,False,0.57714,135.11,0.00144,0.39,1777883421
All Pools,LadyMary - FollowTheWhiteRabbit,0.3,False,0.56163,653.37,0.0014,0.08,1777883421
All Pools,JOE - EXP,0.3,False,0.55437,13492174.0,0.00139,,1777883421
All Pools,XAUt0 - ChristMark,0.3,False,0.55004,699.76,0.00138,0.07,1777883421
All Pools,HOST - AVAX,0.3,False,0.54041,107.52,0.00135,0.46,1777883421
All Pools,Trinity - LuciferMorningstar,0.3,False,0.53756,353297368.0,0.00134,,1777883421
All Pools,KALM - AVAX,0.3,False,0.53599,127.53,0.00134,0.38,1777883421
All Pools,KALM - USDC,0.3,False,0.5358,84.99,0.00134,0.58,1777883421
All Pools,AVAX - PENDLE,0.3,False,0.53102,7810.02,0.00133,0.01,1777883421
All Pools,AMPL - AVAX,0.3,False,0.51174,343.87,0.00128,0.14,1777883421
All Pools,VPND - AVAX,0.3,False,0.49535,25979.0,0.00124,0.0,1777883421
All Pools,HEFE - GAINS,0.3,False,0.49422,5.929,0.00124,7.61,1777883421
All Pools,50 - AVAX,0.3,False,0.4938,76.47,0.00123,0.59,1777883421
All Pools,50 - USDC,0.3,False,0.49357,120.21,0.00123,0.37,1777883421
All Pools,USDt - IMPACT2,0.3,False,0.48883,71.73,0.00122,0.62,1777883421
All Pools,MIM - TIME,0.3,False,0.48092,123.26,0.0012,0.36,1777883421
All Pools,FERT - AVAX,0.3,False,0.4636,810.0,0.00116,0.05,1777883421
All Pools,PTOP900 - TOPIA,0.3,False,0.45979,105.06,0.00115,0.4,1777883421
All Pools,Orange - DivineFeminine,0.3,False,0.45842,1115.4,0.00115,0.04,1777883421
All Pools,USDC.e - WXT,0.3,False,0.4566,292.16,0.00114,0.14,1777883421
All Pools,AVAX - ZUBAX,0.3,False,0.45466,118.04,0.00114,0.35,1777883421
All Pools,Psychic - Now,0.3,False,0.45294,639.94,0.00113,0.06,1777883421
All Pools,PTOP1100 - TOPIA,0.3,False,0.45247,152.79,0.00113,0.27,1777883421
All Pools,BTC.b - oXAUT,0.3,False,0.44915,375.58,0.00112,0.11,1777883421
All Pools,oXAUT - AVAX,0.3,False,0.44906,521.77,0.00112,0.08,1777883421
All Pools,ZUBAX - USDT.e,0.3,False,0.44798,185.47,0.00112,0.22,1777883421
All Pools,BNB - AVAX,0.3,False,0.437,4143.71,0.00109,0.01,1777883421
All Pools,SYMBIOT - AVAX,0.3,False,0.4294,92.66,0.00107,0.42,1777883421
All Pools,USDT - ETH,0.3,False,0.42385,216.58,0.00106,0.18,1777883421
All Pools,SYMBIOT - DAI.e,0.3,False,0.42114,471.65,0.00105,0.08,1777883421
All Pools,BrideOfChrist - AVAX,0.3,False,0.41811,90.01,0.00105,0.42,1777883421
All Pools,BTC.b - SPT,0.3,False,0.41098,39.88,0.00103,0.94,1777883421
All Pools,MaryMagdalene - FollowTheWhiteRabbit,0.3,False,0.40605,207.79,0.00102,0.18,1777883421
All Pools,WETH.e - USDC,0.3,False,0.4054,22.85,0.00101,1.62,1777883421
All Pools,BTC.b - IMPACT2,0.3,False,0.40433,1274.51,0.00101,0.03,1777883421
All Pools,ZRO - USDC,0.3,False,0.4012,5.633,0.001,6.5,1777883421
All Pools,JEWEL - USDC,0.3,False,0.39036,4535.69,,0.01,1777883421
All Pools,MU - DAI.e,0.3,False,0.38968,245.43,,0.14,1777883421
All Pools,gOHM - SB,0.3,False,0.38097,15.73,,2.21,1777883421
All Pools,LINDA - AVAX,0.3,False,0.37187,2103.87,,0.02,1777883421
All Pools,WETH.e - REDWOLF,0.3,False,0.37157,103.09,,0.33,1777883421
All Pools,SOL - USDC,0.3,False,0.36668,24.19,,1.38,1777883421
All Pools,HEFE - CANS,0.3,False,0.36443,4.332,,7.68,1777883421
All Pools,Gladiator - USDC,0.3,False,0.35774,564.41,,0.06,1777883421
All Pools,COQ - JUICE,0.3,False,0.34921,48.51,,0.66,1777883421
All Pools,ABC - AVAX,0.3,False,0.34651,1091.88,,0.03,1777883421
All Pools,APIX - LAMBO,0.3,False,0.34158,566.37,,0.06,1777883421
All Pools,BLUB - AVAX,0.3,False,0.33939,17120.0,,0.0,1777883421
All Pools,Gladiator - AMI,0.3,False,0.33302,372.71,,0.08,1777883421
All Pools,HUSKY - AMI,0.3,False,0.3313,87.09,,0.35,1777883421
All Pools,WETH.e - SURE,0.3,False,0.33066,1107.65,,0.03,1777883421
All Pools,FollowTheWhiteRabbit - TheGospelOfMary,0.3,False,0.31619,158.47,,0.18,1777883421
All Pools,USDC - aXEN,0.3,False,0.31579,9.361,,3.08,1777883421
All Pools,BOI - MU,0.3,False,0.29918,1.354,,20.16,1777883421
All Pools,USDC - CHAM,0.3,False,0.29829,50.0,,0.54,1777883421
All Pools,KIMBO - CANS,0.3,False,0.29561,396.24,,0.07,1777883421
All Pools,Psychic - Meaning,0.3,False,0.29131,316.62,,0.08,1777883421
All Pools,Meaning - AVAX,0.3,False,0.29108,457.7,,0.06,1777883421
All Pools,RUX - AVAX,0.3,False,0.28982,30.28,,0.87,1777883421
All Pools,USDt - RUX,0.3,False,0.2897,15986.0,,0.0,1777883421
All Pools,sAVAX - COQ,0.3,False,0.28367,95.2,,0.27,1777883421
All Pools,USDC.e - SOL,0.3,False,0.27478,41.97,,0.6,1777883421
All Pools,IMPACT2 - EURC,0.3,False,0.27467,47.1,,0.53,1777883421
All Pools,CQK - AVAX,0.3,False,0.2708,133.06,,0.19,1777883421
All Pools,CQK - USDC,0.3,False,0.27064,35.43,,0.7,1777883421
All Pools,USDT.e - MU,0.3,False,0.26655,254.67,,0.1,1777883421
All Pools,CGS - AVAX,0.3,False,0.25966,66.94,,0.35,1777883421
All Pools,CGS - USDC.e,0.3,False,0.25949,159.61,,0.15,1777883421
All Pools,JOE - KRW,0.3,False,0.25334,239.54,,0.1,1777883421
All Pools,KRW - AVAX,0.3,False,0.25319,460.04,,0.05,1777883421
All Pools,BOI - AMI,0.3,False,0.25179,1.16,,19.81,1777883421
All Pools,AftermathsKobe - AVAX,0.3,False,0.25059,297.51,,0.08,1777883421
All Pools,BUSD - USDC,0.3,False,0.25016,7.747,,2.95,1777883421
All Pools,Psychic - AftermathsKobe,0.3,False,0.25005,328.65,,0.07,1777883421
All Pools,miMatic - USDC.e,0.3,False,0.24835,23.46,,0.97,1777883421
All Pools,DivineFeminine - Gravity,0.3,False,0.2483,2349.92,,0.01,1777883421
All Pools,USDC - USD+,0.3,False,0.24814,33.16,,0.68,1777883421
All Pools,USDC - yyAVAX,0.3,False,0.24295,14.28,,1.55,1777883421
All Pools,Psychic - Ducks,0.3,False,0.23321,323.44,,0.07,1777883421
All Pools,Ducks - AVAX,0.3,False,0.23303,292.76,,0.07,1777883421
All Pools,DCAU - MIM,0.3,False,0.23224,311.42,,0.07,1777883421
All Pools,AVAX - WISE,0.3,False,0.23107,79.48,,0.27,1777883421
All Pools,USDC.e - WISE,0.3,False,0.23098,46.32,,0.46,1777883421
All Pools,AVAI - AVAX,0.3,False,0.22787,29.54,,0.7,1777883421
All Pools,AVAX - TOPIA,0.3,False,0.22731,533.2,,0.04,1777883421
All Pools,VEE - USDC,0.3,False,0.22647,32.33,,0.64,1777883421
All Pools,Psychic - Jjj,0.3,False,0.22584,323.84,,0.06,1777883421
All Pools,Jjj - AVAX,0.3,False,0.22576,293.34,,0.07,1777883421
All Pools,MaryMagdalene - TheGospelOfMary,0.3,False,0.22466,272.81,,0.08,1777883421
All Pools,COQ - OX,0.3,False,0.22148,12282.0,,0.0,1777883421
All Pools,TSD - AVAX,0.3,False,0.21912,327.38,,0.06,1777883421
All Pools,MIM - MU,0.3,False,0.21867,253.28,,0.08,1777883421
All Pools,VENG - AVAX,0.3,False,0.21857,60.73,,0.33,1777883421
All Pools,COQ - NOCHILL,0.3,False,0.21506,15.32,,1.28,1777883421
All Pools,FollowTheWhiteRabbit - DivineFeminine,0.3,False,0.21041,682.02,,0.03,1777883421
All Pools,BrideOfChrist - FollowTheWhiteRabbit,0.3,False,0.20682,731.49,,0.03,1777883421
All Pools,Psychic - MeaningOfNumbers,0.3,False,0.20032,323.78,,0.06,1777883421
All Pools,AVAX - MeaningOfNumbers,0.3,False,0.20022,292.98,,0.06,1777883421
All Pools,AVAX - XPOW,0.3,False,0.19829,40.07,,0.45,1777883421
All Pools,USDt - REDWOLF,0.3,False,0.19333,15.0,,1.18,1777883421
All Pools,SURE - DAI.e,0.3,False,0.19308,28.35,,0.62,1777883421
All Pools,AVAX - FORT,0.3,False,0.18893,39.43,,0.44,1777883421
All Pools,MIM - FORT,0.3,False,0.18877,18168.0,,,1777883421
All Pools,AVAX - APOW,0.3,False,0.18569,39.61,,0.43,1777883421
All Pools,AVVO - DAI.e,0.3,False,0.18233,39.87,,0.42,1777883421
All Pools,MaryMagdalene - Gravity,0.3,False,0.18139,133.29,,0.12,1777883421
All Pools,AVAX - ELK,0.3,False,0.17954,70.23,,0.23,1777883421
All Pools,SLUSH - AVAX,0.3,False,0.1756,59.24,,0.27,1777883421
All Pools,DFIAT - AVAX,0.3,False,0.17556,7607.78,,0.0,1777883421
All Pools,- AMI,0.3,False,0.17547,13.2,,1.21,1777883421
All Pools,SLUSH - USDT.e,0.3,False,0.17539,60.3,,0.27,1777883421
All Pools,DFIAT - USDT.e,0.3,False,0.17535,28.38,,0.56,1777883421
All Pools,DéjàVu - Gravity,0.3,False,0.17525,210.37,,0.08,1777883421
All Pools,Xmas - AVAX,0.3,False,0.17465,276.03,,0.06,1777883421
All Pools,Psychic - Xmas,0.3,False,0.17461,304.23,,0.05,1777883421
All Pools,FollowTheWhiteRabbit - Priory,0.3,False,0.17407,929.09,,0.02,1777883421
All Pools,Priory - AVAX,0.3,False,0.17405,77.27,,0.21,1777883421
All Pools,AI - AVAX,0.3,False,0.17369,4391.72,,0.0,1777883421
All Pools,AVAX - CHAM,0.3,False,0.17353,33.0,,0.48,1777883421
All Pools,DivineFeminine - AVAX,0.3,False,0.17288,6.275,,2.51,1777883421
All Pools,AVAX - DUO,0.3,False,0.17174,71.48,,0.22,1777883421
All Pools,USDT.e - DUO,0.3,False,0.17153,57.62,,0.27,1777883421
All Pools,AVAT - USDC,0.3,False,0.17148,40.77,,0.38,1777883421
All Pools,Gold - Now,0.3,False,0.16939,906.65,,0.02,1777883421
All Pools,Gold - AVAX,0.3,False,0.16936,89.11,,0.17,1777883421
All Pools,AVAX - MILO,0.3,False,0.16623,1155.26,,0.01,1777883421
All Pools,USDt - MILO,0.3,False,0.16615,17.16,,0.88,1777883421
All Pools,TOPIA - PTOP800,0.3,False,0.16519,148.49,,0.1,1777883421
All Pools,Chemistry - AVAX,0.3,False,0.16337,89.68,,0.17,1777883421
All Pools,LUNA - LUNA,0.3,False,0.16299,2.531,,5.88,1777883421
All Pools,BrideOfChrist - BLACK,0.3,False,0.16229,33.27,,0.45,1777883421
All Pools,HEFE - AMI,0.3,False,0.1613,1.783,,8.25,1777883421
All Pools,PTOP1000 - TOPIA,0.3,False,0.16114,103.58,,0.14,1777883421
All Pools,Trinity - Gravity,0.3,False,0.15626,2482.38,,0.01,1777883421
All Pools,YEEHAW - BTC.b,0.3,False,0.15538,129.77,,0.11,1777883421
All Pools,USDT.e - ZABU,0.3,False,0.15015,48.47,,0.28,1777883421
All Pools,AVAX - Prometheus,0.3,False,0.1498,286.3,,0.05,1777883421
All Pools,Psychic - Prometheus,0.3,False,0.14978,314.92,,0.04,1777883421
All Pools,MaryMagdalene - BrideOfChrist,0.3,False,0.14676,120.7,,0.11,1777883421
All Pools,LINK.e - REDWOLF,0.3,False,0.14655,81.67,,0.16,1777883421
All Pools,wsOHM - AVAX,0.3,False,0.14483,22.3,,0.59,1777883421
All Pools,$Crazy - AVAX,0.3,False,0.14483,1014.22,,0.01,1777883421
All Pools,Chemistry - Now,0.3,False,0.14346,911.31,,0.01,1777883421
All Pools,AVAX - SPT,0.3,False,0.14308,16.53,,0.79,1777883421
All Pools,AVAX - LuciferMorningstar,0.3,False,0.14281,14.68,,0.89,1777883421
All Pools,SURE - USDC.e,0.3,False,0.14014,23.83,,0.54,1777883421
All Pools,Matter - AVAX,0.3,False,0.13359,80.89,,0.15,1777883421
All Pools,Orange - Matter,0.3,False,0.13329,9059.83,,0.0,1777883421
All Pools,YEEHAW - AVAX,0.3,False,0.13201,32.28,,0.37,1777883421
All Pools,MIM - wsOHM,0.3,False,0.13012,1103.77,,0.01,1777883421
All Pools,SUB - USDC,0.3,False,0.1293,13.48,,0.88,1777883421
All Pools,WLRS - USDC.e,0.3,False,0.12838,4539.38,,0.0,1777883421
All Pools,USDC - BVAX,0.3,False,0.12577,31.05,,0.37,1777883421
All Pools,GLOBA - AVAX,0.3,False,0.12557,51.8,,0.22,1777883421
All Pools,PAPA - AVAX,0.3,False,0.12506,30.87,,0.37,1777883421
All Pools,MIM - PAPA,0.3,False,0.12494,415.68,,0.03,1777883421
All Pools,Hopi - AVAX,0.3,False,0.12352,218.0,,0.05,1777883421
All Pools,Hopi - Now,0.3,False,0.12345,721.81,,0.02,1777883421
All Pools,METAG - AVAX,0.3,False,0.12277,24.58,,0.46,1777883421
All Pools,ElvisJackpot - BLACK,0.3,False,0.12213,17.77,,0.63,1777883421
All Pools,USDt - DXN,0.3,False,0.12067,215.92,,0.05,1777883421
All Pools,YETI - AVAX,0.3,False,0.12008,3315.14,,0.0,1777883421
All Pools,GLOBA - DAI.e,0.3,False,0.12005,52.79,,0.21,1777883421
All Pools,AVAX - ZABU,0.3,False,0.11877,30.5,,0.36,1777883421
All Pools,NOCHILL - KET,0.3,False,0.11863,16.55,,0.65,1777883421
All Pools,RoselineBloodline - AVAX,0.3,False,0.11798,44.31,,0.24,1777883421
All Pools,MIM - USDC,0.3,False,0.11711,76.7,,0.14,1777883421
All Pools,AVAT - AVAX,0.3,False,0.11653,21.7,,0.49,1777883421
All Pools,AVAX - SDOG,0.3,False,0.1154,10.2,,1.03,1777883421
All Pools,Beyond - AVAX,0.3,False,0.114,90.06,,0.12,1777883421
All Pools,Beyond - Orange,0.3,False,0.11378,4470.57,,0.0,1777883421
All Pools,WBTC.e - REDWOLF,0.3,False,0.11203,59.47,,0.17,1777883421
All Pools,REDWOLF - SOL,0.3,False,0.11161,75.24,,0.14,1777883421
All Pools,USDt - XPOW,0.3,False,0.11138,20.23,,0.5,1777883421
All Pools,miMatic - AVAX,0.3,False,0.11065,37.2,,0.27,1777883421
All Pools,Solar - AVAX,0.3,False,0.10994,89.88,,0.11,1777883421
All Pools,Solar - Now,0.3,False,0.10987,914.49,,0.01,1777883421
All Pools,VELAI - AVAX,0.3,False,0.10813,0.32589,,30.28,1777883421
All Pools,RPEPE - AVAX,0.3,False,0.10797,6355.19,,0.0,1777883421
All Pools,Psychic - DéjàVu,0.3,False,0.1071,199.12,,0.05,1777883421
All Pools,Psychic - CommieSukey,0.3,False,0.10605,323.77,,0.03,1777883421
All Pools,CommieSukey - AVAX,0.3,False,0.10604,293.93,,0.03,1777883421
All Pools,WarpSpeed - AVAX,0.3,False,0.10421,138.55,,0.07,1777883421
All Pools,Gravity - WarpSpeed,0.3,False,0.10419,84.77,,0.11,1777883421
All Pools,USDC - APOW,0.3,False,0.10336,20.19,,0.47,1777883421
All Pools,XAUt0 - ElvisJackpot,0.3,False,0.10152,330.68,,0.03,1777883421
All Pools,MELT - AVAX,0.3,False,0.10147,25.12,,0.37,1777883421
All Pools,UST - USDC,0.3,False,0.10104,4.511,,2.04,1777883421
All Pools,TOMB - USDC,0.3,False,0.09815,10.74,,0.83,1777883421
All Pools,Christmas - Merovingian,0.3,False,0.09712,118.19,,0.07,1777883421
All Pools,Christmas - AVAX,0.3,False,0.09709,251.04,,0.04,1777883421
All Pools,Now - Merovingian,0.3,False,0.09665,70.32,,0.13,1777883421
All Pools,TrumpTower - AVAX,0.3,False,0.09599,159.2,,0.06,1777883421
All Pools,TrumpTower - Gravity,0.3,False,0.09598,75.88,,0.12,1777883421
All Pools,JPYC - USDC.e,0.3,False,0.09463,4.798,,1.8,1777883421
All Pools,Trinity - LadyMary,0.3,False,0.09006,11267.0,,,1777883421
All Pools,UNI.e - REDWOLF,0.3,False,0.08945,9.725,,0.84,1777883421
All Pools,MIM - GRAPE,0.3,False,0.08861,2410.73,,0.0,1777883421
All Pools,WLRS - GRAPE,0.3,False,0.08859,78.83,,0.1,1777883421
All Pools,USDC - XPOW,0.3,False,0.0868,20.26,,0.39,1777883421
All Pools,AVAX - GAU,0.3,False,0.08577,9.173,,0.85,1777883421
All Pools,HUSKY - MUG,0.3,False,0.08522,24.52,,0.32,1777883421
All Pools,AVAX - BLANC,0.3,False,0.08261,22.06,,0.34,1777883421
All Pools,MIM - BLANC,0.3,False,0.08253,8435.78,,,1777883421
All Pools,USDt - APOW,0.3,False,0.08224,20.21,,0.37,1777883421
All Pools,PTOP1300 - TOPIA,0.3,False,0.08188,98.08,,0.08,1777883421
All Pools,FLAKE - AVAX,0.3,False,0.08092,21.54,,0.34,1777883421
All Pools,FLAKE - USDT.e,0.3,False,0.08082,51.04,,0.14,1777883421
All Pools,METAG - USDt,0.3,False,0.08019,16.18,,0.45,1777883421
All Pools,COQ - BOOTY,0.3,False,0.07986,10.56,,0.69,1777883421
All Pools,LIBRE - USDC.e,0.3,False,0.07868,15.03,,0.48,1777883421
All Pools,Psychic - BlackAndGold,0.3,False,0.07765,323.19,,0.02,1777883421
All Pools,AVAX - BlackAndGold,0.3,False,0.07762,294.46,,0.02,1777883421
All Pools,BTC.b - REDWOLF,0.3,False,0.07744,120.35,,0.06,1777883421
All Pools,TECH - OX,0.3,False,0.07656,4907.46,,0.0,1777883421
All Pools,USDT.e - XAVA,0.3,False,0.07555,11.25,,0.61,1777883421
All Pools,WINK - NOCHILL,0.3,False,0.07526,0.91008,,7.55,1777883421
All Pools,MAJIN - MU,0.3,False,0.07453,4.496,,1.51,1777883421
All Pools,ALOT - USDC.e,0.3,False,0.07447,9.273,,0.73,1777883421
All Pools,AVAX - STRAW,0.3,False,0.07424,15.9,,0.43,1777883421
All Pools,HEFE - HIGHER,0.3,False,0.07378,0.8936,,7.53,1777883421
All Pools,Blue - AVAX,0.3,False,0.07372,263.17,,0.03,1777883421
All Pools,TruthClosure - BLACK,0.3,False,0.07212,25.89,,0.25,1777883421
All Pools,DAI.e - STRAW,0.3,False,0.07095,34.47,,0.19,1777883421
All Pools,MAJIN - REDWOLF,0.3,False,0.0702,7.171,,0.89,1777883421
All Pools,Psychic - Stolen,0.3,False,0.06993,86.32,,0.07,1777883421
All Pools,AVAX - BLACK,0.3,False,0.06977,6.074,,1.05,1777883421
All Pools,Gil - AVAX,0.3,False,0.06934,17.3,,0.37,1777883421
All Pools,AVAX - Nala,0.3,False,0.0691,25.79,,0.24,1777883421
All Pools,HIGHER - AVAX,0.3,False,0.06862,1.865,,3.36,1777883421
All Pools,Mungo - AVAX,0.3,False,0.06843,41.34,,0.15,1777883421
All Pools,DéjàVu - Mungo,0.3,False,0.06835,184.23,,0.03,1777883421
All Pools,BTC.b - USDC,0.3,False,0.06767,4.697,,1.31,1777883421
All Pools,YEEHAW - USDC,0.3,False,0.06757,12.86,,0.48,1777883421
All Pools,Gil - DAI.e,0.3,False,0.06626,28.69,,0.21,1777883421
All Pools,SOB - LUNA,0.3,False,0.06387,1.34,,4.35,1777883421
All Pools,SLIME - AVAX,0.3,False,0.06306,21966.0,,,1777883421
All Pools,SLIME - USDt,0.3,False,0.06301,7.438,,0.77,1777883421
All Pools,FollowTheWhiteRabbit - RoselineBloodline,0.3,False,0.06214,41.36,,0.14,1777883421
All Pools,Light - AVAX,0.3,False,0.06184,90.03,,0.06,1777883421
All Pools,FITFI - USDC,0.3,False,0.06181,0.44619,,12.64,1777883421
All Pools,USDC - AMI,0.3,False,0.06178,0.67131,,8.4,1777883421
All Pools,Light - Now,0.3,False,0.0617,916.04,,0.01,1777883421
All Pools,GAS - AVAX,0.3,False,0.0593,232.96,,0.02,1777883421
All Pools,JOE - ZABU,0.3,False,0.05913,18.65,,0.29,1777883421
All Pools,REDWOLF - SHRAP,0.3,False,0.05913,1.15,,4.69,1777883421
All Pools,Gravity - TheGospelOfMary,0.3,False,0.05701,34.38,,0.15,1777883421
All Pools,AVAX - NEMO,0.3,False,0.05659,7.847,,0.66,1777883421
All Pools,USDt - NEMO,0.3,False,0.05655,97.15,,0.05,1777883421
All Pools,AVAX - SNOB,0.3,False,0.05619,968.5,,0.01,1777883421
All Pools,Go - AVAX,0.3,False,0.05618,140.13,,0.04,1777883421
All Pools,MaryMagdalene - RoselineBloodline,0.3,False,0.05595,46.66,,0.11,1777883421
All Pools,Chrism - ChristMark,0.3,False,0.05587,181.85,,0.03,1777883421
All Pools,CNR - USDt,0.3,False,0.05521,4.871,,1.03,1777883421
All Pools,BANKSY - AVAX,0.3,False,0.05509,23.63,,0.21,1777883421
All Pools,BANKSY - USDC.e,0.3,False,0.05503,31.61,,0.16,1777883421
All Pools,Gravity - NaughtiusMaximus,0.3,False,0.05498,5.077,,0.99,1777883421
All Pools,MELT - USDC.e,0.3,False,0.05469,31.38,,0.16,1777883421
All Pools,HEFE - Always,0.3,False,0.05398,0.87135,,5.65,1777883421
All Pools,Anon - AVAX,0.3,False,0.0539,14.11,,0.35,1777883421
All Pools,wsOHM - USDC.e,0.3,False,0.05364,42.63,,0.11,1777883421
All Pools,Stolen - AVAX,0.3,False,0.05342,17.71,,0.28,1777883421
All Pools,Psychic - Blue,0.3,False,0.05295,82.73,,0.06,1777883421
All Pools,AMI - JUICY,0.3,False,0.05198,0.92604,,5.12,1777883421
All Pools,Sanskrit - AVAX,0.3,False,0.05151,90.14,,0.05,1777883421
All Pools,Sanskrit - Now,0.3,False,0.0514,917.25,,0.01,1777883421
All Pools,MIM - DAI.e,0.3,False,0.05118,52.18,,0.09,1777883421
All Pools,AVAX - Mentor,0.3,False,0.0494,89.74,,0.05,1777883421
All Pools,Now - Mentor,0.3,False,0.04934,913.63,,0.0,1777883421
All Pools,TruthClosure - AVAX,0.3,False,0.04899,11.62,,0.38,1777883421
All Pools,bECH - AVAX,0.3,False,0.0486,21.9,,0.2,1777883421
All Pools,CNR - USDC,0.3,False,0.04721,4.849,,0.89,1777883421
All Pools,Silver - AVAX,0.3,False,0.04712,88.59,,0.05,1777883421
All Pools,Silver - Now,0.3,False,0.04703,917.66,,0.0,1777883421
All Pools,MELT - USDT.e,0.3,False,0.04668,31.04,,0.14,1777883421
All Pools,WINK - MU,0.3,False,0.04664,0.47563,,8.95,1777883421
All Pools,MIM - SPELL,0.3,False,0.04614,7.655,,0.55,1777883421
All Pools,LoveIsTheKey - AVAX,0.3,False,0.04608,15.04,,0.28,1777883421
All Pools,MIM - AUSD,0.3,False,0.04508,35.33,,0.12,1777883421
All Pools,AVAX - All,0.3,False,0.04472,294.77,,0.01,1777883421
All Pools,Psychic - All,0.3,False,0.04464,323.32,,0.01,1777883421
All Pools,Trinity - Nala,0.3,False,0.04388,40.99,,0.1,1777883421
All Pools,Psychic - Chrism,0.3,False,0.04345,64.56,,0.06,1777883421
All Pools,NOCHILL - AMI,0.3,False,0.04281,6.086,,0.64,1777883421
All Pools,AVAX - SantaGospel,0.3,False,0.0428,134.38,,0.03,1777883421
All Pools,COQ - AMI,0.3,False,0.04261,14.24,,0.27,1777883421
All Pools,METAG - USDT.e,0.3,False,0.04246,49.63,,0.08,1777883421
All Pools,Apollyon - AVAX,0.3,False,0.04211,36.58,,0.11,1777883421
All Pools,Apollyon - LuciferMorningstar,0.3,False,0.04206,235196665.0,,,1777883421
All Pools,UST - UST,0.3,False,0.04153,1.903,,1.99,1777883421
All Pools,BTC.b - MU,0.3,False,0.04147,11.39,,0.33,1777883421
All Pools,wMEMO - MIM,0.3,False,0.04138,20.78,,0.18,1777883421
All Pools,Trinity - Stolen,0.3,False,0.04098,29.81,,0.13,1777883421
All Pools,Yellow - AVAX,0.3,False,0.04052,265.39,,0.01,1777883421
All Pools,wMEMO - AVAX,0.3,False,0.04042,13.91,,0.27,1777883421
All Pools,WETH.e - yyAVAX,0.3,False,0.04034,19.49,,0.19,1777883421
All Pools,gOHM - wsOHM,0.3,False,0.04012,38.37,,0.1,1777883421
All Pools,COQ - JUICY,0.3,False,0.03994,0.7105,,5.13,1777883421
All Pools,Who - AVAX,0.3,False,0.0397,139.91,,0.03,1777883421
All Pools,GG - AVAX,0.3,False,0.03951,12.49,,0.29,1777883421
All Pools,MIM - GG,0.3,False,0.03945,23.59,,0.15,1777883421
All Pools,DUO - USDT.e,0.3,False,0.03915,7.378,,0.48,1777883421
All Pools,WDAO - AVAX,0.3,False,0.03897,19.88,,0.18,1777883421
All Pools,AVAX - Strength,0.3,False,0.03897,141.1,,0.03,1777883421
All Pools,WDAO - MIM,0.3,False,0.03893,23.64,,0.15,1777883421
All Pools,LoveYou - Gravity,0.3,False,0.03873,57.31,,0.06,1777883421
All Pools,LoveYou - AVAX,0.3,False,0.03873,61.88,,0.06,1777883421
All Pools,AVAX - LYLY,0.3,False,0.03848,72.93,,0.05,1777883421
All Pools,Necromancer - AVAX,0.3,False,0.03845,90.01,,0.04,1777883421
All Pools,QI - LYLY,0.3,False,0.03839,2.72,,1.29,1777883421
All Pools,Now - Necromancer,0.3,False,0.03837,915.97,,0.0,1777883421
All Pools,USDC - WSPP,0.3,False,0.03836,44.13,,0.08,1777883421
All Pools,WBTC.e - USDC.e,0.3,False,0.03809,9.001,,0.39,1777883421
All Pools,USDC - MXNB,0.3,False,0.03766,27.43,,0.13,1777883421
All Pools,RUGPULL - MUG,0.3,False,0.03764,185.53,,0.02,1777883421
All Pools,FollowTheWhiteRabbit - StatueOfLiberty,0.3,False,0.03761,509.47,,0.01,1777883421
All Pools,StatueOfLiberty - AVAX,0.3,False,0.0376,14.77,,0.23,1777883421
All Pools,JOE - ZUBAX,0.3,False,0.03758,9.17,,0.37,1777883421
All Pools,AMI - TOPIA,0.3,False,0.03758,226.1,,0.02,1777883421
All Pools,BNZ - WINK,0.3,False,0.03734,0.43696,,7.8,1777883421
All Pools,LINK.e - MU,0.3,False,0.03713,7.471,,0.45,1777883421
All Pools,BENIS - NOCHILL,0.3,False,0.03689,4.921,,0.68,1777883421
All Pools,Gravity - ChristMark,0.3,False,0.0363,15.63,,0.21,1777883421
All Pools,Void - AVAX,0.3,False,0.0361,88.35,,0.04,1777883421
All Pools,Void - Now,0.3,False,0.03603,919.12,,0.0,1777883421
All Pools,Four - AVAX,0.3,False,0.03542,74.67,,0.04,1777883421
All Pools,Yellow - BLACK,0.3,False,0.03537,4.841,,0.67,1777883421
All Pools,Hydrogen - AVAX,0.3,False,0.0351,263.12,,0.01,1777883421
All Pools,Psychic - ArniStitch,0.3,False,0.03501,317.72,,0.01,1777883421
All Pools,AVAX - TMT,0.3,False,0.035,7.186,,0.44,1777883421
All Pools,NineHundred - AVAX,0.3,False,0.03496,140.6,,0.02,1777883421
All Pools,ArniStitch - AVAX,0.3,False,0.03495,287.57,,0.01,1777883421
All Pools,USDT.e - TMT,0.3,False,0.03495,26.25,,0.12,1777883421
All Pools,AVAX - GG,0.3,False,0.03466,9.55,,0.33,1777883421
All Pools,MIM - GG,0.3,False,0.0346,294.41,,0.01,1777883421
All Pools,DrainTheSwamp - AVAX,0.3,False,0.03457,37.65,,0.08,1777883421
All Pools,FITFI - USDC.e,0.3,False,0.03453,0.24023,,13.12,1777883421
All Pools,meGNX - AVAX,0.3,False,0.03416,17.63,,0.18,1777883421
All Pools,Chrism - BLACK,0.3,False,0.03389,2.388,,1.3,1777883421
All Pools,AVAX - MUG,0.3,False,0.03365,355.44,,0.01,1777883421
All Pools,Blue - BLACK,0.3,False,0.03305,4.859,,0.62,1777883421
All Pools,Who - BLACK,0.3,False,0.03296,4.806,,0.63,1777883421
All Pools,MPL - AVAX,0.3,False,0.03257,6.207,,0.48,1777883421
All Pools,MPL - USDt,0.3,False,0.03255,30.82,,0.1,1777883421
All Pools,Hydrogen - BLACK,0.3,False,0.03253,4.855,,0.61,1777883421
All Pools,SMRT - XAVA,0.3,False,0.03242,2.893,,1.02,1777883421
All Pools,LoveIsTheKey - BLACK,0.3,False,0.03218,7.938,,0.37,1777883421
All Pools,Stolen - BLACK,0.3,False,0.03202,5.407,,0.54,1777883421
All Pools,Go - BLACK,0.3,False,0.03195,4.804,,0.61,1777883421
All Pools,GOOD - GAINS,0.3,False,0.03192,3.788,,0.77,1777883421
All Pools,GOOD - AVAX,0.3,False,0.03177,153.42,,0.02,1777883421
All Pools,AVAX - ETH,0.3,False,0.03163,16.7,,0.17,1777883421
All Pools,NineHundred - BLACK,0.3,False,0.03143,4.834,,0.59,1777883421
All Pools,Strength - BLACK,0.3,False,0.03105,4.81,,0.59,1777883421
All Pools,OH - AVAX,0.3,False,0.03079,94.52,,0.03,1777883421
All Pools,AVAX - WOLF,0.3,False,0.03039,75.23,,0.04,1777883421
All Pools,USDC.e - WOLF,0.3,False,0.03036,8.889,,0.31,1777883421
All Pools,SURE - AVAX,0.3,False,0.02976,7.248,,0.37,1777883421
All Pools,USDR - USDC,0.3,False,0.02975,41.03,,0.07,1777883421
All Pools,ELE - AVAX,0.3,False,0.02903,125.42,,0.02,1777883421
All Pools,LIRA - AVAX,0.3,False,0.02893,13.19,,0.2,1777883421
All Pools,MELT - AVAX,0.3,False,0.0288,1153.86,,0.0,1777883421
All Pools,MELT - USDC.e,0.3,False,0.02877,7.122,,0.37,1777883421
All Pools,AVAX - Propriety,0.3,False,0.02874,89.9,,0.03,1777883421
All Pools,Now - Propriety,0.3,False,0.02869,916.68,,0.0,1777883421
All Pools,NaughtiusMaximus - Seventeen,0.3,False,0.02793,856.47,,0.0,1777883421
All Pools,BLACK - SantaGospel,0.3,False,0.02785,4.79,,0.53,1777883421
All Pools,MaryMagdalene - LadyMary,0.3,False,0.02765,17.49,,0.14,1777883421
All Pools,AVAX - √Root,0.3,False,0.02762,90.09,,0.03,1777883421
All Pools,Now - √Root,0.3,False,0.02757,916.6,,0.0,1777883421
All Pools,AVAX - NADO,0.3,False,0.02694,7.849,,0.31,1777883421
All Pools,AVAX - WSPP,0.3,False,0.02692,3.003,,0.82,1777883421
All Pools,MIM - NADO,0.3,False,0.0269,1172.28,,0.0,1777883421
All Pools,USDC - LODE,0.3,False,0.02689,881.47,,0.0,1777883421
All Pools,QI - REDWOLF,0.3,False,0.02628,1.571,,1.53,1777883421
All Pools,KrisKringle - Gravity,0.3,False,0.02626,78.09,,0.03,1777883421
All Pools,KrisKringle - AVAX,0.3,False,0.02625,26.16,,0.09,1777883421
All Pools,Trinity - Sinterklaas,0.3,False,0.02607,26.13,,0.09,1777883421
All Pools,AVAX - Sinterklaas,0.3,False,0.02607,139.77,,0.02,1777883421
All Pools,LIFE - AVAX,0.3,False,0.02596,7.329,,0.32,1777883421
All Pools,MIM - LIFE,0.3,False,0.02591,67.52,,0.04,1777883421
All Pools,AVAX - IMPACT,0.3,False,0.02572,6.319,,0.37,1777883421
All Pools,ICUBE - AVAX,0.3,False,0.02571,6.436,,0.36,1777883421
All Pools,ICUBE - USDT.e,0.3,False,0.02566,108.96,,0.02,1777883421
All Pools,KLO - USDT.e,0.3,False,0.0256,5.679,,0.41,1777883421
All Pools,Orange - BLACK,0.3,False,0.02552,4.119,,0.57,1777883421
All Pools,Psychic - Nala,0.3,False,0.02528,271.27,,0.01,1777883421
All Pools,Gravity - HustleTappers,0.3,False,0.02526,24.13,,0.1,1777883421
All Pools,AVAX - HustleTappers,0.3,False,0.02525,55.61,,0.04,1777883421
All Pools,ORNG - JUICE,0.3,False,0.02513,2.73,,0.84,1777883421
All Pools,wALGO - AVAX,0.3,False,0.02499,164.2,,0.01,1777883421
All Pools,wALGO - USDC,0.3,False,0.02495,2.849,,0.8,1777883421
All Pools,AVAX - EROL,0.0,False,0.02487,74.65,0.0,0.0,1777883421
All Pools,Psychic - Go,0.3,False,0.02428,74.28,,0.03,1777883421
All Pools,SOB - AVAX,0.3,False,0.02392,557.74,,0.0,1777883421
All Pools,AVAX - Ouroboros,0.3,False,0.02387,21.74,,0.1,1777883421
All Pools,Psychic - Yellow,0.3,False,0.02382,83.33,,0.03,1777883421
All Pools,WhollySphere - Gravity,0.3,False,0.02358,23.01,,0.09,1777883421
All Pools,WhollySphere - AVAX,0.3,False,0.02357,50.82,,0.04,1777883421
All Pools,Gravity - McdonaldTrouped,0.3,False,0.02344,22.99,,0.09,1777883421
All Pools,McdonaldTrouped - AVAX,0.3,False,0.02343,50.75,,0.04,1777883421
All Pools,AVAX - GOT,0.3,False,0.02327,5.32,,0.4,1777883421
All Pools,USDT.e - GOT,0.3,False,0.02324,12.96,,0.16,1777883421
All Pools,SBR - AVAX,0.3,False,0.02324,7.398,,0.29,1777883421
All Pools,MIM - SBR,0.3,False,0.0232,40.03,,0.05,1777883421
All Pools,Wingdings - Gravity,0.3,False,0.02318,21.98,,0.1,1777883421
All Pools,Wingdings - AVAX,0.3,False,0.02318,50.89,,0.04,1777883421
All Pools,FollowTheWhiteRabbit - TruthClosure,0.3,False,0.02314,45.7,,0.05,1777883421
All Pools,AVAX - Teste,0.3,False,0.02274,89.22,,0.02,1777883421
All Pools,AAVE.e - meGNX,0.3,False,0.02271,4.063,,0.51,1777883421
All Pools,Now - Teste,0.3,False,0.0227,919.43,,0.0,1777883421
All Pools,DrainTheSwamp - Gravity,0.3,False,0.02254,22.67,,0.09,1777883421
All Pools,USDC.e - RUG,0.3,False,0.02228,25.23,,0.08,1777883421
All Pools,BTC.b - GMX,0.3,False,0.02206,1.565,,1.29,1777883421
All Pools,GRELF[ava] - AVAX,0.3,False,0.02171,1157.75,,0.0,1777883421
All Pools,GURS - ARENA,0.3,False,0.02171,7.492,,0.26,1777883421
All Pools,Psychic - Who,0.3,False,0.0217,74.88,,0.03,1777883421
All Pools,HIGHER - AMI,0.3,False,0.02147,3.317,,0.59,1777883421
All Pools,NOCHILL - REDWOLF,0.3,False,0.02092,3.513,,0.54,1777883421
All Pools,AVAX - Always,0.3,False,0.0208,0.59459,,3.19,1777883421
All Pools,JOE - QI,0.3,False,0.02047,0.94017,,1.99,1777883421
All Pools,Psychic - NeatestQuackery,0.3,False,0.02046,318.56,,0.01,1777883421
All Pools,NeatestQuackery - AVAX,0.3,False,0.02043,287.96,,0.01,1777883421
All Pools,CodexKennyMin - AVAX,0.3,False,0.02023,25.04,,0.07,1777883421
All Pools,CodexKennyMin - FollowTheWhiteRabbit,0.3,False,0.02023,21.88,,0.08,1777883421
All Pools,GMX - USDC,0.3,False,0.02005,0.90858,,2.01,1777883421
All Pools,AVAX - SwiftTaylor,0.3,False,0.01992,14.7,,0.12,1777883421
All Pools,CNR - AVAX,0.3,False,0.01989,61.97,,0.03,1777883421
All Pools,FatherChristmas - AVAX,0.3,False,0.01983,53.7,,0.03,1777883421
All Pools,FatherChristmas - Gravity,0.3,False,0.01979,21.93,,0.08,1777883421
All Pools,Satoshi - Gravity,0.3,False,0.01975,55.19,,0.03,1777883421
All Pools,Satoshi - AVAX,0.3,False,0.01974,19.15,,0.09,1777883421
All Pools,MUMO - USDC,0.3,False,0.01967,8.281,,0.22,1777883421
All Pools,Gravity - Vaccinations,0.3,False,0.01963,61.97,,0.03,1777883421
All Pools,AVAX - Vaccinations,0.3,False,0.01963,18.4,,0.1,1777883421
All Pools,Gravity - Nakamoto,0.3,False,0.01954,62.13,,0.03,1777883421
All Pools,Nakamoto - AVAX,0.3,False,0.01954,18.41,,0.1,1777883421
All Pools,ZUM - NOCHILL,0.3,False,0.01945,1.257,,1.41,1777883421
All Pools,AVAX - SPADE,0.3,False,0.01919,6.143,,0.29,1777883421
All Pools,USDC.e - SPADE,0.3,False,0.01917,16.34,,0.11,1777883421
All Pools,MerryChristmas - Gravity,0.3,False,0.01913,62.18,,0.03,1777883421
All Pools,MerryChristmas - AVAX,0.3,False,0.01913,18.44,,0.09,1777883421
All Pools,BTC.b - MUMO,0.3,False,0.0191,4.843,,0.36,1777883421
All Pools,XIO - AVAX,0.3,False,0.01898,2.828,,0.61,1777883421
All Pools,XIO - USDC,0.3,False,0.01895,24.55,,0.07,1777883421
All Pools,AVAX - BOREA,0.3,False,0.01872,6.751,,0.25,1777883421
All Pools,QI - USDC.e,0.3,False,0.0187,0.80533,,2.12,1777883421
All Pools,USDT.e - BOREA,0.3,False,0.01869,26.7,,0.06,1777883421
All Pools,PNG - REDWOLF,0.3,False,0.01824,4.276,,0.39,1777883421
All Pools,KIWI - USDt,0.3,False,0.01819,20.42,,0.08,1777883421
All Pools,RUG - USDT.e,0.3,False,0.01806,14.96,,0.11,1777883421
All Pools,ACS - USDC.e,0.3,False,0.01792,5.364,,0.3,1777883421
All Pools,Four - Found,0.3,False,0.01773,1847.7,,,1777883421
All Pools,Milk - AVAX,0.3,False,0.01753,6.725,,0.24,1777883421
All Pools,Milk - USDT.e,0.3,False,0.01749,14.59,,0.11,1777883421
All Pools,ILoveYouWordSpell - AVAX,0.3,False,0.01745,18.28,,0.09,1777883421
All Pools,ILoveYouWordSpell - Gravity,0.3,False,0.01744,102.48,,0.02,1777883421
All Pools,SodomAndGomorrah - AVAX,0.3,False,0.01741,19.28,,0.08,1777883421
All Pools,Trinity - SodomAndGomorrah,0.3,False,0.0174,22.69,,0.07,1777883421
All Pools,Psychic - NineHundred,0.3,False,0.01735,74.26,,0.02,1777883421
All Pools,WalkTheWalkNowJesus - Gravity,0.3,False,0.01719,25.49,,0.06,1777883421
All Pools,WalkTheWalkNowJesus - AVAX,0.3,False,0.01719,24.87,,0.06,1777883421
All Pools,COQ - MU,0.3,False,0.01711,4.579,,0.34,1777883421
All Pools,USDt - IMPACT,0.3,False,0.01707,3.373,,0.46,1777883421
All Pools,Psychic - Hydrogen,0.3,False,0.0165,83.07,,0.02,1777883421
All Pools,AVAX - LookingGlass,0.3,False,0.01639,16.28,,0.09,1777883421
All Pools,Gravity - LookingGlass,0.3,False,0.01635,184.87,,0.01,1777883421
All Pools,REDWOLF - ODDZ,0.3,False,0.0162,1.54,,0.96,1777883421
All Pools,Trinity - FourFourFour,0.3,False,0.01607,4.971,,0.29,1777883421
All Pools,3ULL - AVAX,0.3,False,0.01604,47.95,,0.03,1777883421
All Pools,WOLF - AVAX,0.3,False,0.01578,43570.0,,,1777883421
All Pools,USDT.e - AVVO,0.3,False,0.01577,4.071,,0.35,1777883421
All Pools,WETH.e - MU,0.3,False,0.01568,2.069,,0.69,1777883421
All Pools,Trinity - Yeshua,0.3,False,0.01563,34.61,,0.04,1777883421
All Pools,AVAX - Yeshua,0.3,False,0.01562,29.43,,0.05,1777883421
All Pools,AVAX - BAVA,0.3,False,0.01543,11.55,,0.12,1777883421
All Pools,WOLF - MU,0.3,False,0.01522,5.184,,0.27,1777883421
All Pools,MU - COQAI,0.3,False,0.01521,6.592,,0.21,1777883421
All Pools,Psychic - SantaGospel,0.3,False,0.01498,74.26,,0.02,1777883421
All Pools,WETH.e - USDR,0.3,False,0.01485,2.811,,0.48,1777883421
All Pools,GAINS - COQ,0.3,False,0.01472,2.039,,0.66,1777883421
All Pools,GAINS - BOBS,0.3,False,0.01456,2.249,,0.59,1777883421
All Pools,AVAX - BOBS,0.3,False,0.01451,5484.99,,,1777883421
All Pools,AAVE.e - USDT.e,0.3,False,0.01449,2.597,,0.51,1777883421
All Pools,NOCHILL - WAIFU,0.3,False,0.01443,160.11,,0.01,1777883421
All Pools,MEOW - AVAX,0.3,False,0.01433,10662.0,,,1777883421
All Pools,SUB - AVAX,0.3,False,0.01422,21.09,,0.06,1777883421
All Pools,aDXN - AVAX,0.3,False,0.01416,3.677,,0.35,1777883421
All Pools,Yule - Seventeen,0.3,False,0.01393,272.75,,0.0,1777883421
All Pools,LoveIsTheKey - FollowTheWhiteRabbit,0.3,False,0.01391,64.6,,0.02,1777883421
All Pools,AVAX - Wormwood,0.3,False,0.0138,17.11,,0.07,1777883421
All Pools,Gravity - Wormwood,0.3,False,0.0138,15.43,,0.08,1777883421
All Pools,ARENA - MU,0.3,False,0.01373,3.349,,0.37,1777883421
All Pools,AVAX - SantaClaus,0.3,False,0.01372,24.77,,0.05,1777883421
All Pools,Gravity - SantaClaus,0.3,False,0.01371,11.93,,0.1,1777883421
All Pools,XAVA - HON,0.3,False,0.01354,1.878,,0.66,1777883421
All Pools,AVAX - LoveWins,0.3,False,0.01352,7.811,,0.16,1777883421
All Pools,FollowTheWhiteRabbit - LoveWins,0.3,False,0.01352,151.38,,0.01,1777883421
All Pools,AVAX - TT,0.3,False,0.01346,1.95,,0.63,1777883421
All Pools,USDC.e - UST,0.3,False,0.01338,1.732,,0.7,1777883421
All Pools,MIM - RUG,0.3,False,0.01335,23.19,,0.05,1777883421
All Pools,GURS - NOCHILL,0.3,False,0.01332,1.968,,0.62,1777883421
All Pools,AVAX - USDR,0.3,False,0.01328,2.989,,0.41,1777883421
All Pools,Psychic - Serpentarius,0.3,False,0.01324,323.02,,0.0,1777883421
All Pools,Gravity - Ouroboros,0.3,False,0.01324,30.53,,0.04,1777883421
All Pools,Serpentarius - AVAX,0.3,False,0.01322,293.46,,0.0,1777883421
All Pools,AVAX - EROL,0.3,False,0.01319,39.41,,0.03,1777883421
All Pools,ChristMark - ChristIAmYou,0.3,False,0.01294,26.53,,0.04,1777883421
All Pools,Trinity - SwiftTaylor,0.3,False,0.01292,17.72,,0.07,1777883421
All Pools,AVAX - GrinchKidAfflict,0.3,False,0.01267,43.43,,0.03,1777883421
All Pools,XOMB - AVAX,0.3,False,0.01267,21.83,,0.05,1777883421
All Pools,ValentinMidwifes - Gravity,0.3,False,0.01267,39.13,,0.03,1777883421
All Pools,Gravity - GrinchKidAfflict,0.3,False,0.01266,9.156,,0.13,1777883421
All Pools,XOMB - USDT.e,0.3,False,0.01265,2.448,,0.47,1777883421
All Pools,GAINS - Degen,0.3,False,0.01254,2.033,,0.56,1777883421
All Pools,WOLF - AVAX,0.3,False,0.01251,71.64,,0.02,1777883421
All Pools,Degen - AVAX,0.3,False,0.0125,2004.87,,,1777883421
All Pools,WOLF - USDT.e,0.3,False,0.01249,4.113,,0.28,1777883421
All Pools,TRYB - USDC.e,0.3,False,0.01221,31.36,,0.04,1777883421
All Pools,DrainTheSwamp - FollowTheWhiteRabbit,0.3,False,0.01203,10.98,,0.1,1777883421
All Pools,BSGG - AVAX,0.3,False,0.01174,3.898,,0.27,1777883421
All Pools,BGLD - AVAX,0.3,False,0.01171,4.432,,0.24,1777883421
All Pools,3ULL - USDt,0.3,False,0.01169,2.548,,0.42,1777883421
All Pools,BGLD - USDT.e,0.3,False,0.01168,17.11,,0.06,1777883421
All Pools,MU - SOL,0.3,False,0.01161,1.329,,0.8,1777883421
All Pools,ARA - AVAX,0.3,False,0.01154,2.876,,0.37,1777883421
All Pools,WETH.e - meGNX,0.3,False,0.01149,6.678,,0.16,1777883421
All Pools,AVAX - OK,0.3,False,0.0113,1.976,,0.52,1777883421
All Pools,AVAX - QUASI,0.3,False,0.01123,588.83,,0.0,1777883421
All Pools,GAINS - QUASI,0.3,False,0.01118,1.407,,0.73,1777883421
All Pools,Wormhole - AVAX,0.3,False,0.01116,104.12,,0.01,1777883421
All Pools,Trinity - Wormhole,0.3,False,0.01115,6.19,,0.16,1777883421
All Pools,CAI - AMI,0.3,False,0.01103,0.52197,,1.93,1777883421
All Pools,HCT - AVAX,0.3,False,0.01095,3.392,,0.29,1777883421
All Pools,Orem - AVAX,0.3,False,0.01095,104.21,,0.01,1777883421
All Pools,Trinity - Orem,0.3,False,0.01094,6.196,,0.16,1777883421
All Pools,TickTock - AVAX,0.3,False,0.01076,90.05,,0.01,1777883421
All Pools,TickTock - Now,0.3,False,0.01074,916.42,,0.0,1777883421
All Pools,USDC - OK,0.3,False,0.01056,1.198,,0.8,1777883421
All Pools,AVAX - DWC,0.3,False,0.01053,6078.51,,,1777883421
All Pools,HIGHER - HOWDY,0.3,False,0.0105,1.528,,0.63,1777883421
All Pools,JOE - USDt,0.3,False,0.01049,0.84406,,1.13,1777883421
All Pools,BNZ - AVAX,0.3,False,0.01045,62.29,,0.02,1777883421
All Pools,Psychic - Turtle,0.3,False,0.01041,62.25,,0.02,1777883421
All Pools,SHERPA - AVAX,0.3,False,0.00998,131.77,,0.01,1777883421
All Pools,AVAX - MUG,0.3,False,0.00989,1.218,,0.74,1777883421
All Pools,DivineFeminine - ValentinMidwifes,0.3,False,0.00987,41.25,,0.02,1777883421
All Pools,AVAX - LODE,0.3,False,0.00985,1.028,,0.87,1777883421
All Pools,CATWIF - MAJIN,0.3,False,0.00979,0.8756,,1.02,1777883421
All Pools,ZH - JOE,0.3,False,0.00973,2.824,,0.31,1777883421
All Pools,Psychic - Numbers,0.3,False,0.00963,62.24,,0.01,1777883421
All Pools,LUNA - USDC,0.3,False,0.00957,1.415,,0.62,1777883421
All Pools,Psychic - Luck,0.3,False,0.00952,62.25,,0.01,1777883421
All Pools,AVAX - iBONE,0.3,False,0.00952,5.494,,0.16,1777883421
All Pools,USDT.e - iBONE,0.3,False,0.00949,4.861,,0.18,1777883421
All Pools,Psychic - Mirror,0.3,False,0.00949,62.21,,0.01,1777883421
All Pools,COQ - REDWOLF,0.3,False,0.00948,12.41,,0.07,1777883421
All Pools,APOW - MU,0.3,False,0.00934,3.506,,0.24,1777883421
All Pools,aDXN - aXEN,0.3,False,0.00934,0.62825,,1.36,1777883421
All Pools,AVAX - WOHM,0.3,False,0.00917,3.418,,0.24,1777883421
All Pools,MIM - WOHM,0.3,False,0.00915,86.7,,0.01,1777883421
All Pools,KIMBO - GAINS,0.3,False,0.00898,1.371,,0.6,1777883421
All Pools,WINK - AMI,0.3,False,0.00874,0.10907,,7.31,1777883421
All Pools,XETA - AVAX,0.3,False,0.00865,0.24768,,3.19,1777883421
All Pools,BTC.b - IMPACT,0.3,False,0.00862,0.63665,,1.24,1777883421
All Pools,SYN - USDC.e,0.3,False,0.00854,1.223,,0.64,1777883421
All Pools,GAINS - MEAT,0.3,False,0.00853,0.99274,,0.78,1777883421
All Pools,KOKSAL - AVAX,0.3,False,0.00849,3.557,,0.22,1777883421
All Pools,KOKSAL - USDC,0.3,False,0.00847,4.791,,0.16,1777883421
All Pools,WETH.e - STATIK,0.3,False,0.00834,1.37,,0.56,1777883421
All Pools,Psychic - Bonfire,0.3,False,0.00831,62.24,,0.01,1777883421
All Pools,KOVIN - MU,0.3,False,0.00822,3.073,,0.24,1777883421
All Pools,AVAX - DUA,0.3,False,0.00812,2.088,,0.35,1777883421
All Pools,DUA - USDC,0.3,False,0.00809,11.65,,0.06,1777883421
All Pools,Psychic - WhoWhoWho,0.3,False,0.00805,62.21,,0.01,1777883421
All Pools,Psychic - Thick,0.3,False,0.00797,62.23,,0.01,1777883421
All Pools,SatoshiNakamoto - Psychic,0.3,False,0.00795,62.25,,0.01,1777883421
All Pools,Psychic - Strength,0.3,False,0.00794,75.01,,0.01,1777883421
All Pools,Psychic - Alphabet,0.3,False,0.00793,62.26,,0.01,1777883421
All Pools,Psychic - Oracle,0.3,False,0.00791,62.25,,0.01,1777883421
All Pools,AVAX - NORTH,0.3,False,0.00781,2.136,,0.33,1777883421
All Pools,USDT.e - NORTH,0.3,False,0.00778,26.88,,0.03,1777883421
All Pools,Psychic - Codes,0.3,False,0.00777,62.26,,0.01,1777883421
All Pools,Psychic - PennyTrinity,0.3,False,0.00776,62.27,,0.01,1777883421
All Pools,JOE - aXEN,0.3,False,0.00772,0.24362,,2.89,1777883421
All Pools,Psychic - Penny,0.3,False,0.00771,62.25,,0.01,1777883421
All Pools,AprilFoolsDay - AVAX,0.3,False,0.00768,104.05,,0.01,1777883421
All Pools,Trinity - AprilFoolsDay,0.3,False,0.00767,6.216,,0.11,1777883421
All Pools,AVAX - AXIAL,0.3,False,0.00764,1038.21,,,1777883421
All Pools,LUNA - USDt,0.3,False,0.00763,1.342,,0.52,1777883421
All Pools,Psychic - Verse,0.3,False,0.00752,62.22,,0.01,1777883421
All Pools,Eye - Psychic,0.3,False,0.00751,62.25,,0.01,1777883421
All Pools,Psychic - Gematria,0.3,False,0.00744,62.25,,0.01,1777883421
All Pools,KOVIN - AVAX,0.3,False,0.00735,3207.36,,,1777883421
All Pools,AUSD - HUSKY,0.3,False,0.00726,0.76497,,0.87,1777883421
All Pools,Psychic - Crypt,0.3,False,0.00724,62.2,,0.01,1777883421
All Pools,Psychic - OneOneOne,0.3,False,0.00718,62.24,,0.01,1777883421
All Pools,Psychic - Architect,0.3,False,0.00716,62.25,,0.01,1777883421
All Pools,Psychic - daVinci,0.3,False,0.00714,62.24,,0.01,1777883421
All Pools,Psychic - Gematria,0.3,False,0.00713,62.25,,0.01,1777883421
All Pools,Psychic - RefZip,0.3,False,0.00712,62.24,,0.01,1777883421
All Pools,Psychic - Finish,0.3,False,0.00711,62.21,,0.01,1777883421
All Pools,Psychic - Qubit,0.3,False,0.0071,62.21,,0.01,1777883421
All Pools,Psychic - Blessings,0.3,False,0.00708,62.21,,0.01,1777883421
All Pools,Psychic - Solved,0.3,False,0.00708,62.25,,0.01,1777883421
All Pools,Psychic - IAmThatIAm,0.3,False,0.00706,62.25,,0.01,1777883421
All Pools,Psychic - Confusion,0.3,False,0.00705,62.25,,0.01,1777883421
All Pools,AVAX - GematrixDotOrg,0.3,False,0.00705,16.7,,0.04,1777883421
All Pools,Gravity - GematrixDotOrg,0.3,False,0.00703,13.03,,0.05,1777883421
All Pools,Psychic - TwinFlames,0.3,False,0.00703,62.95,,0.01,1777883421
All Pools,NotBrideOfChrist - AVAX,0.3,False,0.00702,69.43,,0.01,1777883421
All Pools,SaintGermain - BLACK,0.3,False,0.00701,2.498,,0.26,1777883421
All Pools,NotBrideOfChrist - SwiftTaylor,0.3,False,0.00701,52.12,,0.01,1777883421
All Pools,TokenZ - AVAX,0.3,False,0.007,2.424,,0.26,1777883421
All Pools,Psychic - TrumpCard,0.3,False,0.00699,62.26,,0.01,1777883421
All Pools,TokenZ - USDC,0.3,False,0.00698,3.81,,0.17,1777883421
All Pools,Choice - Psychic,0.3,False,0.00698,62.22,,0.01,1777883421
All Pools,Psychic - YouAndI,0.3,False,0.00694,62.24,,0.01,1777883421
All Pools,Loyalty - Psychic,0.3,False,0.00686,62.21,,0.01,1777883421
All Pools,HOWDY - AVAX,0.3,False,0.00686,21326.0,,,1777883421
All Pools,STOMB - AVAX,0.3,False,0.00683,7938.74,,,1777883421
All Pools,Psychic - BiTonic,0.3,False,0.00681,62.25,,0.01,1777883421
All Pools,Psychic - TheArcher,0.3,False,0.00681,62.25,,0.01,1777883421
All Pools,JOE - CRA,0.3,False,0.0068,11.1,,0.06,1777883421
All Pools,MU - MUG,0.3,False,0.00679,2436.38,,,1777883421
All Pools,Psychic - Artemis,0.3,False,0.00678,62.19,,0.01,1777883421
All Pools,AVAX - EDG,0.3,False,0.00672,3.163,,0.19,1777883421
All Pools,MIM - EDG,0.3,False,0.0067,7.898,,0.08,1777883421
All Pools,LYD - REDWOLF,0.3,False,0.00661,4.784,,0.13,1777883421
All Pools,NOCHILL - MU,0.3,False,0.00658,2.174,,0.28,1777883421
All Pools,AVAX - COSMIC,0.3,False,0.00658,1.258,,0.48,1777883421
All Pools,Psychic - Six,0.3,False,0.00657,62.25,,0.01,1777883421
All Pools,USDC - COSMIC,0.3,False,0.00656,54.54,,0.01,1777883421
All Pools,Psychic - Nine,0.3,False,0.00654,62.22,,0.01,1777883421
All Pools,Psychic - ElmoSunkGematria,0.3,False,0.00652,62.26,,0.01,1777883421
All Pools,AVAX - TUSK,0.3,False,0.00651,2.516,,0.24,1777883421
All Pools,Spider - Psychic,0.3,False,0.0065,62.2,,0.01,1777883421
All Pools,USDC.e - TUSK,0.3,False,0.00649,9.793,,0.06,1777883421
All Pools,Psychic - Zero,0.3,False,0.00648,62.22,,0.01,1777883421
All Pools,Psychic - Lock,0.3,False,0.00631,62.23,,0.01,1777883421
All Pools,USDC.e - BAVA,0.3,False,0.0063,2.975,,0.19,1777883421
All Pools,ABC - AMI,0.3,False,0.00629,3.972,,0.14,1777883421
All Pools,Psychic - KekiusMaximus,0.3,False,0.0062,62.25,,0.01,1777883421
All Pools,Psychic - Time,0.3,False,0.00619,62.25,,0.01,1777883421
All Pools,Psychic - SevenSevenSeven,0.3,False,0.00617,62.25,,0.01,1777883421
All Pools,Psychic - BirthingCode,0.3,False,0.0061,62.25,,0.01,1777883421
All Pools,Flection - Psychic,0.3,False,0.00607,62.25,,0.01,1777883421
All Pools,TRACTOR - AVAX,0.3,False,0.00603,15091.0,,,1777883421
All Pools,Psychic - LordJesusChrist,0.3,False,0.00602,59.63,,0.01,1777883421
All Pools,TRACTOR - USDT.e,0.3,False,0.00601,1.993,,0.28,1777883421
All Pools,Psychic - Diamonds,0.3,False,0.006,62.25,,0.01,1777883421
All Pools,SYN - REDWOLF,0.3,False,0.00594,2.623,,0.21,1777883421
All Pools,LUNA - USDC,0.3,False,0.00592,0.13191,,4.1,1777883421
All Pools,Psychic - Happy,0.3,False,0.0059,62.25,,0.01,1777883421
All Pools,gOHM - JOE,0.3,False,0.0059,3.97,,0.14,1777883421
All Pools,AVAX - VYBE,0.3,False,0.00581,3.315,,0.16,1777883421
All Pools,AVAX - Gaza,0.3,False,0.0058,3.197,,0.17,1777883421
All Pools,MIM - VYBE,0.3,False,0.0058,3.766,,0.14,1777883421
All Pools,TEDDY - AVAX,0.3,False,0.00579,17.07,,0.03,1777883421
All Pools,Psychic - [In]finity,0.3,False,0.00579,62.22,,0.01,1777883421
All Pools,Trinity - Gaza,0.3,False,0.00579,3.771,,0.14,1777883421
All Pools,GMX - USDt,0.3,False,0.00576,0.37439,,1.4,1777883421
All Pools,HIGHER - NOCHILL,0.3,False,0.00572,0.34543,,1.51,1777883421
All Pools,XPOW - AVAX,0.3,False,0.00567,120.96,,0.0,1777883421
All Pools,WETH.e - JOE,0.3,False,0.00567,0.03777,,13.69,1777883421
All Pools,Psychic - Alice,0.3,False,0.00566,62.22,,0.01,1777883421
All Pools,AVAX - PAR,0.3,False,0.00566,2.398,,0.22,1777883421
All Pools,Psychic - WhoWho,0.3,False,0.00566,62.25,,0.01,1777883421
All Pools,MIM - PAR,0.3,False,0.00565,1.917,,0.27,1777883421
All Pools,XPOW - USDt,0.3,False,0.00565,1.412,,0.37,1777883421
All Pools,Psychic - Sequence,0.3,False,0.00564,62.26,,0.01,1777883421
All Pools,AVAI - USDC.e,0.3,False,0.00561,33.65,,0.02,1777883421
All Pools,MIM - SDOG,0.3,False,0.00561,316.0,,0.0,1777883421
All Pools,KIMBO - KOVIN,0.3,False,0.00559,5.338,,0.1,1777883421
All Pools,USDC.e - SMRT,0.3,False,0.00554,2.223,,0.23,1777883421
All Pools,DWC - MU,0.3,False,0.00554,3.488,,0.14,1777883421
All Pools,AI9000 - AVAX,0.3,False,0.00554,307.59,,0.0,1777883421
All Pools,aAvaLINK - AVAX,0.3,False,0.00552,9.627,,0.05,1777883421
All Pools,CATWIF - MU,0.3,False,0.00552,3.636,,0.14,1777883421
All Pools,Psychic - Partment,0.3,False,0.00548,62.23,,0.01,1777883421
All Pools,AVAX - WISE,0.3,False,0.00544,2.815,,0.18,1777883421
All Pools,USDC.e - WISE,0.3,False,0.00543,7.125,,0.07,1777883421
All Pools,GAINS - KONG,0.3,False,0.00542,0.76187,,0.65,1777883421
All Pools,AVAX - AMONKS,0.3,False,0.0054,1590.62,,,1777883421
All Pools,REDWOLF - AMONKS,0.3,False,0.00539,7.2,,0.07,1777883421
All Pools,WETH.e - BTCBR,0.3,False,0.00538,0.06106,,8.04,1777883421
All Pools,Hollywood - Ouroboros,0.3,False,0.00531,13.04,,0.04,1777883421
All Pools,Psychic - Line,0.3,False,0.00524,63.03,,0.01,1777883421
All Pools,Psychic - Who,0.3,False,0.00522,62.26,,0.01,1777883421
All Pools,MEOW - MU,0.3,False,0.00521,1.582,,0.3,1777883421
All Pools,FiveTwelveThirteen - AVAX,0.3,False,0.00521,5.209,,0.09,1777883421
All Pools,ElkeNevusRome - AVAX,0.3,False,0.00521,13.06,,0.04,1777883421
All Pools,ElkeNevusRome - Gravity,0.3,False,0.00519,4.966,,0.1,1777883421
All Pools,FiveTwelveThirteen - Gravity,0.3,False,0.00519,6.894,,0.07,1777883421
All Pools,AVAX - HOST,0.3,False,0.00512,1.963,,0.24,1777883421
All Pools,Psychic - Ups,0.3,False,0.00509,62.26,,0.01,1777883421
All Pools,Anon - USDC,0.3,False,0.00506,1.025,,0.45,1777883421
All Pools,CRA - AVAX,0.3,False,0.00505,10200.0,,,1777883421
All Pools,GAINS - DWC,0.3,False,0.005,0.9844,,0.46,1777883421
All Pools,AAVE.e - USDC.e,0.3,False,0.00495,1.259,,0.36,1777883421
All Pools,HOST - DAI.e,0.3,False,0.00489,3.017,,0.15,1777883421
All Pools,GAINS - TECH,0.3,False,0.00481,0.62295,,0.7,1777883421
All Pools,TrueLove - AVAX,0.3,False,0.0048,12.92,,0.03,1777883421
All Pools,TrueLove - Gravity,0.3,False,0.00479,4.911,,0.09,1777883421
All Pools,WBTC.e - USDC,0.3,False,0.00476,0.20952,,2.07,1777883421
All Pools,EGG - AVAX,0.3,False,0.00474,1.705,,0.25,1777883421
All Pools,EGG - USDT.e,0.3,False,0.00474,1.985,,0.22,1777883421
All Pools,NOCHILL - ARENA,0.3,False,0.00473,0.44301,,0.97,1777883421
All Pools,BEAM - MU,0.3,False,0.0047,1.085,,0.4,1777883421
All Pools,GAINS - BAWLS,0.3,False,0.00469,0.92131,,0.46,1777883421
All Pools,BAWLS - AVAX,0.3,False,0.00467,16.41,,0.03,1777883421
All Pools,COQ - ARENA,0.3,False,0.00465,1.251,,0.34,1777883421
All Pools,RGOGLZ - AVAX,0.3,False,0.00464,4.111,,0.1,1777883421
All Pools,WITCH - AVAX,0.3,False,0.00456,2.798,,0.15,1777883421
All Pools,WITCH - USDC,0.3,False,0.00455,1.735,,0.24,1777883421
All Pools,AMI - MU,0.3,False,0.00453,1.711,,0.24,1777883421
All Pools,USV - AVAX,0.3,False,0.00449,1.164,,0.35,1777883421
All Pools,AKA - AVAX,0.3,False,0.00445,2.291,,0.18,1777883421
All Pools,AKA - USDt,0.3,False,0.00444,2.953,,0.14,1777883421
All Pools,KR - AVAX,0.3,False,0.00442,1.705,,0.24,1777883421
All Pools,KR - USDC.e,0.3,False,0.0044,11.45,,0.04,1777883421
All Pools,DCAR - AVAX,0.3,False,0.00436,1.105,,0.36,1777883421
All Pools,DCAR - USDC,0.3,False,0.00434,56.21,,0.01,1777883421
All Pools,TT - DAI.e,0.3,False,0.0043,1.93,,0.2,1777883421
All Pools,GAINS - KOVIN,0.3,False,0.0042,0.6495,,0.59,1777883421
All Pools,Psychic - Number,0.3,False,0.00419,62.26,,0.01,1777883421
All Pools,Psychic - Vampire,0.3,False,0.00418,62.25,,0.01,1777883421
All Pools,Psychic - Aquarius,0.3,False,0.00417,62.22,,0.01,1777883421
All Pools,JOE - aDXN,0.3,False,0.00407,0.83723,,0.44,1777883421
All Pools,SYN - USDT.e,0.3,False,0.00399,0.65397,,0.56,1777883421
All Pools,Psychic - TrueStory,0.3,False,0.00397,62.26,,0.01,1777883421
All Pools,Lightworker - AVAX,0.3,False,0.00395,2.745,,0.13,1777883421
All Pools,Gravity - Lightworker,0.3,False,0.00394,53.49,,0.01,1777883421
All Pools,Evergreen - AVAX,0.3,False,0.00393,25.37,,0.01,1777883421
All Pools,Evergreen - Gravity,0.3,False,0.00392,4.778,,0.07,1777883421
All Pools,Psychic - Seminole,0.3,False,0.00389,62.21,,0.01,1777883421
All Pools,Psychic - PoPo,0.3,False,0.00386,62.26,,0.01,1777883421
All Pools,Psychic - James,0.3,False,0.00382,62.27,,0.01,1777883421
All Pools,RUGPULL - AVAX,0.3,False,0.00381,2.967,,0.12,1777883421
All Pools,Psychic - FinityFinity,0.3,False,0.0038,62.26,,0.01,1777883421
All Pools,EHCNALAVA - AVAX,0.3,False,0.00379,1512.12,,,1777883421
All Pools,KIMBO - EHCNALAVA,0.3,False,0.00379,2.853,,0.12,1777883421
All Pools,BTCBR - USDC,0.3,False,0.00376,0.20325,,1.69,1777883421
All Pools,SYN - WETH.e,0.3,False,0.00373,0.68163,,0.5,1777883421
All Pools,Psychic - QuetzalCoatl,0.3,False,0.00373,62.26,,0.01,1777883421
All Pools,PNG - USDT.e,0.3,False,0.00372,0.88878,,0.38,1777883421
All Pools,Trinity - IfYouKnowYouKnow,0.3,False,0.00371,5.027,,0.07,1777883421
All Pools,WETH - AVAX,0.3,False,0.00365,1.359,,0.24,1777883421
All Pools,xJOE - AVAX,0.3,False,0.00365,2.799,,0.12,1777883421
All Pools,MIM - SMRT,0.3,False,0.00364,1.673,,0.2,1777883421
All Pools,GMX - JOE,0.3,False,0.00363,0.42348,,0.78,1777883421
All Pools,TEMPO - AVAX,0.3,False,0.00362,1.08,,0.31,1777883421
All Pools,YETI - WINE,0.3,False,0.00362,1.46,,0.23,1777883421
All Pools,MIM - TEMPO,0.3,False,0.00361,6.727,,0.05,1777883421
All Pools,GATOR - AMI,0.3,False,0.00358,4.532,,0.07,1777883421
All Pools,SMRTr - USDT.e,0.3,False,0.00358,1.32,,0.25,1777883421
All Pools,JPYC - AVAX,0.3,False,0.00356,0.27623,,1.18,1777883421
All Pools,Psychic - Checkmate,0.3,False,0.00351,62.39,,0.01,1777883421
All Pools,GG - AVAX,0.3,False,0.00347,0.16035,,1.97,1777883421
All Pools,Psychic - Equal,0.3,False,0.00347,62.25,,0.01,1777883421
All Pools,ARENA - AMI,0.3,False,0.00346,1.411,,0.22,1777883421
All Pools,Psychic - Abracadabra,0.3,False,0.00345,62.23,,0.01,1777883421
All Pools,3ULL - USDC,0.3,False,0.00341,0.65843,,0.47,1777883421
All Pools,Psychic - PlotTwist,0.3,False,0.00341,63.64,,0.0,1777883421
All Pools,AVXT - POLAR,0.3,False,0.00341,0.44942,,0.69,1777883421
All Pools,MIM - ICE,0.3,False,0.0033,0.99653,,0.3,1777883421
All Pools,Psychic - KatzJoel,0.3,False,0.00325,62.23,,0.0,1777883421
All Pools,USDt - USDC.e,0.3,False,0.00323,14.21,,0.02,1777883421
All Pools,SB - DAI.e,0.3,False,0.00322,0.12992,,2.26,1777883421
All Pools,ELXR - USDC.e,0.3,False,0.00321,1094.32,,,1777883421
All Pools,Psychic - Hexagon,0.3,False,0.00318,62.25,,0.0,1777883421
All Pools,AI9000 - MU,0.3,False,0.00312,1.289,,0.22,1777883421
All Pools,NXPC - USDC,0.3,False,0.00309,0.71817,,0.39,1777883421
All Pools,CRAFT - USDC.e,0.3,False,0.00309,0.87608,,0.32,1777883421
All Pools,JOE - REDWOLF,0.3,False,0.00303,3.968,,0.07,1777883421
All Pools,ETHM - AVAX,0.3,False,0.00301,27.66,,0.01,1777883421
All Pools,EagleToken - AVAX,0.3,False,0.00293,2.124,,0.13,1777883421
All Pools,EagleToken - USDC.e,0.3,False,0.00292,2.214,,0.12,1777883421
All Pools,AVXT - AVAX,0.3,False,0.00291,52.84,,0.01,1777883421
All Pools,BUSD - USDT.e,0.3,False,0.00289,0.07843,,3.37,1777883421
All Pools,ETHM - DAI.e,0.3,False,0.00287,0.68068,,0.38,1777883421
All Pools,GRAPE - AVAX,0.3,False,0.00283,0.88951,,0.29,1777883421
All Pools,ValentinMidwifes - AVAX,0.3,False,0.00282,2.387,,0.11,1777883421
All Pools,USDC - MU,0.3,False,0.0028,0.34303,,0.74,1777883421
All Pools,GURS - HOWDY,0.3,False,0.00278,1.886,,0.13,1777883421
All Pools,USDC - TT,0.3,False,0.00276,2.019,,0.12,1777883421
All Pools,MU - KET,0.3,False,0.00269,1.338,,0.18,1777883421
All Pools,AVAX - SAGE,0.3,False,0.00265,0.8934,,0.27,1777883421
All Pools,USDC.e - SAGE,0.3,False,0.00264,2.177,,0.11,1777883421
All Pools,BLUB - AVAX,0.0,False,0.00257,47.94,0.0,0.0,1777883421
All Pools,ACS - USDt,0.3,False,0.00254,0.97098,,0.24,1777883421
All Pools,DREGG - USDC.e,0.3,False,0.00253,3.088,,0.07,1777883421
All Pools,AVAX - CAKE,0.3,False,0.00249,0.7233,,0.31,1777883421
All Pools,USDT.e - CAKE,0.3,False,0.00248,48.52,,0.0,1777883421
All Pools,YAK - USDT.e,0.3,False,0.00247,0.55979,,0.4,1777883421
All Pools,KIMBO - UNIQOC,0.3,False,0.00246,0.73798,,0.3,1777883421
All Pools,ARENA - JUICY,0.3,False,0.00245,0.03389,,6.6,1777883421
All Pools,UNIQOC - MAJIN,0.3,False,0.00243,0.26025,,0.85,1777883421
All Pools,BTC.b - MUG,0.3,False,0.00241,0.8983,,0.24,1777883421
All Pools,AI9000 - USDt,0.3,False,0.0024,0.91141,,0.24,1777883421
All Pools,AVAX - WARP,0.3,False,0.0024,1.482,,0.15,1777883421
All Pools,EUROS - AVAX,0.3,False,0.00236,1.193,,0.18,1777883421
All Pools,MAXI - AVAX,0.3,False,0.00227,0.80082,,0.26,1777883421
All Pools,Psychic - Self,0.3,False,0.00222,64.29,,0.0,1777883421
All Pools,YEEHAW - HIGHER,0.3,False,0.00219,0.45927,,0.43,1777883421
All Pools,STG - JOE,0.3,False,0.00218,0.16888,,1.18,1777883421
All Pools,KIMBO - AMI,0.3,False,0.00213,4.329,,0.04,1777883421
All Pools,sAVAX - USDC,0.3,False,0.00205,0.53436,,0.35,1777883421
All Pools,TT - USDT.e,0.3,False,0.00202,2.015,,0.09,1777883421
All Pools,USDt - TT,0.3,False,0.00201,2.025,,0.09,1777883421
All Pools,USDC.e - CHAM,0.3,False,0.00195,0.82673,,0.22,1777883421
All Pools,GATOR - ARENA,0.3,False,0.00195,2.003,,0.09,1777883421
All Pools,BEE - AVAX,0.3,False,0.00192,0.80823,,0.22,1777883421
All Pools,BEE - USDT.e,0.3,False,0.00192,32.32,,0.01,1777883421
All Pools,LIRA - BUSD,0.3,False,0.00184,0.08284,,2.03,1777883421
All Pools,GGP - JUICY,0.3,False,0.0018,0.0342,,4.8,1777883421
All Pools,USDC.e - XAVA,0.3,False,0.0018,0.35998,,0.46,1777883421
All Pools,toi - AVAX,0.3,False,0.00178,0.94244,,0.17,1777883421
All Pools,MIM - toi,0.3,False,0.00178,3.432,,0.05,1777883421
All Pools,AVAX - WINE,0.3,False,0.00177,0.6719,,0.24,1777883421
All Pools,AVAX - DREX,0.3,False,0.00177,0.60002,,0.27,1777883421
All Pools,MIM - WINE,0.3,False,0.00177,3098.32,,,1777883421
All Pools,MIM - DREX,0.3,False,0.00176,37.49,,0.0,1777883421
All Pools,GAINS - Always,0.3,False,0.00174,0.1062,,1.5,1777883421
All Pools,MM - USDC.e,0.3,False,0.00168,0.60288,,0.25,1777883421
All Pools,HERESY - MEOW,0.3,False,0.00167,0.27866,,0.55,1777883421
All Pools,JOE - USDR,0.3,False,0.00167,0.73139,,0.21,1777883421
All Pools,LIFE - AVAX,0.3,False,0.00162,1.346,,0.11,1777883421
All Pools,MIM - LIFE,0.3,False,0.00162,0.94081,,0.16,1777883421
All Pools,AMI - EROL,0.3,False,0.0016,0.6786,,0.22,1777883421
All Pools,WBTC.e - MU,0.3,False,0.00157,0.72255,,0.2,1777883421
All Pools,AVAX - sSB,0.3,False,0.00156,0.50569,,0.28,1777883421
All Pools,AVAX - MTB,0.3,False,0.00156,0.96282,,0.15,1777883421
All Pools,REDEEMER - AMI,0.3,False,0.00156,0.01462,,9.71,1777883421
All Pools,USDC.e - sSB,0.3,False,0.00155,836.42,,,1777883421
All Pools,MIM - MTB,0.3,False,0.00155,2.209,,0.06,1777883421
All Pools,AVAX - RUG,0.3,False,0.00155,0.54124,,0.26,1777883421
All Pools,Always - KONG,0.3,False,0.00151,0.04356,,3.17,1777883421
All Pools,AVAX - ICE,0.3,False,0.00151,151.34,,,1777883421
All Pools,AVAX - NXUSD,0.3,False,0.0015,0.49325,,0.28,1777883421
All Pools,USDC.e - NXUSD,0.3,False,0.00149,1.657,,0.08,1777883421
All Pools,USDC.e - WARP,0.3,False,0.00149,0.86271,,0.16,1777883421
All Pools,MUMO - AVAX,0.3,False,0.00148,0.18054,,0.75,1777883421
All Pools,JEWEL - AVAX,0.3,False,0.00143,0.22558,,0.58,1777883421
All Pools,DB - AVAX,0.3,False,0.0014,2.214,,0.06,1777883421
All Pools,MIM - YAK,0.3,False,0.0014,0.43321,,0.29,1777883421
All Pools,MIM - DB,0.3,False,0.0014,0.66903,,0.19,1777883421
All Pools,WETH.e - ETHM,0.3,False,0.00138,0.50728,,0.25,1777883421
All Pools,ETHM - USDC.e,0.3,False,0.00138,0.48245,,0.26,1777883421
All Pools,CANS - AMI,0.3,False,0.00135,0.23087,,0.53,1777883421
All Pools,SLUSH - AVAX,0.3,False,0.00134,0.7034,,0.17,1777883421
All Pools,SLUSH - USDT.e,0.3,False,0.00133,1.323,,0.09,1777883421
All Pools,MEAT - MU,0.3,False,0.00131,0.49918,,0.24,1777883421
All Pools,HUSKY - SNOWY,0.3,False,0.00131,0.43857,,0.27,1777883421
All Pools,QI - SNOWY,0.3,False,0.0013,0.79755,,0.15,1777883421
All Pools,LYD - AVAX,0.3,False,0.00129,0.82206,,0.14,1777883421
All Pools,KANA - AVAX,0.3,False,0.00127,1139.17,,,1777883421
All Pools,Naughty - HIGHER,0.3,False,0.00127,0.45073,,0.26,1777883421
All Pools,KANA - USDC,0.3,False,0.00127,0.51195,,0.23,1777883421
All Pools,Trinity - IngersollLockwood,0.3,False,0.00127,1.125,,0.1,1777883421
All Pools,ALPHAZERO - USDT.e,0.3,False,0.00127,2.16,,0.05,1777883421
All Pools,Naughty - AVAX,0.3,False,0.00126,238.86,,,1777883421
All Pools,MAJIN - AMI,0.3,False,0.00124,0.15796,,0.72,1777883421
All Pools,CRA - USDC.e,0.3,False,0.00123,0.56623,,0.2,1777883421
All Pools,MUME - USDC,0.3,False,0.00123,0.08483,,1.32,1777883421
All Pools,COQ - HOWDY,0.3,False,0.00119,0.57035,,0.19,1777883421
All Pools,HUSKY - aXEN,0.3,False,0.00118,0.07351,,1.47,1777883421
All Pools,tst1 - AVAX,0.3,False,0.00117,0.58103,,0.18,1777883421
All Pools,PTOP1200 - TOPIA,0.3,False,0.00117,103.9,,0.0,1777883421
All Pools,tst1 - USDT.e,0.3,False,0.00117,2.695,,0.04,1777883421
All Pools,weETH - AVAX,0.3,False,0.00117,0.38859,,0.27,1777883421
All Pools,HOOP - ROCO,0.3,False,0.00116,0.14673,,0.72,1777883421
All Pools,QI - USDC,0.3,False,0.00114,0.08803,,1.18,1777883421
All Pools,SUB - AVAX,0.3,False,0.00113,0.50945,,0.2,1777883421
All Pools,SUB - USDC,0.3,False,0.00113,69.79,,0.0,1777883421
All Pools,COQ - MEAT,0.3,False,0.00111,0.71768,,0.14,1777883421
All Pools,AUX - AVAX,0.3,False,0.00109,0.39449,,0.25,1777883421
All Pools,AUX - USDC,0.3,False,0.00109,688.53,,,1777883421
All Pools,AVAX - SYMBIOT,0.3,False,0.00107,0.32416,,0.3,1777883421
All Pools,JOE - CNR,0.3,False,0.00106,1.058,,0.09,1777883421
All Pools,NUG - AVAX,0.3,False,0.00105,0.38343,,0.25,1777883421
All Pools,SLOT - AVAX,0.3,False,0.00105,3952.65,,,1777883421
All Pools,NUG - USDC,0.3,False,0.00105,2.375,,0.04,1777883421
All Pools,SLOT - USDC.e,0.3,False,0.00105,0.48401,,0.2,1777883421
All Pools,LIRA - USDt,0.3,False,0.00103,0.07433,,1.27,1777883421
All Pools,DAI.e - SYMBIOT,0.3,False,0.00102,1.413,,0.07,1777883421
All Pools,TEDDY - USDC,0.3,False,0.00102,0.43319,,0.22,1777883421
All Pools,gOHM - USDT.e,0.3,False,0.00101,0.61092,,0.15,1777883421
All Pools,xJOE - wsOHM,0.3,False,0.00101,0.54756,,0.17,1777883421
All Pools,WET - AVAX,0.3,False,0.001,16.95,,0.01,1777883421
All Pools,WET - USDT.e,0.3,False,,0.44203,,0.21,1777883421
All Pools,PB - AVAX,0.3,False,,0.49136,,0.19,1777883421
All Pools,PB - MIM,0.3,False,,39.72,,0.0,1777883421
All Pools,AVAX - FTEST,0.3,False,,0.39978,,0.23,1777883421
All Pools,USDT.e - FTEST,0.3,False,,1.313,,0.07,1777883421
All Pools,SYMBIOT - AVAX,0.3,False,,1.449,,0.06,1777883421
All Pools,AVAX - AKITA,0.3,False,,2528.04,,,1777883421
All Pools,MIM - AKITA,0.3,False,,0.25422,,0.35,1777883421
All Pools,WETH.e - SPELL,0.3,False,,0.29541,,0.29,1777883421
All Pools,SYMBIOT - DAI.e,0.3,False,,0.45823,,0.18,1777883421
All Pools,OH - USDC.e,0.3,False,,0.39055,,0.21,1777883421
All Pools,3ULL - USDT.e,0.3,False,,0.65726,,0.13,1777883421
All Pools,USDT.e - WARP,0.3,False,,0.90257,,0.09,1777883421
All Pools,ROCO - USDT.e,0.3,False,,0.08454,,0.96,1777883421
All Pools,MUi - WINK,0.3,False,,0.01528,,5.31,1777883421
All Pools,ARABBIT - AVAX,0.3,False,,0.56783,,0.14,1777883421
All Pools,MIM - ARABBIT,0.3,False,,1.292,,0.06,1777883421
All Pools,JOE - AVE,0.3,False,,1.806,,0.04,1777883421
All Pools,SolarDAO - AVAX,0.3,False,,0.39946,,0.2,1777883421
All Pools,LAMA - AVAX,0.3,False,,11794.0,,,1777883421
All Pools,SolarDAO - USDT.e,0.3,False,,2.067,,0.04,1777883421
All Pools,SMOKA - AVAX,0.3,False,,0.54891,,0.14,1777883421
All Pools,MIM - SMOKA,0.3,False,,1.136,,0.07,1777883421
All Pools,USDC - DAI.e,0.3,False,,2.016,,0.04,1777883421
All Pools,LAMA - JUICY,0.3,False,,0.01587,,4.87,1777883421
All Pools,AVAX - PLEB,0.3,False,,0.2718,,0.28,1777883421
All Pools,MIM - PLEB,0.3,False,,53.86,,0.0,1777883421
All Pools,COQ - BMC,0.3,False,,0.09529,,0.79,1777883421
All Pools,aAvaWAVAX - AVAX,0.3,False,,0.26017,,0.29,1777883421
All Pools,gOHM - USDC.e,0.3,False,,0.3112,,0.24,1777883421
All Pools,YUSD - USDC,0.3,False,,22.94,,0.0,1777883421
All Pools,BLZZ - AVAX,0.3,False,,7964.01,,,1777883421
All Pools,MUMO - MU,0.3,False,,0.61231,,0.12,1777883421
All Pools,AVAX - NUTS,0.3,False,,229.88,,,1777883421
All Pools,USDC - NUTS,0.3,False,,0.23179,,0.31,1777883421
All Pools,GAINS - MEOW,0.3,False,,0.21612,,0.33,1777883421
All Pools,BUSD - MU,0.3,False,,0.02598,,2.69,1777883421
All Pools,MIM - WBTC.e,0.3,False,,0.05618,,1.22,1777883421
All Pools,MUME - BUSD,0.3,False,,0.02857,,2.39,1777883421
All Pools,WETH.e - LINK.e,0.3,False,,0.14873,,0.45,1777883421
All Pools,USDC.e - WET,0.3,False,,0.44338,,0.15,1777883421
All Pools,MU - GEC,0.3,False,,0.09058,,0.73,1777883421
All Pools,AVAX - HOST,0.3,False,,0.14425,,0.46,1777883421
All Pools,AVAX - RBEES,0.3,False,,0.69725,,0.09,1777883421
All Pools,USDC.e - RBEES,0.3,False,,0.49477,,0.13,1777883421
All Pools,DAI.e - HOST,0.3,False,,16.08,,0.0,1777883421
All Pools,CLAVIS - AVAX,0.3,False,,0.13389,,0.46,1777883421
All Pools,MIM - CLAVIS,0.3,False,,119.92,,,1777883421
All Pools,DMD - AVAX,0.3,False,,26.45,,0.0,1777883421
All Pools,LINK.e - MUG,0.3,False,,0.24996,,0.24,1777883421
All Pools,FAR - AVAX,0.3,False,,0.4566,,0.13,1777883421
All Pools,FAR - USDC.e,0.3,False,,0.14962,,0.39,1777883421
All Pools,RENT - JOE,0.3,False,,3.602,,0.02,1777883421
All Pools,RENT - USDT.e,0.3,False,,0.18657,,0.31,1777883421
All Pools,MIM - ICY,0.3,False,,17.14,,0.0,1777883421
All Pools,DMD - DAI.e,0.3,False,,0.12963,,0.45,1777883421
All Pools,AVAX - STICK,0.3,False,,2187.85,,,1777883421
All Pools,ENGLISH - AVAX,0.3,False,,0.23638,,0.24,1777883421
All Pools,STICK - MU,0.3,False,,0.14695,,0.39,1777883421
All Pools,WETH.e - MUi,0.3,False,,0.03073,,1.81,1777883421
All Pools,AVAX - BANKSY V2,0.3,False,,0.3352,,0.16,1777883421
All Pools,USDT.e - BANKSY V2,0.3,False,,0.9188,,0.06,1777883421
All Pools,SNOW - AVAX,0.3,False,,0.19612,,0.26,1777883421
All Pools,WETH.e - MUMO,0.3,False,,0.22843,,0.23,1777883421
All Pools,MIM - SNOW,0.3,False,,0.64399,,0.08,1777883421
All Pools,LEXIP - AVAX,0.3,False,,0.42653,,0.12,1777883421
All Pools,MUMO - USDC.e,0.3,False,,0.13164,,0.39,1777883421
All Pools,MIM - LEXIP,0.3,False,,0.23761,,0.22,1777883421
All Pools,SN - AVAX,0.3,False,,0.12374,,0.4,1777883421
All Pools,MIM - SN,0.3,False,,100.42,,,1777883421
All Pools,WETH - MU,0.3,False,,0.09447,,0.52,1777883421
All Pools,AVAX - BANKSY,0.3,False,,0.22941,,0.21,1777883421
All Pools,BANKSY - AVAX,0.3,False,,0.19195,,0.26,1777883421
All Pools,USDC.e - BANKSY,0.3,False,,0.68985,,0.07,1777883421
All Pools,BANKSY - USDT.e,0.3,False,,0.67961,,0.07,1777883421
All Pools,WOLF - USDt,0.3,False,,0.11031,,0.44,1777883421
All Pools,AAVE.e - BTCBR,0.3,False,,0.2069,,0.22,1777883421
All Pools,xAVAX - AVAX,0.3,False,,0.73311,,0.06,1777883421
All Pools,xAVAX - USDC,0.3,False,,0.24587,,0.18,1777883421
All Pools,MUME - USDC.e,0.3,False,,0.55495,,0.08,1777883421
All Pools,KIMBO - MU,0.3,False,,0.10012,,0.45,1777883421
All Pools,BNB - MU,0.3,False,,0.08787,,0.51,1777883421
All Pools,CRA - USDT.e,0.3,False,,0.26658,,0.17,1777883421
All Pools,DAI.e - PEFI,0.3,False,,0.1326,,0.33,1777883421
All Pools,BLZZ - USDC.e,0.3,False,,0.08509,,0.51,1777883421
All Pools,sifu - USDT.e,0.3,False,,9.291,,0.0,1777883421
All Pools,MUi - MU,0.3,False,,0.08382,,0.49,1777883421
All Pools,xORDER - AVAX,0.3,False,,0.23619,,0.17,1777883421
All Pools,AVAX - TUS,0.3,False,,8251.5,,,1777883421
All Pools,YEEHAW - MU,0.3,False,,0.28958,,0.14,1777883421
All Pools,YEEHAW - ARENA,0.3,False,,2.39,,0.02,1777883421
All Pools,xORDER - USDC,0.3,False,,0.19305,,0.21,1777883421
All Pools,USDT.e - TUS,0.3,False,,0.12216,,0.33,1777883421
All Pools,HUSKY - SMRTr,0.3,False,,0.07081,,0.57,1777883421
All Pools,CRV - AVAX,0.3,False,,42.27,,,1777883421
All Pools,CRV - USDT.e,0.3,False,,0.12947,,0.31,1777883421
All Pools,GRT.e - AVAX,0.3,False,,7.356,,0.01,1777883421
All Pools,USDC.e - SUSD,0.3,False,,505.72,,,1777883421
All Pools,LUEEGI - USDt,0.3,False,,0.09333,,0.4,1777883421
All Pools,TSD - USDC.e,0.3,False,,0.0963,,0.38,1777883421
All Pools,PIZZA - USDC.e,0.3,False,,0.08129,,0.45,1777883421
All Pools,AVE - AVAX,0.3,False,,4.24,,0.01,1777883421
All Pools,KITE - AVAX,0.3,False,,0.0573,,0.6,1777883421
All Pools,WETH.e - FEED,0.3,False,,0.07238,,0.47,1777883421
All Pools,BMOON - AVAX,0.3,False,,0.17251,,0.19,1777883421
All Pools,ONION - CORN,0.3,False,,34.28,,,1777883421
All Pools,AAVE.e - MU,0.3,False,,0.04481,,0.7,1777883421
All Pools,UNI.e - AVAX,0.3,False,,0.0314,,0.95,1777883421
All Pools,BLZZ - USDT.e,0.3,False,,0.13157,,0.22,1777883421
All Pools,GENI - USDC.e,0.3,False,,0.12174,,0.24,1777883421
All Pools,ABOB - AVAX,0.3,False,,837.06,,,1777883421
All Pools,NOCHILL - ABOB,0.3,False,,0.02303,,1.12,1777883421
All Pools,ROCO - SMRT,0.3,False,,0.02582,,1.0,1777883421
All Pools,AR - AVAX,0.3,False,,0.03962,,0.64,1777883421
All Pools,AR - USDC.e,0.3,False,,17.79,,0.0,1777883421
All Pools,LUNA - JOE,0.3,False,,0.04462,,0.53,1777883421
All Pools,BPT - USDC.e,0.3,False,,0.07983,,0.29,1777883421
All Pools,AUSD - USDC,0.01,False,11746087.0,4187111.0,1174.67,10.24,1777887022
All Pools,AUSD - USDt,0.01,False,11603286.0,3416712.0,1160.39,12.4,1777887022
All Pools,AVAX - USDC,0.05,False,6725180.0,3933228.0,3505.94,32.53,1777887022
All Pools,BTC.b - USDC,0.05,False,325417.0,810705.0,169.42,7.63,1777887022
All Pools,USDC.e - O3,0.3,False,229593.0,343158039.0,573.98,0.06,1777887022
All Pools,USDt - USDC,0.005,False,124502.0,694939.0,8.812,0.46,1777887022
All Pools,AVAX - USDC,0.2,False,74528.0,206620.0,149.81,26.46,1777887022
All Pools,sAVAX - AVAX,0.01,False,52562.0,189558.0,5.258,1.01,1777887022
All Pools,GUN - AVAX,0.25,False,44760.0,127584.0,115.65,33.09,1777887022
All Pools,ARENA - AVAX,0.01,False,41929.0,179611.0,4.19,0.85,1777887022
All Pools,GUN - AVAX,0.1,False,38134.0,40230.0,40.88,37.09,1777887022
All Pools,DAI.e - USDC,0.02,False,37617.0,31100.0,9.537,11.19,1777887022
All Pools,USDC - XAVA,0.3,False,36990.0,609902.0,92.48,5.53,1777887022
All Pools,AVAX - BTC.b,0.05,False,36118.0,587995.0,18.94,1.18,1777887022
All Pools,NXPC - AVAX,0.3,False,33146.0,240152.0,82.86,12.59,1777887022
All Pools,USDT.e - USDC,0.02,False,24591.0,48841.0,4.945,3.7,1777887022
All Pools,AVAX - USDt,0.2,False,20362.0,131756.0,41.0,11.36,1777887022
All Pools,WBTC - BTC.b,0.03,False,17664.0,84774.0,5.37,2.31,1777887022
All Pools,USDT.e - USDt,0.02,False,15137.0,44288.0,3.047,2.51,1777887022
All Pools,AVAX - USDT.e,0.3,False,14306.0,553178.0,35.76,2.36,1777887022
All Pools,QI - AVAX,0.3,False,13943.0,243887.0,34.86,5.22,1777887022
All Pools,FOLKS - AVAX,0.25,False,13720.0,34831.0,35.0,36.67,1777887022
All Pools,AVAX - USDC,0.3,False,13042.0,407114.0,32.6,2.92,1777887022
All Pools,XAUt0 - USDt,0.04,False,13021.0,38072.0,5.702,5.47,1777887022
All Pools,MIM - AVAX,0.3,False,12539.0,562934.0,31.35,2.03,1777887022
All Pools,JOE - AVAX,0.3,False,11942.0,524993.0,29.86,2.08,1777887022
All Pools,USDC.e - AVAX,0.3,False,10425.0,429500.0,26.06,2.21,1777887022
All Pools,COQ - AVAX,0.3,False,9279.52,617294.0,23.2,1.37,1777887022
All Pools,AAVE.e - AVAX,0.3,False,9180.79,302869.0,22.95,2.77,1777887022
All Pools,WBTC.e - BTC.b,0.03,False,8079.3,331838.0,2.492,0.27,1777887022
All Pools,JOE - USDC.e,0.3,False,8076.35,337337.0,20.19,2.18,1777887022
All Pools,SolvBTC - BTC.b,0.04,False,5230.71,256008.0,3.087,0.44,1777887022
All Pools,USDt - USDC,0.01,False,5163.47,181712.0,0.4136,0.08,1777887022
All Pools,EURC - USDC,0.03,False,4784.32,13099.0,1.561,4.35,1777887022
All Pools,USDT.e - USDC,0.02,False,4652.14,887.04,0.48732,20.05,1777887022
All Pools,DAI.e - USDC,0.02,False,3972.49,2559.23,1.071,15.28,1777887022
All Pools,JPYC - USDC,0.04,False,3353.99,4473.72,1.924,15.7,1777887022
All Pools,ORNG - AVAX,0.3,False,3291.47,27653.0,8.229,10.86,1777887022
All Pools,FLD - AVAX,0.3,False,2932.73,51932.0,7.332,5.15,1777887022
All Pools,WETH.e - AVAX,0.3,False,2551.94,500309.0,6.38,0.47,1777887022
All Pools,XAVA - AVAX,0.8,False,2321.53,229097.0,18.68,2.98,1777887022
All Pools,BEAM - AVAX,0.25,False,2236.8,20348.0,5.63,10.1,1777887022
All Pools,WBTC.e - AVAX,0.3,False,2184.84,173414.0,5.462,1.15,1777887022
All Pools,HEFE - AVAX,0.3,False,2131.84,21394.0,5.33,9.09,1777887022
All Pools,BEAM - USDC,0.3,False,1740.59,72587.0,4.351,2.19,1777887022
All Pools,JOE - USDT.e,0.3,False,1738.66,67763.0,4.347,2.34,1777887022
All Pools,XAVA - AVAX,0.25,False,1736.37,3196.2,4.527,51.69,1777887022
All Pools,BEAM - AVAX,0.3,False,1715.97,94581.0,4.29,1.66,1777887022
All Pools,LINK.e - AVAX,0.3,False,1688.89,49191.0,4.222,3.13,1777887022
All Pools,USDt - AVAX,0.3,False,1549.81,45194.0,3.875,3.13,1777887022
All Pools,AVAX - avUSD,0.25,False,1536.03,2354.6,3.853,59.73,1777887022
All Pools,BTC.b - AVAX,0.3,False,1529.55,142908.0,3.824,0.98,1777887022
All Pools,AUSD - AVAX,0.1,False,1502.59,39917.0,1.538,1.41,1777887022
All Pools,SOL - AVAX,0.3,False,1491.7,435748.0,3.729,0.31,1777887022
All Pools,ZRO - AVAX,0.25,False,1406.41,2292.35,11.42,181.9,1777887022
All Pools,SHRAP - AVAX,0.8,False,1292.65,12961.0,13.03,36.69,1777887022
All Pools,AVAX - JUICE,0.3,False,1183.9,15780.0,2.96,6.85,1777887022
All Pools,JOE - USDC,0.3,False,1164.15,40336.0,2.91,2.63,1777887022
All Pools,LCPEDU - USDt,0.8,False,1002.83,9626335.0,16.08,0.06,1777887022
All Pools,ALOT - AVAX,0.3,False,986.75,227036.0,2.467,0.4,1777887022
All Pools,SIERRA - USDC,0.1,False,965.48,39684.0,0.96641,0.89,1777887022
All Pools,AVAX - DAI.e,0.3,False,944.53,34184.0,2.361,2.52,1777887022
All Pools,NOCHILL - AVAX,0.3,False,899.56,89092.0,2.249,0.92,1777887022
All Pools,AVAX - ALVA,0.3,False,832.38,1283.76,2.081,59.17,1777887022
All Pools,WETH.e - USDC,0.15,False,684.31,10053.0,1.041,3.78,1777887022
All Pools,w3ULL - AVAX,0.3,False,612.05,65730.0,1.53,0.85,1777887022
All Pools,AVAX - XAVA,0.3,False,567.36,15955.0,1.418,3.24,1777887022
All Pools,JOE - AVAX,0.25,False,495.49,10783.0,1.251,4.23,1777887022
All Pools,AARB - AVAX,0.3,False,439.33,0.18239,1.098,219803.7,1777887022
All Pools,ARC - AVAX,0.3,False,439.02,0.18232,1.098,219725.16,1777887022
All Pools,UTAO - AVAX,0.3,False,433.74,0.18123,1.084,218391.03,1777887022
All Pools,SB - AVAX,0.3,False,399.44,7017.47,0.99859,5.19,1777887022
All Pools,MUON - AVAX,0.3,False,376.27,47208.0,0.94067,0.73,1777887022
All Pools,QI - AVAX,0.25,False,348.18,14932.0,0.8725,2.13,1777887022
All Pools,XSEED - AVAX,0.3,False,280.29,12599.0,0.70071,2.03,1777887022
All Pools,UST - AVAX,0.3,False,225.01,8004.49,0.56252,2.57,1777887022
All Pools,WBTC.e - BTC.b,0.03,False,213.02,691.13,0.08924,4.71,1777887022
All Pools,WETH.e - USDC.e,0.3,False,204.92,12376.0,0.51229,1.51,1777887022
All Pools,HUNDRED - USDC,0.3,False,196.41,521219.0,0.49103,0.03,1777887022
All Pools,XETA - USDC,0.3,False,191.68,6442.09,0.4792,2.72,1777887022
All Pools,MIM - SB,0.3,False,189.21,5777.18,0.47304,2.99,1777887022
All Pools,HERESY - AVAX,0.3,False,186.4,21826.0,0.46599,0.78,1777887022
All Pools,STG - USDC,0.3,False,176.43,1471.93,0.44108,10.94,1777887022
All Pools,AVAX - JUICY,0.3,False,172.09,3026.92,0.43023,5.19,1777887022
All Pools,gOHM - AVAX,0.3,False,171.49,140842.0,0.42871,0.11,1777887022
All Pools,USDt - USDC,0.02,False,161.53,2235.06,0.03234,0.53,1777887022
All Pools,AVAX - UST,0.3,False,154.91,8991.28,0.38728,1.57,1777887022
All Pools,YAK - AVAX,0.3,False,150.82,112021.0,0.37706,0.12,1777887022
All Pools,PTOP800 - USDC,0.1,False,145.36,656.31,0.14615,8.13,1777887022
All Pools,PTOP800 - AVAX,0.1,False,139.5,604.57,0.14011,8.46,1777887022
All Pools,GMX - AVAX,0.3,False,132.83,4955.76,0.33209,2.45,1777887022
All Pools,KIMBO - AVAX,0.3,False,117.69,64746.0,0.29423,0.17,1777887022
All Pools,USDC.e - USDC,0.3,False,115.65,482109.0,0.28912,0.02,1777887022
All Pools,LUNA - USDC.e,0.3,False,112.1,892.41,0.28025,11.46,1777887022
All Pools,PTOP1100 - AVAX,0.1,False,105.24,363.41,0.10606,10.65,1777887022
All Pools,PTOP1100 - USDC,0.1,False,104.36,666.07,0.10465,5.73,1777887022
All Pools,MIM - USDt,0.03,False,91.08,9.659,0.02923,110.44,1777887022
All Pools,STG - AVAX,0.3,False,88.87,1468.64,0.22217,5.52,1777887022
All Pools,EVO - AVAX,0.3,False,86.05,13732.0,0.21512,0.57,1777887022
All Pools,JOE - AVAX,0.15,False,81.69,69511.0,0.12654,0.07,1777887022
All Pools,AVAX - CLY,0.3,False,76.45,59690.0,0.19112,0.12,1777887022
All Pools,PRIME - AVAX,0.4,False,74.09,108593.0,0.90649,0.3,1777887022
All Pools,PTOP1300 - AVAX,0.1,False,73.11,577.47,0.07324,4.63,1777887022
All Pools,PTOP1300 - USDC,0.1,False,72.87,346.88,0.07306,7.69,1777887022
All Pools,PTOP1200 - AVAX,0.1,False,63.81,685.23,0.06387,3.4,1777887022
All Pools,PTOP1200 - USDC,0.1,False,63.1,197.67,0.06392,11.8,1777887022
All Pools,APIX - USDt,0.3,False,62.94,6929.15,0.15734,0.83,1777887022
All Pools,FITFI - USDT.e,0.3,False,59.6,367.43,0.14899,14.8,1777887022
All Pools,CAPY - ARENA,0.3,False,58.98,31859.0,0.14746,0.17,1777887022
All Pools,GGP - AVAX,0.3,False,58.65,92528.0,0.14663,0.06,1777887022
All Pools,CAI - AVAX,0.3,False,56.94,1823.6,0.14234,2.85,1777887022
All Pools,MAJIN - AVAX,0.3,False,55.0,4299.14,0.13751,1.17,1777887022
All Pools,CDK - AVAX,0.25,False,48.94,5709.23,0.19133,1.22,1777887022
All Pools,SOL - AVAX,0.1,False,48.78,1092.19,0.04881,1.63,1777887022
All Pools,CAT - AVAX,0.3,False,46.43,1908.17,0.11609,2.22,1777887022
All Pools,AVAX - RISE,0.3,False,45.82,59859.0,0.11455,0.07,1777887022
All Pools,FTR - AVAX,0.3,False,37.34,1291.95,0.09334,2.64,1777887022
All Pools,gOHM - FRAX,0.3,False,34.89,3596.49,0.08723,0.89,1777887022
All Pools,APIX - ID,0.3,False,31.39,25452.0,0.07847,0.11,1777887022
All Pools,PNG - AVAX,0.3,False,31.19,1066.24,0.07796,2.67,1777887022
All Pools,GENI - USDC,0.3,False,29.84,1481.28,0.0746,1.84,1777887022
All Pools,GUN - BLSEYE🎯,0.3,False,28.25,955.06,0.07062,2.7,1777887022
All Pools,BLSEYE🎯 - AVAX,0.3,False,28.24,6044.29,0.07059,0.43,1777887022
All Pools,APIX - USDC,0.3,False,28.02,3458.87,0.07005,0.74,1777887022
All Pools,BOI - AVAX,0.3,False,27.59,85.96,0.06898,29.29,1777887022
All Pools,SWORLD - AVAX,0.3,False,24.85,7023.17,0.06213,0.32,1777887022
All Pools,PTOP800 - BTC.b,0.1,False,22.68,1004.42,0.02469,0.9,1777887022
All Pools,USDV - AVAX,0.25,False,22.49,1829.95,0.08815,1.76,1777887022
All Pools,APIX - ARENA,0.3,False,22.43,2359.88,0.05607,0.87,1777887022
All Pools,ROCO - AVAX,0.3,False,22.21,1292.36,0.05552,1.57,1777887022
All Pools,AVAX - FRAX,0.3,False,22.16,1020.62,0.05539,1.98,1777887022
All Pools,MIM - WETH.e,0.3,False,21.77,1470.43,0.05441,1.35,1777887022
All Pools,KLO - AVAX,0.3,False,20.92,14940.0,0.05231,0.13,1777887022
All Pools,USDt - ncash,0.3,False,20.75,1138.36,0.05188,1.66,1777887022
All Pools,USDC.e - DAI.e,0.3,False,19.07,22650.0,0.04767,0.08,1777887022
All Pools,BOOTY - AVAX,0.3,False,19.05,2148.49,0.04762,0.81,1777887022
All Pools,AVAX - DOMI,0.3,False,18.96,17439.0,0.0474,0.1,1777887022
All Pools,SHRAP - DOMI,0.3,False,18.16,293.86,0.04541,5.64,1777887022
All Pools,HAT - AVAX,0.3,False,17.93,9644.04,0.04484,0.17,1777887022
All Pools,SECOND - AVAX,0.3,False,17.89,1774.02,0.04474,0.92,1777887022
All Pools,SECOND - USDC,0.3,False,17.89,7213.1,0.04472,0.23,1777887022
All Pools,GUN - AVAX,0.3,False,17.81,446.87,0.04451,3.64,1777887022
All Pools,Balln - AVAX,0.3,False,17.6,4264.22,0.04399,0.38,1777887022
All Pools,Psychic - AVAX,0.3,False,16.99,1193.1,0.04249,1.3,1777887022
All Pools,RGOGLZ - USDC,0.3,False,16.73,1592.06,0.04183,0.96,1777887022
All Pools,HAREM - AVAX,0.3,False,14.91,127.24,0.03729,10.7,1777887022
All Pools,WINK - AVAX,0.3,False,14.9,81.05,0.03726,16.78,1777887022
All Pools,HATCHY - AVAX,0.3,False,14.82,9800.47,0.03706,0.14,1777887022
All Pools,BUSD - AVAX,0.3,False,14.81,422.66,0.03703,3.2,1777887022
All Pools,HUSKY - AVAX,0.3,False,14.74,3705.44,0.03685,0.36,1777887022
All Pools,sAVAX - JACK,0.3,False,14.35,293325.0,0.03587,0.0,1777887022
All Pools,UST - USDC.e,0.3,False,14.04,777.85,0.03511,1.65,1777887022
All Pools,XROSS - ORNG,0.3,False,13.44,480.1,0.0336,2.55,1777887022
All Pools,AVAX - GEC,0.3,False,13.24,36345.0,0.03309,0.03,1777887022
All Pools,SVETA - AVAX,0.3,False,13.01,1399.13,0.03252,0.85,1777887022
All Pools,ZRO - AVAX,0.3,False,12.75,199.63,0.03187,5.83,1777887022
All Pools,ORNG - MOOM,0.3,False,12.64,396.83,0.03159,2.91,1777887022
All Pools,YUSD - AVAX,0.3,False,12.51,134.6,0.03128,8.48,1777887022
All Pools,GURS - AVAX,0.3,False,12.38,7715.37,0.03096,0.15,1777887022
All Pools,Psychic - XAUt0,0.3,False,12.1,7020.02,0.03025,0.16,1777887022
All Pools,DCAU - AVAX,0.3,False,12.07,1270.56,0.03017,0.87,1777887022
All Pools,ORNG - JUCI,0.3,False,11.75,497.8,0.02938,2.15,1777887022
All Pools,DCAU - USDT.e,0.3,False,11.42,5313.8,0.02856,0.2,1777887022
All Pools,ggAVAX - AVAX,0.04,False,11.34,373.31,0.00115,0.11,1777887022
All Pools,Ush - AVAX,0.3,False,10.84,2838.81,0.02709,0.35,1777887022
All Pools,YOU - ORNG,0.3,False,10.83,3195.23,0.02706,0.31,1777887022
All Pools,AVAX - HON,0.3,False,10.56,91074.0,0.0264,0.01,1777887022
All Pools,PTOP1000 - AVAX,0.1,False,10.45,636.15,0.01047,0.6,1777887022
All Pools,agEUR - USDC,0.3,False,10.35,63.79,0.02588,14.81,1777887022
All Pools,TECH - AVAX,0.3,False,10.35,14277.0,0.02588,0.07,1777887022
All Pools,DATCM - ORNG,0.3,False,10.3,480.65,0.02575,1.96,1777887022
All Pools,SYN - AVAX,0.3,False,9.992,2784.41,0.02498,0.33,1777887022
All Pools,MYST - AVAX,0.3,False,9.961,913.6,0.0249,0.99,1777887022
All Pools,AVAXAI - USDC,0.3,False,9.695,1721.92,0.02424,0.51,1777887022
All Pools,JPYC - USDC,0.3,False,8.644,351.59,0.02161,2.24,1777887022
All Pools,MDG - USDT.e,0.3,False,8.547,18085.0,0.02137,0.04,1777887022
All Pools,MDG - USDC.e,0.3,False,8.547,9807.03,0.02137,0.08,1777887022
All Pools,MEAT - AVAX,0.3,False,8.141,5414.55,0.02035,0.14,1777887022
All Pools,ORNG - FLUX,0.3,False,7.89,357.7,0.01973,2.01,1777887022
All Pools,USDC.e - USDT.e,0.3,False,7.557,40231.0,0.01889,0.02,1777887022
All Pools,ORNG - SAI,0.3,False,7.381,297.52,0.01845,2.26,1777887022
All Pools,BLSEYE🎯 - ARENA,0.3,False,7.232,1181.81,0.01808,0.56,1777887022
All Pools,UST - USDC,0.3,False,6.878,481.7,0.0172,1.3,1777887022
All Pools,AVAX - PEFI,0.3,False,6.446,4532.48,0.01611,0.13,1777887022
All Pools,FITFI - AVAX,0.3,False,6.439,38.91,0.0161,15.1,1777887022
All Pools,AVAX - ELK,0.3,False,5.244,1727.42,0.01311,0.28,1777887022
All Pools,avUSD - sAVAX,0.3,False,5.024,265.09,0.01256,1.73,1777887022
All Pools,MAI - AVAX,0.3,False,4.685,1822.89,0.01171,0.23,1777887022
All Pools,LINK.e - USDT.e,0.3,False,4.277,236.47,0.01069,1.65,1777887022
All Pools,BLS - USDt,0.3,False,4.197,120.21,0.01049,3.19,1777887022
All Pools,Psychic - BLACK,0.3,False,4.1,468.07,0.01025,0.8,1777887022
All Pools,USDT.e - DAI.e,0.3,False,4.034,7310.36,0.01009,0.05,1777887022
All Pools,LUNA - AVAX,0.3,False,3.684,22.55,0.00921,14.9,1777887022
All Pools,REDWOLF - AVAX,0.3,False,3.588,504.73,0.00897,0.65,1777887022
All Pools,Gravity - BLACK,0.3,False,3.551,1074.9,0.00888,0.3,1777887022
All Pools,MYST - USDC,0.3,False,3.536,256.56,0.00884,1.26,1777887022
All Pools,USV - DAI.e,0.3,False,3.502,4296.58,0.00876,0.07,1777887022
All Pools,LIQR - AVAX,0.3,False,3.413,52084.0,0.00853,0.01,1777887022
All Pools,FollowTheWhiteRabbit - BLACK,0.3,False,3.411,1179.61,0.00853,0.26,1777887022
All Pools,SWIFT - USDC.e,0.3,False,3.301,544.62,0.00825,0.55,1777887022
All Pools,LINK.e - USDC.e,0.3,False,3.261,196.7,0.00815,1.51,1777887022
All Pools,ISA - USDC.e,0.3,False,3.161,493.17,0.0079,0.58,1777887022
All Pools,ISA - AVAX,0.3,False,2.998,1482.16,0.0075,0.18,1777887022
All Pools,APOW - AVAX,0.3,False,2.989,1085.64,0.00747,0.25,1777887022
All Pools,PNG - JOE,0.3,False,2.939,172.59,0.00735,1.55,1777887022
All Pools,BTC.b - TOPIA,0.3,False,2.935,311.84,0.00734,0.86,1777887022
All Pools,Gravity - AVAX,0.3,False,2.93,342.27,0.00733,0.78,1777887022
All Pools,SWIFT - WETH.e,0.3,False,2.842,1660.91,0.00711,0.16,1777887022
All Pools,Trinity - BLACK,0.3,False,2.833,565.35,0.00708,0.46,1777887022
All Pools,MIM - USDC.e,0.3,False,2.792,1993.88,0.00698,0.13,1777887022
All Pools,KINGSHIT - AVAX,0.3,False,2.786,5013.58,0.00697,0.05,1777887022
All Pools,Trinity - AVAX,0.3,False,2.783,1041.6,0.00696,0.24,1777887022
All Pools,USDT.e - CLY,0.3,False,2.774,262.4,0.00694,0.96,1777887022
All Pools,TINU - AVAX,0.3,False,2.724,1357.93,0.00681,0.18,1777887022
All Pools,WETH - USDC.e,0.3,False,2.627,230.37,0.00657,1.04,1777887022
All Pools,YAK - USDC.e,0.3,False,2.55,220.82,0.00638,1.05,1777887022
All Pools,AVAX - aXEN,0.3,False,2.503,79.13,0.00626,2.89,1777887022
All Pools,FollowTheWhiteRabbit - AVAX,0.3,False,2.433,165.93,0.00608,1.34,1777887022
All Pools,DPS - AVAX,0.3,False,2.349,223.06,0.00587,0.96,1777887022
All Pools,DPS - USDC,0.3,False,2.348,1940.83,0.00587,0.11,1777887022
All Pools,pAVAX - AVAX,0.3,False,2.305,1717.96,0.00576,0.12,1777887022
All Pools,Now - BLACK,0.3,False,2.275,446.13,0.00569,0.47,1777887022
All Pools,WETH.e - USDT.e,0.3,False,2.268,168.65,0.00567,1.23,1777887022
All Pools,LUNA - USDC.e,0.3,False,2.239,328.95,0.0056,0.62,1777887022
All Pools,USDC - SHRAP,0.3,False,2.227,28.14,0.00557,7.22,1777887022
All Pools,XAUt0 - Gravity,0.3,False,2.107,401.43,0.00527,0.48,1777887022
All Pools,AVAX - FRAX,0.3,False,2.106,275.56,0.00526,0.7,1777887022
All Pools,AAVE.e - REDWOLF,0.3,False,2.088,162.76,0.00522,1.17,1777887022
All Pools,67 - AVAX,0.3,False,2.022,26.29,0.00505,7.02,1777887022
All Pools,USDC.e - MU,0.3,False,2.001,13422.0,0.005,0.01,1777887022
All Pools,AVAX - TIME,0.3,False,1.973,1226.57,0.00493,0.15,1777887022
All Pools,JOE - USDT,0.3,False,1.973,365.32,0.00493,0.49,1777887022
All Pools,REDWOLF - USDC,0.3,False,1.966,203.62,0.00492,0.88,1777887022
All Pools,AVAX - SPELL,0.3,False,1.955,2781.57,0.00489,0.06,1777887022
All Pools,MaryMagdalene - AVAX,0.3,False,1.945,227.11,0.00486,0.78,1777887022
All Pools,BLSEYE🎯 - BEAM,0.3,False,1.904,346.15,0.00476,0.5,1777887022
All Pools,AVAX - USDT,0.3,False,1.887,2016.55,0.00472,0.09,1777887022
All Pools,AVAX - APOW,0.3,False,1.883,26031.0,0.00471,0.01,1777887022
All Pools,Now - AVAX,0.3,False,1.879,270.04,0.0047,0.63,1777887022
All Pools,3QF - D - AVAX,0.3,False,1.878,1777.23,0.00469,0.1,1777887022
All Pools,XAUt0 - Now,0.3,False,1.877,717.42,0.00469,0.24,1777887022
All Pools,3QF - D - WETH.e,0.3,False,1.872,3154.81,0.00468,0.05,1777887022
All Pools,USDt - USDT.e,0.3,False,1.836,20409.0,0.00459,0.01,1777887022
All Pools,GENI - AVAX,0.3,False,1.823,74.44,0.00456,2.23,1777887022
All Pools,USDC - SOCK,0.3,False,1.778,490.08,0.00444,0.33,1777887022
All Pools,AVAX - SOCK,0.3,False,1.776,3359.44,0.00444,0.05,1777887022
All Pools,CATWIF - AVAX,0.3,False,1.755,3318.43,0.00439,0.05,1777887022
All Pools,PIZZA - AVAX,0.3,False,1.684,519.84,0.00421,0.3,1777887022
All Pools,MAGICK - AVAX,0.3,False,1.663,356.61,0.00416,0.43,1777887022
All Pools,MAGICK - USDC,0.3,False,1.662,240.87,0.00416,0.63,1777887022
All Pools,TRESR - AVAX,0.3,False,1.657,15005.0,0.00414,0.01,1777887022
All Pools,BEAR - AVAX,0.3,False,1.619,7332.32,0.00405,0.02,1777887022
All Pools,FXS - AVAX,0.3,False,1.56,446.47,0.0039,0.32,1777887022
All Pools,APOW - USDC,0.3,False,1.553,169.21,0.00388,0.84,1777887022
All Pools,APOW - USDt,0.3,False,1.438,168.89,0.0036,0.78,1777887022
All Pools,USDC.e - AVVO,0.3,False,1.41,252.89,0.00352,0.51,1777887022
All Pools,WETH.e - ONION,0.3,False,1.393,277.86,0.00348,0.46,1777887022
All Pools,USDT.e - ONION,0.3,False,1.392,778.0,0.00348,0.16,1777887022
All Pools,AVAX - ONION,0.3,False,1.277,184.28,0.00319,0.63,1777887022
All Pools,HOST - DAI.e,0.3,False,1.271,2606.28,0.00318,0.04,1777887022
All Pools,LF - AVAX,0.3,False,1.248,295.31,0.00312,0.39,1777887022
All Pools,SHOE - AVAX,0.3,False,1.248,671.91,0.00312,0.17,1777887022
All Pools,MIM - LF,0.3,False,1.248,913.86,0.00312,0.12,1777887022
All Pools,SHOE - BTC.b,0.3,False,1.206,855.71,0.00301,0.13,1777887022
All Pools,BLSEYE🎯 - MEOW,0.3,False,1.199,674.9,0.003,0.16,1777887022
All Pools,HUSKY - JOE,0.3,False,1.187,184.62,0.00297,0.59,1777887022
All Pools,AVAX - NaughtiusMaximus,0.3,False,1.183,447.7,0.00296,0.24,1777887022
All Pools,XAUt0 - NaughtiusMaximus,0.3,False,1.155,1059.31,0.00289,0.1,1777887022
All Pools,AVAX - IMPACT2,0.3,False,1.127,170.54,0.00282,0.6,1777887022
All Pools,USDC.e - ONION,0.3,False,1.126,388.8,0.00281,0.26,1777887022
All Pools,WBTC.e - ONION,0.3,False,1.076,413.75,0.00269,0.24,1777887022
All Pools,SMRTr - AVAX,0.3,False,1.064,37262.0,0.00266,0.0,1777887022
All Pools,SMRTr - USDC.e,0.3,False,1.059,126.96,0.00265,0.76,1777887022
All Pools,AVAX - SHRAP,0.3,False,1.058,17.76,0.00265,5.44,1777887022
All Pools,LUNA - AVAX,0.3,False,1.056,144.88,0.00264,0.66,1777887022
All Pools,AVAX - AMI,0.3,False,1.053,544.51,0.00263,0.18,1777887022
All Pools,SWIFT - AVAX,0.3,False,1.052,312.9,0.00263,0.31,1777887022
All Pools,rloop - AVAX,0.3,False,0.99149,6304.81,0.00248,0.01,1777887022
All Pools,LUEEGI - AVAX,0.3,False,0.98903,1600.4,0.00247,0.06,1777887022
All Pools,KIWI - AVAX,0.3,False,0.97421,116.2,0.00244,0.77,1777887022
All Pools,ROY - AVAX,0.3,False,0.96256,5005.83,0.00241,0.02,1777887022
All Pools,KIWI - USDC,0.3,False,0.95558,309.73,0.00239,0.28,1777887022
All Pools,DAI.e - ONION,0.3,False,0.94706,355.12,0.00237,0.24,1777887022
All Pools,MIM - PEFI,0.3,False,0.93174,205.04,0.00233,0.41,1777887022
All Pools,BANKSY - AVAX,0.3,False,0.92257,174.42,0.00231,0.48,1777887022
All Pools,BANKSY - USDT.e,0.3,False,0.92177,1563.5,0.0023,0.05,1777887022
All Pools,DCAU - USDC,0.3,False,0.90579,151.31,0.00226,0.55,1777887022
All Pools,MaryMagdalene - XAUt0,0.3,False,0.90443,1951.9,0.00226,0.04,1777887022
All Pools,WBTC.e - USDT.e,0.3,False,0.89623,174.12,0.00224,0.47,1777887022
All Pools,BLS - SHRAP,0.3,False,0.88247,9.994,0.00221,8.06,1777887022
All Pools,COQ - BLSEYE🎯,0.3,False,0.87227,216.16,0.00218,0.37,1777887022
All Pools,Trinity - Psychic,0.3,False,0.86937,549.55,0.00217,0.14,1777887022
All Pools,AVAX - MU,0.3,False,0.83541,89.21,0.00209,0.85,1777887022
All Pools,AVAX - $SICKO,0.3,False,0.83496,10.02,0.00209,7.6,1777887022
All Pools,DREGG - AVAX,0.3,False,0.83102,181.86,0.00208,0.42,1777887022
All Pools,DREGG - USDT.e,0.3,False,0.82763,549.67,0.00207,0.14,1777887022
All Pools,ACS - AVAX,0.3,False,0.82047,209.85,0.00205,0.36,1777887022
All Pools,FTOMB - AVAX,0.3,False,0.77124,10286.0,0.00193,0.01,1777887022
All Pools,YETI - AVAX,0.3,False,0.75916,945.34,0.0019,0.07,1777887022
All Pools,AVAX - AVVO,0.3,False,0.75633,307.07,0.00189,0.22,1777887022
All Pools,AVAX - ChristMark,0.3,False,0.72406,361.38,0.00181,0.18,1777887022
All Pools,UST - USDT.e,0.3,False,0.72348,44.2,0.00181,1.49,1777887022
All Pools,AVAX - KONG,0.3,False,0.69187,7552.11,0.00173,0.01,1777887022
All Pools,JOE - EXP,0.3,False,0.6894,13456620.0,0.00172,,1777887022
All Pools,GUN - AMI,0.3,False,0.68448,22.49,0.00171,2.78,1777887022
All Pools,AVAX - SMRT,0.3,False,0.68197,2376.78,0.0017,0.03,1777887022
All Pools,LadyMary - AVAX,0.3,False,0.67852,368.29,0.0017,0.17,1777887022
All Pools,USDC - SPT,0.3,False,0.66346,40.82,0.00166,1.48,1777887022
All Pools,USDC - GAU,0.3,False,0.66189,12178.0,0.00165,0.0,1777887022
All Pools,CANS - AVAX,0.3,False,0.65259,13.07,0.00163,4.56,1777887022
All Pools,Gladiator - AVAX,0.3,False,0.64876,3.722,0.00162,15.91,1777887022
All Pools,USDT.e - SMRT,0.3,False,0.64622,107.72,0.00162,0.55,1777887022
All Pools,FollowTheWhiteRabbit - LuciferMorningstar,0.3,False,0.63467,3654.18,0.00159,0.02,1777887022
All Pools,USDC - SDOG,0.3,False,0.62608,482.2,0.00157,0.12,1777887022
All Pools,MM - USDC,0.3,False,0.61179,84.19,0.00153,0.66,1777887022
All Pools,MM - AVAX,0.3,False,0.6075,134.81,0.00152,0.41,1777887022
All Pools,GAINS - AVAX,0.3,False,0.60469,41.06,0.00151,1.34,1777887022
All Pools,AVAX - TheGospelOfMary,0.3,False,0.5969,160.09,0.00149,0.34,1777887022
All Pools,MAXI - DAI.e,0.3,False,0.59689,237.34,0.00149,0.23,1777887022
All Pools,Orange - AVAX,0.3,False,0.59197,88.32,0.00148,0.61,1777887022
All Pools,MONEY - AVAX,0.3,False,0.59067,639.61,0.00148,0.08,1777887022
All Pools,KALM - AVAX,0.3,False,0.57414,127.26,0.00144,0.41,1777887022
All Pools,KALM - USDC,0.3,False,0.57398,84.9,0.00143,0.62,1777887022
All Pools,STATIK - AVAX,0.3,False,0.56748,44.61,0.00142,1.16,1777887022
All Pools,AVAX - ARENA,0.3,False,0.56747,81.84,0.00142,0.63,1777887022
All Pools,BTC.b - IMPACT2,0.3,False,0.56735,1277.38,0.00142,0.04,1777887022
All Pools,LadyMary - FollowTheWhiteRabbit,0.3,False,0.56163,653.37,0.0014,0.08,1777887022
All Pools,XAUt0 - ChristMark,0.3,False,0.55004,698.25,0.00138,0.07,1777887022
All Pools,HOST - AVAX,0.3,False,0.54041,107.41,0.00135,0.46,1777887022
All Pools,Trinity - LuciferMorningstar,0.3,False,0.53756,353297368.0,0.00134,,1777887022
All Pools,VPND - AVAX,0.3,False,0.53111,25920.0,0.00133,0.0,1777887022
All Pools,AVAX - PENDLE,0.3,False,0.53102,7802.06,0.00133,0.01,1777887022
All Pools,50 - AVAX,0.3,False,0.52876,76.34,0.00132,0.63,1777887022
All Pools,50 - USDC,0.3,False,0.52856,120.12,0.00132,0.4,1777887022
All Pools,USDC.e - WXT,0.3,False,0.51974,290.5,0.0013,0.16,1777887022
All Pools,AMPL - AVAX,0.3,False,0.51174,343.51,0.00128,0.14,1777887022
All Pools,HEFE - GAINS,0.3,False,0.49422,5.923,0.00124,7.61,1777887022
All Pools,USDt - IMPACT2,0.3,False,0.48883,71.83,0.00122,0.62,1777887022
All Pools,MIM - TIME,0.3,False,0.48092,123.4,0.0012,0.36,1777887022
All Pools,FERT - AVAX,0.3,False,0.4636,809.17,0.00116,0.05,1777887022
All Pools,PTOP900 - TOPIA,0.3,False,0.45979,104.21,0.00115,0.4,1777887022
All Pools,Orange - DivineFeminine,0.3,False,0.45842,1115.4,0.00115,0.04,1777887022
All Pools,ZUBAX - USDT.e,0.3,False,0.45829,184.61,0.00115,0.23,1777887022
All Pools,AVAX - ZUBAX,0.3,False,0.45466,117.26,0.00114,0.35,1777887022
All Pools,Psychic - Now,0.3,False,0.45294,639.94,0.00113,0.06,1777887022
All Pools,PTOP1100 - TOPIA,0.3,False,0.45247,151.45,0.00113,0.27,1777887022
All Pools,BTC.b - oXAUT,0.3,False,0.44915,375.92,0.00112,0.11,1777887022
All Pools,oXAUT - AVAX,0.3,False,0.44906,521.23,0.00112,0.08,1777887022
All Pools,BNB - AVAX,0.3,False,0.437,4139.47,0.00109,0.01,1777887022
All Pools,JEWEL - USDC,0.3,False,0.43028,4494.01,0.00108,0.01,1777887022
All Pools,SYMBIOT - AVAX,0.3,False,0.4294,92.56,0.00107,0.42,1777887022
All Pools,USDT - ETH,0.3,False,0.42385,216.58,0.00106,0.18,1777887022
All Pools,SYMBIOT - DAI.e,0.3,False,0.42114,470.9,0.00105,0.08,1777887022
All Pools,BrideOfChrist - AVAX,0.3,False,0.41811,89.92,0.00105,0.42,1777887022
All Pools,LINK.e - REDWOLF,0.3,False,0.41186,82.29,0.00103,0.46,1777887022
All Pools,BTC.b - SPT,0.3,False,0.41098,39.89,0.00103,0.94,1777887022
All Pools,ZRO - USDC,0.3,False,0.4065,5.615,0.00102,6.61,1777887022
All Pools,MaryMagdalene - FollowTheWhiteRabbit,0.3,False,0.40605,207.79,0.00102,0.18,1777887022
All Pools,WETH.e - USDC,0.3,False,0.4054,22.88,0.00101,1.62,1777887022
All Pools,MU - DAI.e,0.3,False,0.38968,244.76,,0.15,1777887022
All Pools,gOHM - SB,0.3,False,0.38097,15.73,,2.21,1777887022
All Pools,SOL - USDC,0.3,False,0.37641,24.17,,1.42,1777887022
All Pools,LINDA - AVAX,0.3,False,0.37187,2101.71,,0.02,1777887022
All Pools,WETH.e - REDWOLF,0.3,False,0.37157,103.28,,0.33,1777887022
All Pools,HEFE - CANS,0.3,False,0.36443,4.327,,7.68,1777887022
All Pools,Gladiator - USDC,0.3,False,0.35774,564.41,,0.06,1777887022
All Pools,ABC - AVAX,0.3,False,0.34651,1090.76,,0.03,1777887022
All Pools,APIX - LAMBO,0.3,False,0.34158,565.23,,0.06,1777887022
All Pools,COQ - JUICE,0.3,False,0.34089,48.51,,0.64,1777887022
All Pools,BLUB - AVAX,0.3,False,0.33939,17103.0,,0.0,1777887022
All Pools,Gladiator - AMI,0.3,False,0.33302,372.29,,0.08,1777887022
All Pools,WETH.e - SURE,0.3,False,0.33066,1109.22,,0.03,1777887022
All Pools,USDC - CHAM,0.3,False,0.31627,49.94,,0.58,1777887022
All Pools,FollowTheWhiteRabbit - TheGospelOfMary,0.3,False,0.31619,158.47,,0.18,1777887022
All Pools,USDC - aXEN,0.3,False,0.31579,9.361,,3.08,1777887022
All Pools,RUX - AVAX,0.3,False,0.3117,30.26,,0.94,1777887022
All Pools,USDt - RUX,0.3,False,0.31158,15991.0,,0.0,1777887022
All Pools,BOI - MU,0.3,False,0.29918,1.352,,20.19,1777887022
All Pools,CQK - AVAX,0.3,False,0.2989,131.76,,0.21,1777887022
All Pools,CQK - USDC,0.3,False,0.29878,35.12,,0.78,1777887022
All Pools,KIMBO - CANS,0.3,False,0.29561,396.24,,0.07,1777887022
All Pools,Psychic - Meaning,0.3,False,0.29131,316.62,,0.08,1777887022
All Pools,Meaning - AVAX,0.3,False,0.29108,457.58,,0.06,1777887022
All Pools,HUSKY - AMI,0.3,False,0.28581,86.99,,0.3,1777887022
All Pools,sAVAX - COQ,0.3,False,0.28367,95.0,,0.27,1777887022
All Pools,USDC.e - SOL,0.3,False,0.27478,41.91,,0.6,1777887022
All Pools,IMPACT2 - EURC,0.3,False,0.27467,47.17,,0.53,1777887022
All Pools,USDC - USD+,0.3,False,0.27122,32.97,,0.75,1777887022
All Pools,USDT.e - MU,0.3,False,0.26655,254.62,,0.1,1777887022
All Pools,CGS - AVAX,0.3,False,0.25966,66.92,,0.35,1777887022
All Pools,CGS - USDC.e,0.3,False,0.25949,159.37,,0.15,1777887022
All Pools,JOE - KRW,0.3,False,0.25334,239.19,,0.1,1777887022
All Pools,KRW - AVAX,0.3,False,0.25319,459.93,,0.05,1777887022
All Pools,BOI - AMI,0.3,False,0.25179,1.158,,19.84,1777887022
All Pools,USDC - yyAVAX,0.3,False,0.2516,14.25,,1.61,1777887022
All Pools,AftermathsKobe - AVAX,0.3,False,0.25059,297.43,,0.08,1777887022
All Pools,BUSD - USDC,0.3,False,0.25016,7.744,,2.95,1777887022
All Pools,Psychic - AftermathsKobe,0.3,False,0.25005,328.65,,0.07,1777887022
All Pools,miMatic - USDC.e,0.3,False,0.24835,23.42,,0.97,1777887022
All Pools,DivineFeminine - Gravity,0.3,False,0.2483,2349.92,,0.01,1777887022
All Pools,DFIAT - USDT.e,0.3,False,0.23926,28.2,,0.77,1777887022
All Pools,Psychic - Ducks,0.3,False,0.23321,323.44,,0.07,1777887022
All Pools,Ducks - AVAX,0.3,False,0.23303,292.69,,0.07,1777887022
All Pools,DCAU - MIM,0.3,False,0.23224,311.55,,0.07,1777887022
All Pools,AVAX - WISE,0.3,False,0.23107,79.46,,0.27,1777887022
All Pools,USDC.e - WISE,0.3,False,0.23098,46.25,,0.46,1777887022
All Pools,AVAI - AVAX,0.3,False,0.22787,29.53,,0.7,1777887022
All Pools,AVAX - TOPIA,0.3,False,0.22731,528.75,,0.04,1777887022
All Pools,VEE - USDC,0.3,False,0.22647,32.33,,0.64,1777887022
All Pools,Psychic - Jjj,0.3,False,0.22584,323.84,,0.06,1777887022
All Pools,Jjj - AVAX,0.3,False,0.22576,293.28,,0.07,1777887022
All Pools,MaryMagdalene - TheGospelOfMary,0.3,False,0.22466,272.81,,0.08,1777887022
All Pools,COQ - OX,0.3,False,0.22148,12282.0,,0.0,1777887022
All Pools,TSD - AVAX,0.3,False,0.21912,327.3,,0.06,1777887022
All Pools,MIM - MU,0.3,False,0.21867,253.29,,0.08,1777887022
All Pools,VENG - AVAX,0.3,False,0.21857,60.71,,0.33,1777887022
All Pools,UNI.e - REDWOLF,0.3,False,0.21518,10.03,,1.96,1777887022
All Pools,FollowTheWhiteRabbit - DivineFeminine,0.3,False,0.21041,682.02,,0.03,1777887022
All Pools,AVAX - ELK,0.3,False,0.2075,70.2,,0.27,1777887022
All Pools,BrideOfChrist - FollowTheWhiteRabbit,0.3,False,0.20682,731.49,,0.03,1777887022
All Pools,COQ - NOCHILL,0.3,False,0.20677,15.31,,1.23,1777887022
All Pools,AVAX - XPOW,0.3,False,0.20421,40.0,,0.47,1777887022
All Pools,Psychic - MeaningOfNumbers,0.3,False,0.20032,323.78,,0.06,1777887022
All Pools,AVAX - MeaningOfNumbers,0.3,False,0.20022,292.91,,0.06,1777887022
All Pools,AVAX - APOW,0.3,False,0.19839,39.56,,0.46,1777887022
All Pools,AVAT - USDC,0.3,False,0.1937,40.46,,0.44,1777887022
All Pools,USDt - REDWOLF,0.3,False,0.19333,15.02,,1.17,1777887022
All Pools,SURE - DAI.e,0.3,False,0.19308,28.31,,0.62,1777887022
All Pools,AVAX - CHAM,0.3,False,0.19149,32.96,,0.53,1777887022
All Pools,AVAX - FORT,0.3,False,0.18893,39.42,,0.44,1777887022
All Pools,MIM - FORT,0.3,False,0.18877,18188.0,,,1777887022
All Pools,AVVO - DAI.e,0.3,False,0.18233,39.81,,0.42,1777887022
All Pools,MaryMagdalene - Gravity,0.3,False,0.18139,133.29,,0.12,1777887022
All Pools,SLUSH - AVAX,0.3,False,0.1756,59.23,,0.27,1777887022
All Pools,DFIAT - AVAX,0.3,False,0.17556,7551.37,,0.0,1777887022
All Pools,- AMI,0.3,False,0.17547,13.19,,1.21,1777887022
All Pools,SLUSH - USDT.e,0.3,False,0.17539,60.35,,0.27,1777887022
All Pools,DéjàVu - Gravity,0.3,False,0.17525,210.37,,0.08,1777887022
All Pools,Xmas - AVAX,0.3,False,0.17465,275.97,,0.06,1777887022
All Pools,Psychic - Xmas,0.3,False,0.17461,304.23,,0.05,1777887022
All Pools,AVAX - MILO,0.3,False,0.17447,1153.67,,0.01,1777887022
All Pools,USDt - MILO,0.3,False,0.17439,17.16,,0.93,1777887022
All Pools,FollowTheWhiteRabbit - Priory,0.3,False,0.17407,929.09,,0.02,1777887022
All Pools,Priory - AVAX,0.3,False,0.17405,77.25,,0.21,1777887022
All Pools,AI - AVAX,0.3,False,0.17369,4390.73,,0.0,1777887022
All Pools,DivineFeminine - AVAX,0.3,False,0.17288,6.274,,2.51,1777887022
All Pools,AVAX - DUO,0.3,False,0.17174,71.47,,0.22,1777887022
All Pools,USDT.e - DUO,0.3,False,0.17153,57.67,,0.27,1777887022
All Pools,Gold - Now,0.3,False,0.16939,906.65,,0.02,1777887022
All Pools,Gold - AVAX,0.3,False,0.16936,89.09,,0.17,1777887022
All Pools,TOPIA - PTOP800,0.3,False,0.16519,147.11,,0.1,1777887022
All Pools,Chemistry - AVAX,0.3,False,0.16337,89.66,,0.17,1777887022
All Pools,LUNA - LUNA,0.3,False,0.16299,2.535,,5.87,1777887022
All Pools,BrideOfChrist - BLACK,0.3,False,0.16229,33.27,,0.45,1777887022
All Pools,HEFE - AMI,0.3,False,0.1613,1.779,,8.27,1777887022
All Pools,PTOP1000 - TOPIA,0.3,False,0.16114,102.41,,0.14,1777887022
All Pools,Trinity - Gravity,0.3,False,0.15626,2482.38,,0.01,1777887022
All Pools,YEEHAW - BTC.b,0.3,False,0.15538,128.75,,0.11,1777887022
All Pools,AVAX - SPT,0.3,False,0.15043,16.52,,0.83,1777887022
All Pools,USDT.e - ZABU,0.3,False,0.15015,48.2,,0.28,1777887022
All Pools,AVAX - Prometheus,0.3,False,0.1498,286.23,,0.05,1777887022
All Pools,Psychic - Prometheus,0.3,False,0.14978,314.92,,0.04,1777887022
All Pools,MaryMagdalene - BrideOfChrist,0.3,False,0.14676,120.7,,0.11,1777887022
All Pools,wsOHM - AVAX,0.3,False,0.14483,22.29,,0.59,1777887022
All Pools,$Crazy - AVAX,0.3,False,0.14483,1013.99,,0.01,1777887022
All Pools,Chemistry - Now,0.3,False,0.14346,911.31,,0.01,1777887022
All Pools,AVAX - LuciferMorningstar,0.3,False,0.14281,14.68,,0.89,1777887022
All Pools,SUB - USDC,0.3,False,0.14237,13.36,,0.97,1777887022
All Pools,SURE - USDC.e,0.3,False,0.14014,23.85,,0.54,1777887022
All Pools,YEEHAW - AVAX,0.3,False,0.13814,31.99,,0.39,1777887022
All Pools,Matter - AVAX,0.3,False,0.13359,80.87,,0.15,1777887022
All Pools,Orange - Matter,0.3,False,0.13329,9059.83,,0.0,1777887022
All Pools,MIM - wsOHM,0.3,False,0.13012,1104.99,,0.01,1777887022
All Pools,AVAT - AVAX,0.3,False,0.12987,21.53,,0.55,1777887022
All Pools,METAG - AVAX,0.3,False,0.129,24.39,,0.48,1777887022
All Pools,WLRS - USDC.e,0.3,False,0.12838,4544.09,,0.0,1777887022
All Pools,USDt - DXN,0.3,False,0.12652,215.71,,0.05,1777887022
All Pools,USDC - BVAX,0.3,False,0.12577,31.05,,0.37,1777887022
All Pools,GLOBA - AVAX,0.3,False,0.12557,51.79,,0.22,1777887022
All Pools,PAPA - AVAX,0.3,False,0.12506,30.86,,0.37,1777887022
All Pools,MIM - PAPA,0.3,False,0.12494,416.14,,0.03,1777887022
All Pools,Hopi - AVAX,0.3,False,0.12352,217.95,,0.05,1777887022
All Pools,Hopi - Now,0.3,False,0.12345,721.81,,0.02,1777887022
All Pools,AVAX - SDOG,0.3,False,0.12258,10.19,,1.1,1777887022
All Pools,ElvisJackpot - BLACK,0.3,False,0.12213,17.77,,0.63,1777887022
All Pools,YETI - AVAX,0.3,False,0.12008,3314.39,,0.0,1777887022
All Pools,GLOBA - DAI.e,0.3,False,0.12005,52.7,,0.21,1777887022
All Pools,AVAX - ZABU,0.3,False,0.11877,30.27,,0.36,1777887022
All Pools,NOCHILL - KET,0.3,False,0.11863,16.54,,0.65,1777887022
All Pools,RoselineBloodline - AVAX,0.3,False,0.11798,44.3,,0.24,1777887022
All Pools,USDt - XPOW,0.3,False,0.11729,20.21,,0.53,1777887022
All Pools,MIM - USDC,0.3,False,0.11711,76.78,,0.14,1777887022
All Pools,Beyond - AVAX,0.3,False,0.114,90.04,,0.12,1777887022
All Pools,Beyond - Orange,0.3,False,0.11378,4470.57,,0.0,1777887022
All Pools,WBTC.e - REDWOLF,0.3,False,0.11203,59.68,,0.17,1777887022
All Pools,REDWOLF - SOL,0.3,False,0.11161,75.27,,0.14,1777887022
All Pools,miMatic - AVAX,0.3,False,0.11065,37.19,,0.27,1777887022
All Pools,USDC - APOW,0.3,False,0.11017,20.17,,0.5,1777887022
All Pools,Solar - AVAX,0.3,False,0.10994,89.86,,0.11,1777887022
All Pools,Solar - Now,0.3,False,0.10987,914.49,,0.01,1777887022
All Pools,VELAI - AVAX,0.3,False,0.10813,0.32581,,30.28,1777887022
All Pools,RPEPE - AVAX,0.3,False,0.10797,6353.75,,0.0,1777887022
All Pools,Psychic - DéjàVu,0.3,False,0.1071,199.12,,0.05,1777887022
All Pools,Psychic - CommieSukey,0.3,False,0.10605,323.77,,0.03,1777887022
All Pools,CommieSukey - AVAX,0.3,False,0.10604,293.87,,0.03,1777887022
All Pools,TOMB - USDC,0.3,False,0.10493,10.65,,0.9,1777887022
All Pools,WarpSpeed - AVAX,0.3,False,0.10421,138.52,,0.07,1777887022
All Pools,Gravity - WarpSpeed,0.3,False,0.10419,84.77,,0.11,1777887022
All Pools,XAUt0 - ElvisJackpot,0.3,False,0.10152,329.25,,0.03,1777887022
All Pools,MELT - AVAX,0.3,False,0.10147,25.12,,0.37,1777887022
All Pools,Christmas - Merovingian,0.3,False,0.09712,118.19,,0.07,1777887022
All Pools,Christmas - AVAX,0.3,False,0.09709,250.99,,0.04,1777887022
All Pools,Now - Merovingian,0.3,False,0.09665,70.32,,0.13,1777887022
All Pools,TrumpTower - AVAX,0.3,False,0.09599,159.16,,0.06,1777887022
All Pools,TrumpTower - Gravity,0.3,False,0.09598,75.88,,0.12,1777887022
All Pools,JPYC - USDC.e,0.3,False,0.09463,4.803,,1.8,1777887022
All Pools,AVAX - GAU,0.3,False,0.09258,9.169,,0.92,1777887022
All Pools,Trinity - LadyMary,0.3,False,0.09006,11267.0,,,1777887022
All Pools,MIM - GRAPE,0.3,False,0.08861,2413.39,,0.0,1777887022
All Pools,WLRS - GRAPE,0.3,False,0.08859,78.83,,0.1,1777887022
All Pools,USDt - APOW,0.3,False,0.08814,20.21,,0.4,1777887022
All Pools,USDC - XPOW,0.3,False,0.0868,20.23,,0.39,1777887022
All Pools,METAG - USDt,0.3,False,0.08642,16.07,,0.49,1777887022
All Pools,HUSKY - MUG,0.3,False,0.08522,24.52,,0.32,1777887022
All Pools,ALOT - USDC.e,0.3,False,0.0842,9.264,,0.83,1777887022
All Pools,AVAX - BLANC,0.3,False,0.08261,22.06,,0.34,1777887022
All Pools,MIM - BLANC,0.3,False,0.08253,8445.1,,,1777887022
All Pools,JOE - ZABU,0.3,False,0.08253,18.49,,0.41,1777887022
All Pools,PTOP1300 - TOPIA,0.3,False,0.08188,97.17,,0.08,1777887022
All Pools,MAJIN - REDWOLF,0.3,False,0.08118,7.154,,1.04,1777887022
All Pools,FLAKE - AVAX,0.3,False,0.08092,21.53,,0.34,1777887022
All Pools,FLAKE - USDT.e,0.3,False,0.08082,51.12,,0.14,1777887022
All Pools,COQ - BOOTY,0.3,False,0.07986,10.56,,0.69,1777887022
All Pools,LIBRE - USDC.e,0.3,False,0.07868,15.04,,0.48,1777887022
All Pools,Psychic - BlackAndGold,0.3,False,0.07765,323.19,,0.02,1777887022
All Pools,AVAX - BlackAndGold,0.3,False,0.07762,294.4,,0.02,1777887022
All Pools,BTC.b - REDWOLF,0.3,False,0.07744,120.5,,0.06,1777887022
All Pools,TECH - OX,0.3,False,0.07656,4907.46,,0.0,1777887022
All Pools,USDT.e - XAVA,0.3,False,0.07555,11.23,,0.61,1777887022
All Pools,WINK - NOCHILL,0.3,False,0.07526,0.90902,,7.56,1777887022
All Pools,MAJIN - MU,0.3,False,0.07453,4.479,,1.52,1777887022
All Pools,UST - USDC,0.3,False,0.07449,4.513,,1.51,1777887022
All Pools,AVAX - STRAW,0.3,False,0.07424,15.9,,0.43,1777887022
All Pools,HEFE - HIGHER,0.3,False,0.07378,0.89271,,7.54,1777887022
All Pools,Blue - AVAX,0.3,False,0.07372,263.11,,0.03,1777887022
All Pools,YEEHAW - USDC,0.3,False,0.0737,12.74,,0.53,1777887022
All Pools,TruthClosure - BLACK,0.3,False,0.07212,25.89,,0.25,1777887022
All Pools,DAI.e - STRAW,0.3,False,0.07095,34.42,,0.19,1777887022
All Pools,SLIME - AVAX,0.3,False,0.0704,21757.0,,,1777887022
All Pools,SLIME - USDt,0.3,False,0.07035,7.375,,0.87,1777887022
All Pools,Psychic - Stolen,0.3,False,0.06993,86.32,,0.07,1777887022
All Pools,Gil - AVAX,0.3,False,0.06934,17.3,,0.37,1777887022
All Pools,AVAX - Nala,0.3,False,0.0691,25.79,,0.24,1777887022
All Pools,AVAX - BLACK,0.3,False,0.06864,6.073,,1.03,1777887022
All Pools,HIGHER - AVAX,0.3,False,0.06862,1.864,,3.36,1777887022
All Pools,Mungo - AVAX,0.3,False,0.06843,41.33,,0.15,1777887022
All Pools,DéjàVu - Mungo,0.3,False,0.06835,184.23,,0.03,1777887022
All Pools,BTC.b - MU,0.3,False,0.06787,11.39,,0.54,1777887022
All Pools,BTC.b - USDC,0.3,False,0.06767,4.701,,1.31,1777887022
All Pools,Gil - DAI.e,0.3,False,0.06626,28.65,,0.21,1777887022
All Pools,LINK.e - MU,0.3,False,0.06407,7.522,,0.78,1777887022
All Pools,SOB - LUNA,0.3,False,0.06387,1.342,,4.34,1777887022
All Pools,FITFI - USDC,0.3,False,0.06307,0.4452,,12.93,1777887022
All Pools,AVAX - NEMO,0.3,False,0.06257,7.793,,0.73,1777887022
All Pools,USDt - NEMO,0.3,False,0.06253,96.57,,0.06,1777887022
All Pools,FollowTheWhiteRabbit - RoselineBloodline,0.3,False,0.06214,41.36,,0.14,1777887022
All Pools,Light - AVAX,0.3,False,0.06184,90.01,,0.06,1777887022
All Pools,USDC - AMI,0.3,False,0.06178,0.67057,,8.41,1777887022
All Pools,Light - Now,0.3,False,0.0617,916.04,,0.01,1777887022
All Pools,GAS - AVAX,0.3,False,0.0593,232.9,,0.02,1777887022
All Pools,REDWOLF - SHRAP,0.3,False,0.05913,1.151,,4.69,1777887022
All Pools,Gravity - TheGospelOfMary,0.3,False,0.05701,34.38,,0.15,1777887022
All Pools,AVAX - SNOB,0.3,False,0.05619,968.28,,0.01,1777887022
All Pools,Go - AVAX,0.3,False,0.05618,140.1,,0.04,1777887022
All Pools,MaryMagdalene - RoselineBloodline,0.3,False,0.05595,46.66,,0.11,1777887022
All Pools,Chrism - ChristMark,0.3,False,0.05587,181.85,,0.03,1777887022
All Pools,CNR - USDt,0.3,False,0.05521,4.874,,1.03,1777887022
All Pools,BANKSY - AVAX,0.3,False,0.05509,23.63,,0.21,1777887022
All Pools,BANKSY - USDC.e,0.3,False,0.05503,31.64,,0.16,1777887022
All Pools,Gravity - NaughtiusMaximus,0.3,False,0.05498,5.077,,0.99,1777887022
All Pools,MELT - USDC.e,0.3,False,0.05469,31.42,,0.16,1777887022
All Pools,HEFE - Always,0.3,False,0.05398,0.87049,,5.66,1777887022
All Pools,Anon - AVAX,0.3,False,0.0539,14.11,,0.35,1777887022
All Pools,wsOHM - USDC.e,0.3,False,0.05364,42.67,,0.11,1777887022
All Pools,Stolen - AVAX,0.3,False,0.05342,17.71,,0.28,1777887022
All Pools,CNR - USDC,0.3,False,0.05312,4.848,,1.0,1777887022
All Pools,Psychic - Blue,0.3,False,0.05295,82.73,,0.06,1777887022
All Pools,Sanskrit - AVAX,0.3,False,0.05151,90.12,,0.05,1777887022
All Pools,Sanskrit - Now,0.3,False,0.0514,917.25,,0.01,1777887022
All Pools,MIM - DAI.e,0.3,False,0.05118,52.15,,0.09,1777887022
All Pools,AVAX - Mentor,0.3,False,0.0494,89.72,,0.05,1777887022
All Pools,Now - Mentor,0.3,False,0.04934,913.63,,0.0,1777887022
All Pools,TruthClosure - AVAX,0.3,False,0.04899,11.62,,0.38,1777887022
All Pools,bECH - AVAX,0.3,False,0.0486,21.89,,0.2,1777887022
All Pools,JOE - ZUBAX,0.3,False,0.04787,9.106,,0.48,1777887022
All Pools,Silver - AVAX,0.3,False,0.04712,88.57,,0.05,1777887022
All Pools,Silver - Now,0.3,False,0.04703,917.66,,0.0,1777887022
All Pools,MELT - USDT.e,0.3,False,0.04668,31.09,,0.14,1777887022
All Pools,WINK - MU,0.3,False,0.04664,0.47512,,8.96,1777887022
All Pools,MIM - SPELL,0.3,False,0.04614,7.605,,0.55,1777887022
All Pools,LoveIsTheKey - AVAX,0.3,False,0.04608,15.03,,0.28,1777887022
All Pools,MIM - AUSD,0.3,False,0.04508,35.37,,0.12,1777887022
All Pools,AVAX - All,0.3,False,0.04472,294.7,,0.01,1777887022
All Pools,Psychic - All,0.3,False,0.04464,323.32,,0.01,1777887022
All Pools,Trinity - Nala,0.3,False,0.04388,40.99,,0.1,1777887022
All Pools,Psychic - Chrism,0.3,False,0.04345,64.56,,0.06,1777887022
All Pools,NOCHILL - AMI,0.3,False,0.04281,6.072,,0.64,1777887022
All Pools,AVAX - SantaGospel,0.3,False,0.0428,134.35,,0.03,1777887022
All Pools,COQ - AMI,0.3,False,0.04261,14.22,,0.27,1777887022
All Pools,METAG - USDT.e,0.3,False,0.04246,49.33,,0.08,1777887022
All Pools,Apollyon - AVAX,0.3,False,0.04211,36.57,,0.11,1777887022
All Pools,Apollyon - LuciferMorningstar,0.3,False,0.04206,235196665.0,,,1777887022
All Pools,wMEMO - MIM,0.3,False,0.04138,20.8,,0.18,1777887022
All Pools,USDC - WSPP,0.3,False,0.04136,43.79,,0.09,1777887022
All Pools,Trinity - Stolen,0.3,False,0.04098,29.81,,0.13,1777887022
All Pools,Yellow - AVAX,0.3,False,0.04052,265.33,,0.01,1777887022
All Pools,wMEMO - AVAX,0.3,False,0.04042,13.9,,0.27,1777887022
All Pools,WETH.e - yyAVAX,0.3,False,0.04034,19.48,,0.19,1777887022
All Pools,gOHM - wsOHM,0.3,False,0.04012,38.37,,0.1,1777887022
All Pools,COQ - JUICY,0.3,False,0.03994,0.7105,,5.13,1777887022
All Pools,Who - AVAX,0.3,False,0.0397,139.88,,0.03,1777887022
All Pools,GG - AVAX,0.3,False,0.03951,12.49,,0.29,1777887022
All Pools,MIM - GG,0.3,False,0.03945,23.61,,0.15,1777887022
All Pools,DUO - USDT.e,0.3,False,0.03915,7.39,,0.48,1777887022
All Pools,WDAO - AVAX,0.3,False,0.03897,19.88,,0.18,1777887022
All Pools,AVAX - Strength,0.3,False,0.03897,141.07,,0.03,1777887022
All Pools,WDAO - MIM,0.3,False,0.03893,23.66,,0.15,1777887022
All Pools,LoveYou - Gravity,0.3,False,0.03873,57.31,,0.06,1777887022
All Pools,LoveYou - AVAX,0.3,False,0.03873,61.87,,0.06,1777887022
All Pools,Necromancer - AVAX,0.3,False,0.03845,89.99,,0.04,1777887022
All Pools,Now - Necromancer,0.3,False,0.03837,915.97,,0.0,1777887022
All Pools,WBTC.e - USDC.e,0.3,False,0.03809,9.039,,0.38,1777887022
All Pools,USDC - MXNB,0.3,False,0.03766,27.43,,0.13,1777887022
All Pools,RUGPULL - MUG,0.3,False,0.03764,185.53,,0.02,1777887022
All Pools,FollowTheWhiteRabbit - StatueOfLiberty,0.3,False,0.03761,509.47,,0.01,1777887022
All Pools,StatueOfLiberty - AVAX,0.3,False,0.0376,14.77,,0.23,1777887022
All Pools,AMI - TOPIA,0.3,False,0.03758,224.02,,0.02,1777887022
All Pools,BNZ - WINK,0.3,False,0.03734,0.43696,,7.8,1777887022
All Pools,BENIS - NOCHILL,0.3,False,0.03689,4.916,,0.68,1777887022
All Pools,Gravity - ChristMark,0.3,False,0.0363,15.63,,0.21,1777887022
All Pools,Void - AVAX,0.3,False,0.0361,88.33,,0.04,1777887022
All Pools,Void - Now,0.3,False,0.03603,919.12,,0.0,1777887022
All Pools,Four - AVAX,0.3,False,0.03542,74.65,,0.04,1777887022
All Pools,Yellow - BLACK,0.3,False,0.03537,4.841,,0.67,1777887022
All Pools,Hydrogen - AVAX,0.3,False,0.0351,263.06,,0.01,1777887022
All Pools,Psychic - ArniStitch,0.3,False,0.03501,317.72,,0.01,1777887022
All Pools,AVAX - TMT,0.3,False,0.035,7.184,,0.44,1777887022
All Pools,NineHundred - AVAX,0.3,False,0.03496,140.57,,0.02,1777887022
All Pools,ArniStitch - AVAX,0.3,False,0.03495,287.51,,0.01,1777887022
All Pools,USDT.e - TMT,0.3,False,0.03495,26.29,,0.12,1777887022
All Pools,AVAX - GG,0.3,False,0.03466,9.548,,0.33,1777887022
All Pools,MIM - GG,0.3,False,0.0346,294.73,,0.01,1777887022
All Pools,DrainTheSwamp - AVAX,0.3,False,0.03457,37.64,,0.08,1777887022
All Pools,AVAX - LYLY,0.3,False,0.03454,72.92,,0.04,1777887022
All Pools,FITFI - USDC.e,0.3,False,0.03453,0.23995,,13.13,1777887022
All Pools,QI - LYLY,0.3,False,0.03447,2.729,,1.15,1777887022
All Pools,meGNX - AVAX,0.3,False,0.03416,17.63,,0.18,1777887022
All Pools,Chrism - BLACK,0.3,False,0.03389,2.388,,1.3,1777887022
All Pools,AVAX - MUG,0.3,False,0.03365,355.36,,0.01,1777887022
All Pools,Blue - BLACK,0.3,False,0.03305,4.859,,0.62,1777887022
All Pools,Who - BLACK,0.3,False,0.03296,4.806,,0.63,1777887022
All Pools,MPL - AVAX,0.3,False,0.03257,6.206,,0.48,1777887022
All Pools,MPL - USDt,0.3,False,0.03255,30.85,,0.1,1777887022
All Pools,Hydrogen - BLACK,0.3,False,0.03253,4.855,,0.61,1777887022
All Pools,LoveIsTheKey - BLACK,0.3,False,0.03218,7.938,,0.37,1777887022
All Pools,Stolen - BLACK,0.3,False,0.03202,5.407,,0.54,1777887022
All Pools,Go - BLACK,0.3,False,0.03195,4.804,,0.61,1777887022
All Pools,GOOD - GAINS,0.3,False,0.03192,3.788,,0.77,1777887022
All Pools,GOOD - AVAX,0.3,False,0.03177,153.39,,0.02,1777887022
All Pools,AVAX - ETH,0.3,False,0.03163,16.7,,0.17,1777887022
All Pools,NineHundred - BLACK,0.3,False,0.03143,4.834,,0.59,1777887022
All Pools,Strength - BLACK,0.3,False,0.03105,4.81,,0.59,1777887022
All Pools,OH - AVAX,0.3,False,0.03079,94.5,,0.03,1777887022
All Pools,UST - UST,0.3,False,0.03078,1.904,,1.48,1777887022
All Pools,AVAX - WOLF,0.3,False,0.03039,75.21,,0.04,1777887022
All Pools,USDC.e - WOLF,0.3,False,0.03036,8.898,,0.31,1777887022
All Pools,AVAX - WSPP,0.3,False,0.02992,2.979,,0.92,1777887022
All Pools,SURE - AVAX,0.3,False,0.02976,7.246,,0.37,1777887022
All Pools,USDR - USDC,0.3,False,0.02975,41.03,,0.07,1777887022
All Pools,ELE - AVAX,0.3,False,0.02903,125.4,,0.02,1777887022
All Pools,LIRA - AVAX,0.3,False,0.02893,13.19,,0.2,1777887022
All Pools,MELT - AVAX,0.3,False,0.0288,1153.6,,0.0,1777887022
All Pools,MELT - USDC.e,0.3,False,0.02877,7.13,,0.37,1777887022
All Pools,AVAX - Propriety,0.3,False,0.02874,89.88,,0.03,1777887022
All Pools,Now - Propriety,0.3,False,0.02869,916.68,,0.0,1777887022
All Pools,NaughtiusMaximus - Seventeen,0.3,False,0.02793,856.47,,0.0,1777887022
All Pools,BLACK - SantaGospel,0.3,False,0.02785,4.79,,0.53,1777887022
All Pools,NOCHILL - REDWOLF,0.3,False,0.02782,3.51,,0.72,1777887022
All Pools,MaryMagdalene - LadyMary,0.3,False,0.02765,17.49,,0.14,1777887022
All Pools,AVAX - √Root,0.3,False,0.02762,90.07,,0.03,1777887022
All Pools,Now - √Root,0.3,False,0.02757,916.6,,0.0,1777887022
All Pools,AVAX - NADO,0.3,False,0.02694,7.847,,0.31,1777887022
All Pools,MIM - NADO,0.3,False,0.0269,1173.58,,0.0,1777887022
All Pools,USDC - LODE,0.3,False,0.02689,881.47,,0.0,1777887022
All Pools,KrisKringle - Gravity,0.3,False,0.02626,78.09,,0.03,1777887022
All Pools,KrisKringle - AVAX,0.3,False,0.02625,26.16,,0.09,1777887022
All Pools,Trinity - Sinterklaas,0.3,False,0.02607,26.13,,0.09,1777887022
All Pools,AVAX - Sinterklaas,0.3,False,0.02607,139.74,,0.02,1777887022
All Pools,LIFE - AVAX,0.3,False,0.02596,7.327,,0.32,1777887022
All Pools,MIM - LIFE,0.3,False,0.02591,67.59,,0.03,1777887022
All Pools,SMRT - XAVA,0.3,False,0.02579,2.884,,0.82,1777887022
All Pools,AVAX - IMPACT,0.3,False,0.02572,6.317,,0.37,1777887022
All Pools,ICUBE - AVAX,0.3,False,0.02571,6.434,,0.36,1777887022
All Pools,ICUBE - USDT.e,0.3,False,0.02566,109.14,,0.02,1777887022
All Pools,KLO - USDT.e,0.3,False,0.0256,5.688,,0.41,1777887022
All Pools,Orange - BLACK,0.3,False,0.02552,4.119,,0.57,1777887022
All Pools,Psychic - Nala,0.3,False,0.02528,271.27,,0.01,1777887022
All Pools,Gravity - HustleTappers,0.3,False,0.02526,24.13,,0.1,1777887022
All Pools,AVAX - HustleTappers,0.3,False,0.02525,55.6,,0.04,1777887022
All Pools,ORNG - JUICE,0.3,False,0.02513,2.737,,0.84,1777887022
All Pools,wALGO - AVAX,0.3,False,0.02499,164.16,,0.01,1777887022
All Pools,wALGO - USDC,0.3,False,0.02495,2.849,,0.8,1777887022
All Pools,AVAX - EROL,0.0,False,0.02487,74.63,0.0,0.0,1777887022
All Pools,Psychic - Go,0.3,False,0.02428,74.28,,0.03,1777887022
All Pools,SOB - AVAX,0.3,False,0.02392,557.62,,0.0,1777887022
All Pools,AVAX - Ouroboros,0.3,False,0.02387,21.74,,0.1,1777887022
All Pools,Psychic - Yellow,0.3,False,0.02382,83.33,,0.03,1777887022
All Pools,WhollySphere - Gravity,0.3,False,0.02358,23.01,,0.09,1777887022
All Pools,WhollySphere - AVAX,0.3,False,0.02357,50.81,,0.04,1777887022
All Pools,Gravity - McdonaldTrouped,0.3,False,0.02344,22.99,,0.09,1777887022
All Pools,McdonaldTrouped - AVAX,0.3,False,0.02343,50.74,,0.04,1777887022
All Pools,QI - REDWOLF,0.3,False,0.02334,1.577,,1.35,1777887022
All Pools,AVAX - GOT,0.3,False,0.02327,5.319,,0.4,1777887022
All Pools,USDT.e - GOT,0.3,False,0.02324,12.98,,0.16,1777887022
All Pools,SBR - AVAX,0.3,False,0.02324,7.397,,0.29,1777887022
All Pools,MIM - SBR,0.3,False,0.0232,40.07,,0.05,1777887022
All Pools,Wingdings - Gravity,0.3,False,0.02318,21.98,,0.1,1777887022
All Pools,Wingdings - AVAX,0.3,False,0.02318,50.88,,0.04,1777887022
All Pools,FollowTheWhiteRabbit - TruthClosure,0.3,False,0.02314,45.7,,0.05,1777887022
All Pools,AVAX - Teste,0.3,False,0.02274,89.2,,0.02,1777887022
All Pools,AAVE.e - meGNX,0.3,False,0.02271,4.055,,0.51,1777887022
All Pools,Now - Teste,0.3,False,0.0227,919.43,,0.0,1777887022
All Pools,DrainTheSwamp - Gravity,0.3,False,0.02254,22.67,,0.09,1777887022
All Pools,USDC.e - RUG,0.3,False,0.02228,25.25,,0.08,1777887022
All Pools,PNG - REDWOLF,0.3,False,0.02223,4.28,,0.47,1777887022
All Pools,BTC.b - GMX,0.3,False,0.02206,1.555,,1.29,1777887022
All Pools,GRELF[ava] - AVAX,0.3,False,0.02171,1157.49,,0.0,1777887022
All Pools,Psychic - Who,0.3,False,0.0217,74.88,,0.03,1777887022
All Pools,HIGHER - AMI,0.3,False,0.02147,3.313,,0.59,1777887022
All Pools,BNB - AVAX,0.3,False,0.02112,4142.69,,,1777887022
All Pools,GMX - USDC,0.3,False,0.02101,0.90214,,2.13,1777887022
All Pools,AVAX - Always,0.3,False,0.0208,0.59446,,3.19,1777887022
All Pools,Psychic - NeatestQuackery,0.3,False,0.02046,318.56,,0.01,1777887022
All Pools,NeatestQuackery - AVAX,0.3,False,0.02043,287.89,,0.01,1777887022
All Pools,CodexKennyMin - AVAX,0.3,False,0.02023,25.03,,0.07,1777887022
All Pools,CodexKennyMin - FollowTheWhiteRabbit,0.3,False,0.02023,21.88,,0.08,1777887022
All Pools,AVAX - SwiftTaylor,0.3,False,0.01992,14.7,,0.12,1777887022
All Pools,CNR - AVAX,0.3,False,0.01989,61.95,,0.03,1777887022
All Pools,FatherChristmas - AVAX,0.3,False,0.01983,53.69,,0.03,1777887022
All Pools,FatherChristmas - Gravity,0.3,False,0.01979,21.93,,0.08,1777887022
All Pools,Satoshi - Gravity,0.3,False,0.01975,55.19,,0.03,1777887022
All Pools,Satoshi - AVAX,0.3,False,0.01974,19.15,,0.09,1777887022
All Pools,MUMO - USDC,0.3,False,0.01967,8.281,,0.22,1777887022
All Pools,Gravity - Vaccinations,0.3,False,0.01963,61.97,,0.03,1777887022
All Pools,AVAX - Vaccinations,0.3,False,0.01963,18.4,,0.1,1777887022
All Pools,Gravity - Nakamoto,0.3,False,0.01954,62.13,,0.03,1777887022
All Pools,Nakamoto - AVAX,0.3,False,0.01954,18.41,,0.1,1777887022
All Pools,ZUM - NOCHILL,0.3,False,0.01945,1.256,,1.41,1777887022
All Pools,AVAX - SPADE,0.3,False,0.01919,6.141,,0.29,1777887022
All Pools,JOE - QI,0.3,False,0.01917,0.94202,,1.86,1777887022
All Pools,USDC.e - SPADE,0.3,False,0.01917,16.35,,0.11,1777887022
All Pools,MerryChristmas - Gravity,0.3,False,0.01913,62.18,,0.03,1777887022
All Pools,MerryChristmas - AVAX,0.3,False,0.01913,18.44,,0.09,1777887022
All Pools,BTC.b - MUMO,0.3,False,0.0191,4.847,,0.36,1777887022
All Pools,XIO - AVAX,0.3,False,0.01898,2.827,,0.61,1777887022
All Pools,XIO - USDC,0.3,False,0.01895,24.55,,0.07,1777887022
All Pools,AVAX - BOREA,0.3,False,0.01872,6.749,,0.25,1777887022
All Pools,QI - USDC.e,0.3,False,0.0187,0.80894,,2.11,1777887022
All Pools,USDT.e - BOREA,0.3,False,0.01869,26.75,,0.06,1777887022
All Pools,KIWI - USDt,0.3,False,0.01819,20.42,,0.08,1777887022
All Pools,RUG - USDT.e,0.3,False,0.01806,14.98,,0.11,1777887022
All Pools,ACS - USDC.e,0.3,False,0.01792,5.37,,0.3,1777887022
All Pools,Four - Found,0.3,False,0.01773,1847.7,,,1777887022
All Pools,Milk - AVAX,0.3,False,0.01753,6.724,,0.24,1777887022
All Pools,Milk - USDT.e,0.3,False,0.01749,14.61,,0.11,1777887022
All Pools,ILoveYouWordSpell - AVAX,0.3,False,0.01745,18.27,,0.09,1777887022
All Pools,ILoveYouWordSpell - Gravity,0.3,False,0.01744,102.48,,0.02,1777887022
All Pools,SodomAndGomorrah - AVAX,0.3,False,0.01741,19.28,,0.08,1777887022
All Pools,Trinity - SodomAndGomorrah,0.3,False,0.0174,22.69,,0.07,1777887022
All Pools,Psychic - NineHundred,0.3,False,0.01735,74.26,,0.02,1777887022
All Pools,WalkTheWalkNowJesus - Gravity,0.3,False,0.01719,25.49,,0.06,1777887022
All Pools,WalkTheWalkNowJesus - AVAX,0.3,False,0.01719,24.87,,0.06,1777887022
All Pools,COQ - MU,0.3,False,0.01711,4.574,,0.34,1777887022
All Pools,USDt - IMPACT,0.3,False,0.01707,3.376,,0.46,1777887022
All Pools,Psychic - Hydrogen,0.3,False,0.0165,83.07,,0.02,1777887022
All Pools,AVAX - LookingGlass,0.3,False,0.01639,16.27,,0.09,1777887022
All Pools,Gravity - LookingGlass,0.3,False,0.01635,184.87,,0.01,1777887022
All Pools,REDWOLF - ODDZ,0.3,False,0.0162,1.541,,0.96,1777887022
All Pools,Trinity - FourFourFour,0.3,False,0.01607,4.971,,0.29,1777887022
All Pools,3ULL - AVAX,0.3,False,0.01604,47.94,,0.03,1777887022
All Pools,WOLF - AVAX,0.3,False,0.01578,43560.0,,,1777887022
All Pools,USDT.e - AVVO,0.3,False,0.01577,4.078,,0.35,1777887022
All Pools,WETH.e - MU,0.3,False,0.01568,2.07,,0.69,1777887022
All Pools,Trinity - Yeshua,0.3,False,0.01563,34.61,,0.04,1777887022
All Pools,AVAX - Yeshua,0.3,False,0.01562,29.42,,0.05,1777887022
All Pools,AVAX - BAVA,0.3,False,0.01543,11.54,,0.12,1777887022
All Pools,WOLF - MU,0.3,False,0.01522,5.179,,0.27,1777887022
All Pools,MU - COQAI,0.3,False,0.01521,6.588,,0.21,1777887022
All Pools,Psychic - SantaGospel,0.3,False,0.01498,74.26,,0.02,1777887022
All Pools,WETH.e - USDR,0.3,False,0.01485,2.815,,0.48,1777887022
All Pools,GAINS - COQ,0.3,False,0.01472,2.039,,0.66,1777887022
All Pools,GAINS - BOBS,0.3,False,0.01456,2.249,,0.59,1777887022
All Pools,AVAX - BOBS,0.3,False,0.01451,5483.75,,,1777887022
All Pools,AAVE.e - USDT.e,0.3,False,0.01449,2.597,,0.51,1777887022
All Pools,NOCHILL - WAIFU,0.3,False,0.01443,160.11,,0.01,1777887022
All Pools,MEOW - AVAX,0.3,False,0.01433,10659.0,,,1777887022
All Pools,SUB - AVAX,0.3,False,0.01422,20.91,,0.06,1777887022
All Pools,aDXN - AVAX,0.3,False,0.01416,3.676,,0.35,1777887022
All Pools,Yule - Seventeen,0.3,False,0.01393,272.75,,0.0,1777887022
All Pools,LoveIsTheKey - FollowTheWhiteRabbit,0.3,False,0.01391,64.6,,0.02,1777887022
All Pools,AVAX - Wormwood,0.3,False,0.0138,17.11,,0.07,1777887022
All Pools,Gravity - Wormwood,0.3,False,0.0138,15.43,,0.08,1777887022
All Pools,ARENA - MU,0.3,False,0.01373,3.342,,0.37,1777887022
All Pools,AVAX - SantaClaus,0.3,False,0.01372,24.76,,0.05,1777887022
All Pools,Gravity - SantaClaus,0.3,False,0.01371,11.93,,0.1,1777887022
All Pools,HCT - AVAX,0.3,False,0.01363,3.384,,0.37,1777887022
All Pools,AVAX - LoveWins,0.3,False,0.01352,7.809,,0.16,1777887022
All Pools,FollowTheWhiteRabbit - LoveWins,0.3,False,0.01352,151.38,,0.01,1777887022
All Pools,AVAX - TT,0.3,False,0.01346,1.949,,0.63,1777887022
All Pools,USDC.e - UST,0.3,False,0.01338,1.733,,0.7,1777887022
All Pools,MIM - RUG,0.3,False,0.01335,23.22,,0.05,1777887022
All Pools,GURS - NOCHILL,0.3,False,0.01332,1.963,,0.62,1777887022
All Pools,AVAX - USDR,0.3,False,0.01328,2.988,,0.41,1777887022
All Pools,Psychic - Serpentarius,0.3,False,0.01324,323.02,,0.0,1777887022
All Pools,Gravity - Ouroboros,0.3,False,0.01324,30.53,,0.04,1777887022
All Pools,Serpentarius - AVAX,0.3,False,0.01322,293.4,,0.0,1777887022
All Pools,AVAX - EROL,0.3,False,0.01319,39.4,,0.03,1777887022
All Pools,ChristMark - ChristIAmYou,0.3,False,0.01294,26.53,,0.04,1777887022
All Pools,Trinity - SwiftTaylor,0.3,False,0.01292,17.72,,0.07,1777887022
All Pools,AVAX - GrinchKidAfflict,0.3,False,0.01267,43.42,,0.03,1777887022
All Pools,XOMB - AVAX,0.3,False,0.01267,21.82,,0.05,1777887022
All Pools,ValentinMidwifes - Gravity,0.3,False,0.01267,39.13,,0.03,1777887022
All Pools,Gravity - GrinchKidAfflict,0.3,False,0.01266,9.156,,0.13,1777887022
All Pools,XOMB - USDT.e,0.3,False,0.01265,2.452,,0.47,1777887022
All Pools,GAINS - Degen,0.3,False,0.01254,2.033,,0.56,1777887022
All Pools,WOLF - AVAX,0.3,False,0.01251,71.62,,0.02,1777887022
All Pools,Degen - AVAX,0.3,False,0.0125,2004.41,,,1777887022
All Pools,WOLF - USDT.e,0.3,False,0.01249,4.12,,0.28,1777887022
All Pools,TRYB - USDC.e,0.3,False,0.01221,31.43,,0.04,1777887022
All Pools,DrainTheSwamp - FollowTheWhiteRabbit,0.3,False,0.01203,10.98,,0.1,1777887022
All Pools,XAVA - HON,0.3,False,0.0118,1.862,,0.58,1777887022
All Pools,BSGG - AVAX,0.3,False,0.01174,3.898,,0.27,1777887022
All Pools,BGLD - AVAX,0.3,False,0.01171,4.431,,0.24,1777887022
All Pools,3ULL - USDt,0.3,False,0.01169,2.55,,0.42,1777887022
All Pools,BGLD - USDT.e,0.3,False,0.01168,17.14,,0.06,1777887022
All Pools,MU - SOL,0.3,False,0.01161,1.328,,0.8,1777887022
All Pools,ARA - AVAX,0.3,False,0.01154,2.875,,0.37,1777887022
All Pools,WETH.e - meGNX,0.3,False,0.01149,6.687,,0.16,1777887022
All Pools,AVAX - OK,0.3,False,0.0113,1.976,,0.52,1777887022
All Pools,AVAX - QUASI,0.3,False,0.01123,588.7,,0.0,1777887022
All Pools,GAINS - QUASI,0.3,False,0.01118,1.407,,0.73,1777887022
All Pools,Wormhole - AVAX,0.3,False,0.01116,104.09,,0.01,1777887022
All Pools,Trinity - Wormhole,0.3,False,0.01115,6.19,,0.16,1777887022
All Pools,CAI - AMI,0.3,False,0.01103,0.5214,,1.93,1777887022
All Pools,Orem - AVAX,0.3,False,0.01095,104.19,,0.01,1777887022
All Pools,Trinity - Orem,0.3,False,0.01094,6.196,,0.16,1777887022
All Pools,TickTock - AVAX,0.3,False,0.01076,90.03,,0.01,1777887022
All Pools,TickTock - Now,0.3,False,0.01074,916.42,,0.0,1777887022
All Pools,AVAX - MUG,0.3,False,0.01068,1.211,,0.81,1777887022
All Pools,USDC - OK,0.3,False,0.01056,1.198,,0.8,1777887022
All Pools,AVAX - DWC,0.3,False,0.01053,6077.15,,,1777887022
All Pools,aAvaLINK - AVAX,0.3,False,0.01051,9.547,,0.1,1777887022
All Pools,HIGHER - HOWDY,0.3,False,0.0105,1.528,,0.63,1777887022
All Pools,JOE - USDt,0.3,False,0.01049,0.84303,,1.14,1777887022
All Pools,BNZ - AVAX,0.3,False,0.01045,62.28,,0.02,1777887022
All Pools,Psychic - Turtle,0.3,False,0.01041,62.25,,0.02,1777887022
All Pools,SHERPA - AVAX,0.3,False,0.00998,131.74,,0.01,1777887022
All Pools,DivineFeminine - ValentinMidwifes,0.3,False,0.00987,41.25,,0.02,1777887022
All Pools,AVAX - LODE,0.3,False,0.00985,1.028,,0.87,1777887022
All Pools,CATWIF - MAJIN,0.3,False,0.00979,0.8732,,1.02,1777887022
All Pools,ZH - JOE,0.3,False,0.00973,2.815,,0.32,1777887022
All Pools,Psychic - Numbers,0.3,False,0.00963,62.24,,0.01,1777887022
All Pools,LUNA - USDC,0.3,False,0.00957,1.415,,0.62,1777887022
All Pools,Psychic - Luck,0.3,False,0.00952,62.25,,0.01,1777887022
All Pools,AVAX - iBONE,0.3,False,0.00952,5.493,,0.16,1777887022
All Pools,USDT.e - iBONE,0.3,False,0.00949,4.869,,0.18,1777887022
All Pools,Psychic - Mirror,0.3,False,0.00949,62.21,,0.01,1777887022
All Pools,COQ - REDWOLF,0.3,False,0.00948,12.42,,0.07,1777887022
All Pools,APOW - MU,0.3,False,0.00934,3.502,,0.24,1777887022
All Pools,aDXN - aXEN,0.3,False,0.00934,0.62825,,1.36,1777887022
All Pools,AVAX - WOHM,0.3,False,0.00917,3.415,,0.24,1777887022
All Pools,MIM - WOHM,0.3,False,0.00915,86.8,,0.01,1777887022
All Pools,KIMBO - GAINS,0.3,False,0.00898,1.371,,0.6,1777887022
All Pools,WINK - AMI,0.3,False,0.00874,0.10898,,7.31,1777887022
All Pools,XETA - AVAX,0.3,False,0.00865,0.2475,,3.19,1777887022
All Pools,BTC.b - IMPACT,0.3,False,0.00862,0.63754,,1.23,1777887022
All Pools,SYN - USDC.e,0.3,False,0.00854,1.224,,0.64,1777887022
All Pools,GAINS - MEAT,0.3,False,0.00853,0.99274,,0.78,1777887022
All Pools,KOKSAL - AVAX,0.3,False,0.00849,3.554,,0.22,1777887022
All Pools,KOKSAL - USDC,0.3,False,0.00847,4.791,,0.16,1777887022
All Pools,WETH.e - STATIK,0.3,False,0.00834,1.372,,0.55,1777887022
All Pools,Psychic - Bonfire,0.3,False,0.00831,62.24,,0.01,1777887022
All Pools,KOVIN - MU,0.3,False,0.00822,3.073,,0.24,1777887022
All Pools,AVAX - DUA,0.3,False,0.00812,2.087,,0.35,1777887022
All Pools,DUA - USDC,0.3,False,0.00809,11.65,,0.06,1777887022
All Pools,Psychic - WhoWhoWho,0.3,False,0.00805,62.21,,0.01,1777887022
All Pools,Psychic - Thick,0.3,False,0.00797,62.23,,0.01,1777887022
All Pools,SatoshiNakamoto - Psychic,0.3,False,0.00795,62.25,,0.01,1777887022
All Pools,Psychic - Strength,0.3,False,0.00794,75.01,,0.01,1777887022
All Pools,Psychic - Alphabet,0.3,False,0.00793,62.26,,0.01,1777887022
All Pools,Psychic - Oracle,0.3,False,0.00791,62.25,,0.01,1777887022
All Pools,AVAX - NORTH,0.3,False,0.00781,2.135,,0.33,1777887022
All Pools,USDT.e - NORTH,0.3,False,0.00778,26.91,,0.03,1777887022
All Pools,Psychic - Codes,0.3,False,0.00777,62.26,,0.01,1777887022
All Pools,Psychic - PennyTrinity,0.3,False,0.00776,62.27,,0.01,1777887022
All Pools,JOE - aXEN,0.3,False,0.00772,0.24376,,2.89,1777887022
All Pools,Psychic - Penny,0.3,False,0.00771,62.25,,0.01,1777887022
All Pools,JOE - REDWOLF,0.3,False,0.0077,3.972,,0.18,1777887022
All Pools,AprilFoolsDay - AVAX,0.3,False,0.00768,103.98,,0.01,1777887022
All Pools,Trinity - AprilFoolsDay,0.3,False,0.00767,6.216,,0.11,1777887022
All Pools,AVAX - AXIAL,0.3,False,0.00764,1037.44,,,1777887022
All Pools,LUNA - USDt,0.3,False,0.00763,1.342,,0.52,1777887022
All Pools,Psychic - Verse,0.3,False,0.00752,62.22,,0.01,1777887022
All Pools,Eye - Psychic,0.3,False,0.00751,62.25,,0.01,1777887022
All Pools,Psychic - Gematria,0.3,False,0.00744,62.25,,0.01,1777887022
All Pools,KOVIN - AVAX,0.3,False,0.00735,3204.96,,,1777887022
All Pools,AUSD - HUSKY,0.3,False,0.00726,0.76555,,0.87,1777887022
All Pools,Psychic - Crypt,0.3,False,0.00724,62.2,,0.01,1777887022
All Pools,Psychic - OneOneOne,0.3,False,0.00718,62.24,,0.01,1777887022
All Pools,Psychic - Architect,0.3,False,0.00716,62.25,,0.01,1777887022
All Pools,Psychic - daVinci,0.3,False,0.00714,62.24,,0.01,1777887022
All Pools,Psychic - Gematria,0.3,False,0.00713,62.25,,0.01,1777887022
All Pools,Psychic - RefZip,0.3,False,0.00712,62.24,,0.01,1777887022
All Pools,Psychic - Finish,0.3,False,0.00711,62.21,,0.01,1777887022
All Pools,Psychic - Qubit,0.3,False,0.0071,62.21,,0.01,1777887022
All Pools,Psychic - Blessings,0.3,False,0.00708,62.21,,0.01,1777887022
All Pools,Psychic - Solved,0.3,False,0.00708,62.25,,0.01,1777887022
All Pools,Psychic - IAmThatIAm,0.3,False,0.00706,62.25,,0.01,1777887022
All Pools,Psychic - Confusion,0.3,False,0.00705,62.25,,0.01,1777887022
All Pools,AVAX - GematrixDotOrg,0.3,False,0.00705,16.69,,0.04,1777887022
All Pools,Gravity - GematrixDotOrg,0.3,False,0.00703,13.03,,0.05,1777887022
All Pools,Psychic - TwinFlames,0.3,False,0.00703,62.95,,0.01,1777887022
All Pools,NotBrideOfChrist - AVAX,0.3,False,0.00702,69.38,,0.01,1777887022
All Pools,SaintGermain - BLACK,0.3,False,0.00701,2.498,,0.26,1777887022
All Pools,NotBrideOfChrist - SwiftTaylor,0.3,False,0.00701,52.12,,0.01,1777887022
All Pools,TokenZ - AVAX,0.3,False,0.007,2.422,,0.26,1777887022
All Pools,Psychic - TrumpCard,0.3,False,0.00699,62.26,,0.01,1777887022
All Pools,TokenZ - USDC,0.3,False,0.00698,3.81,,0.17,1777887022
All Pools,Choice - Psychic,0.3,False,0.00698,62.22,,0.01,1777887022
All Pools,Psychic - YouAndI,0.3,False,0.00694,62.24,,0.01,1777887022
All Pools,Loyalty - Psychic,0.3,False,0.00686,62.21,,0.01,1777887022
All Pools,HOWDY - AVAX,0.3,False,0.00686,21310.0,,,1777887022
All Pools,STOMB - AVAX,0.3,False,0.00683,7932.83,,,1777887022
All Pools,Psychic - BiTonic,0.3,False,0.00681,62.25,,0.01,1777887022
All Pools,Psychic - TheArcher,0.3,False,0.00681,62.25,,0.01,1777887022
All Pools,JOE - CRA,0.3,False,0.0068,11.1,,0.06,1777887022
All Pools,MU - MUG,0.3,False,0.00679,2421.59,,,1777887022
All Pools,Psychic - Artemis,0.3,False,0.00678,62.19,,0.01,1777887022
All Pools,AVAX - EDG,0.3,False,0.00672,3.16,,0.19,1777887022
All Pools,MIM - EDG,0.3,False,0.0067,7.907,,0.08,1777887022
All Pools,LYD - REDWOLF,0.3,False,0.00661,4.786,,0.13,1777887022
All Pools,NOCHILL - MU,0.3,False,0.00658,2.171,,0.28,1777887022
All Pools,AVAX - COSMIC,0.3,False,0.00658,1.257,,0.48,1777887022
All Pools,Psychic - Six,0.3,False,0.00657,62.25,,0.01,1777887022
All Pools,USDC - COSMIC,0.3,False,0.00656,54.54,,0.01,1777887022
All Pools,Psychic - Nine,0.3,False,0.00654,62.22,,0.01,1777887022
All Pools,Psychic - ElmoSunkGematria,0.3,False,0.00652,62.26,,0.01,1777887022
All Pools,AVAX - TUSK,0.3,False,0.00651,2.514,,0.24,1777887022
All Pools,Spider - Psychic,0.3,False,0.0065,62.2,,0.01,1777887022
All Pools,USDC.e - TUSK,0.3,False,0.00649,9.798,,0.06,1777887022
All Pools,Psychic - Zero,0.3,False,0.00648,62.22,,0.01,1777887022
All Pools,Psychic - Lock,0.3,False,0.00631,62.23,,0.01,1777887022
All Pools,USDC.e - BAVA,0.3,False,0.0063,2.976,,0.19,1777887022
All Pools,ABC - AMI,0.3,False,0.00629,3.969,,0.14,1777887022
All Pools,Psychic - KekiusMaximus,0.3,False,0.0062,62.25,,0.01,1777887022
All Pools,Psychic - Time,0.3,False,0.00619,62.25,,0.01,1777887022
All Pools,Psychic - SevenSevenSeven,0.3,False,0.00617,62.25,,0.01,1777887022
All Pools,Psychic - BirthingCode,0.3,False,0.0061,62.25,,0.01,1777887022
All Pools,Flection - Psychic,0.3,False,0.00607,62.25,,0.01,1777887022
All Pools,TRACTOR - AVAX,0.3,False,0.00603,15080.0,,,1777887022
All Pools,Psychic - LordJesusChrist,0.3,False,0.00602,59.63,,0.01,1777887022
All Pools,TRACTOR - USDT.e,0.3,False,0.00601,1.995,,0.27,1777887022
All Pools,Psychic - Diamonds,0.3,False,0.006,62.25,,0.01,1777887022
All Pools,SYN - REDWOLF,0.3,False,0.00594,2.624,,0.21,1777887022
All Pools,LUNA - USDC,0.3,False,0.00592,0.13212,,4.09,1777887022
All Pools,Psychic - Happy,0.3,False,0.0059,62.25,,0.01,1777887022
All Pools,gOHM - JOE,0.3,False,0.0059,3.972,,0.14,1777887022
All Pools,AVAX - VYBE,0.3,False,0.00581,3.312,,0.16,1777887022
All Pools,AVAX - Gaza,0.3,False,0.0058,3.194,,0.17,1777887022
All Pools,MIM - VYBE,0.3,False,0.0058,3.771,,0.14,1777887022
All Pools,TEDDY - AVAX,0.3,False,0.00579,17.06,,0.03,1777887022
All Pools,Psychic - [In]finity,0.3,False,0.00579,62.22,,0.01,1777887022
All Pools,Trinity - Gaza,0.3,False,0.00579,3.771,,0.14,1777887022
All Pools,GMX - USDt,0.3,False,0.00576,0.37426,,1.4,1777887022
All Pools,HIGHER - NOCHILL,0.3,False,0.00572,0.34504,,1.51,1777887022
All Pools,XPOW - AVAX,0.3,False,0.00567,120.87,,0.0,1777887022
All Pools,WETH.e - JOE,0.3,False,0.00567,0.03785,,13.66,1777887022
All Pools,Psychic - Alice,0.3,False,0.00566,62.22,,0.01,1777887022
All Pools,AVAX - PAR,0.3,False,0.00566,2.396,,0.22,1777887022
All Pools,Psychic - WhoWho,0.3,False,0.00566,62.25,,0.01,1777887022
All Pools,MIM - PAR,0.3,False,0.00565,1.919,,0.27,1777887022
All Pools,XPOW - USDt,0.3,False,0.00565,1.412,,0.37,1777887022
All Pools,Psychic - Sequence,0.3,False,0.00564,62.26,,0.01,1777887022
All Pools,AVAI - USDC.e,0.3,False,0.00561,33.66,,0.02,1777887022
All Pools,MIM - SDOG,0.3,False,0.00561,316.26,,0.0,1777887022
All Pools,KIMBO - KOVIN,0.3,False,0.00559,5.338,,0.1,1777887022
All Pools,USDC.e - SMRT,0.3,False,0.00554,2.224,,0.23,1777887022
All Pools,DWC - MU,0.3,False,0.00554,3.487,,0.14,1777887022
All Pools,AI9000 - AVAX,0.3,False,0.00554,307.36,,0.0,1777887022
All Pools,CATWIF - MU,0.3,False,0.00552,3.636,,0.14,1777887022
All Pools,Psychic - Partment,0.3,False,0.00548,62.23,,0.01,1777887022
All Pools,AVAX - WISE,0.3,False,0.00544,2.813,,0.18,1777887022
All Pools,USDC.e - WISE,0.3,False,0.00543,7.128,,0.07,1777887022
All Pools,GAINS - KONG,0.3,False,0.00542,0.76187,,0.65,1777887022
All Pools,AVAX - AMONKS,0.3,False,0.0054,1589.41,,,1777887022
All Pools,REDWOLF - AMONKS,0.3,False,0.00539,7.203,,0.07,1777887022
All Pools,WETH.e - BTCBR,0.3,False,0.00538,0.06115,,8.03,1777887022
All Pools,Hollywood - Ouroboros,0.3,False,0.00531,13.04,,0.04,1777887022
All Pools,Psychic - Line,0.3,False,0.00524,63.03,,0.01,1777887022
All Pools,Psychic - Who,0.3,False,0.00522,62.26,,0.01,1777887022
All Pools,MEOW - MU,0.3,False,0.00521,1.582,,0.3,1777887022
All Pools,FiveTwelveThirteen - AVAX,0.3,False,0.00521,5.205,,0.09,1777887022
All Pools,ElkeNevusRome - AVAX,0.3,False,0.00521,13.05,,0.04,1777887022
All Pools,ElkeNevusRome - Gravity,0.3,False,0.00519,4.966,,0.1,1777887022
All Pools,FiveTwelveThirteen - Gravity,0.3,False,0.00519,6.894,,0.07,1777887022
All Pools,AVAX - HOST,0.3,False,0.00512,1.961,,0.24,1777887022
All Pools,Psychic - Ups,0.3,False,0.00509,62.26,,0.01,1777887022
All Pools,Anon - USDC,0.3,False,0.00506,1.025,,0.45,1777887022
All Pools,CRA - AVAX,0.3,False,0.00505,10193.0,,,1777887022
All Pools,GAINS - DWC,0.3,False,0.005,0.9844,,0.46,1777887022
All Pools,aAvaLINK - LINK.e,0.3,False,0.00497,1.862,,0.24,1777887022
All Pools,AAVE.e - USDC.e,0.3,False,0.00495,1.257,,0.36,1777887022
All Pools,GURS - ARENA,0.3,False,0.0049,7.478,,0.06,1777887022
All Pools,HOST - DAI.e,0.3,False,0.00489,3.013,,0.15,1777887022
All Pools,GAINS - TECH,0.3,False,0.00481,0.62295,,0.7,1777887022
All Pools,TrueLove - AVAX,0.3,False,0.0048,12.91,,0.03,1777887022
All Pools,TrueLove - Gravity,0.3,False,0.00479,4.911,,0.09,1777887022
All Pools,WBTC.e - USDC,0.3,False,0.00476,0.21019,,2.06,1777887022
All Pools,EGG - AVAX,0.3,False,0.00474,1.704,,0.25,1777887022
All Pools,EGG - USDT.e,0.3,False,0.00474,1.988,,0.22,1777887022
All Pools,NOCHILL - ARENA,0.3,False,0.00473,0.44216,,0.98,1777887022
All Pools,BEAM - MU,0.3,False,0.0047,1.078,,0.4,1777887022
All Pools,GAINS - BAWLS,0.3,False,0.00469,0.92131,,0.46,1777887022
All Pools,BAWLS - AVAX,0.3,False,0.00467,16.4,,0.03,1777887022
All Pools,RGOGLZ - AVAX,0.3,False,0.00464,4.101,,0.1,1777887022
All Pools,GMX - JOE,0.3,False,0.00459,0.42346,,0.99,1777887022
All Pools,WITCH - AVAX,0.3,False,0.00456,2.796,,0.15,1777887022
All Pools,WITCH - USDC,0.3,False,0.00455,1.735,,0.24,1777887022
All Pools,AMI - MU,0.3,False,0.00453,1.709,,0.24,1777887022
All Pools,USV - AVAX,0.3,False,0.00449,1.163,,0.35,1777887022
All Pools,AKA - AVAX,0.3,False,0.00445,2.29,,0.18,1777887022
All Pools,AKA - USDt,0.3,False,0.00444,2.954,,0.14,1777887022
All Pools,KR - AVAX,0.3,False,0.00442,1.703,,0.24,1777887022
All Pools,KR - USDC.e,0.3,False,0.0044,11.46,,0.04,1777887022
All Pools,DCAR - AVAX,0.3,False,0.00436,1.105,,0.36,1777887022
All Pools,DCAR - USDC,0.3,False,0.00434,56.21,,0.01,1777887022
All Pools,TT - DAI.e,0.3,False,0.0043,1.927,,0.2,1777887022
All Pools,GAINS - KOVIN,0.3,False,0.0042,0.6495,,0.59,1777887022
All Pools,Psychic - Number,0.3,False,0.00419,62.26,,0.01,1777887022
All Pools,Psychic - Vampire,0.3,False,0.00418,62.25,,0.01,1777887022
All Pools,Psychic - Aquarius,0.3,False,0.00417,62.22,,0.01,1777887022
All Pools,JOE - aDXN,0.3,False,0.00407,0.83771,,0.44,1777887022
All Pools,SYN - USDT.e,0.3,False,0.00399,0.65471,,0.56,1777887022
All Pools,Psychic - TrueStory,0.3,False,0.00397,62.26,,0.01,1777887022
All Pools,Lightworker - AVAX,0.3,False,0.00395,2.743,,0.13,1777887022
All Pools,Gravity - Lightworker,0.3,False,0.00394,53.49,,0.01,1777887022
All Pools,Evergreen - AVAX,0.3,False,0.00393,25.35,,0.01,1777887022
All Pools,Evergreen - Gravity,0.3,False,0.00392,4.778,,0.07,1777887022
All Pools,Psychic - Seminole,0.3,False,0.00389,62.21,,0.01,1777887022
All Pools,Psychic - PoPo,0.3,False,0.00386,62.26,,0.01,1777887022
All Pools,Psychic - James,0.3,False,0.00382,62.27,,0.01,1777887022
All Pools,RUGPULL - AVAX,0.3,False,0.00381,2.965,,0.12,1777887022
All Pools,Psychic - FinityFinity,0.3,False,0.0038,62.26,,0.01,1777887022
All Pools,EHCNALAVA - AVAX,0.3,False,0.00379,1510.98,,,1777887022
All Pools,KIMBO - EHCNALAVA,0.3,False,0.00379,2.853,,0.12,1777887022
All Pools,BTCBR - USDC,0.3,False,0.00376,0.20325,,1.69,1777887022
All Pools,SYN - WETH.e,0.3,False,0.00373,0.68259,,0.5,1777887022
All Pools,Psychic - QuetzalCoatl,0.3,False,0.00373,62.26,,0.01,1777887022
All Pools,PNG - USDT.e,0.3,False,0.00372,0.89038,,0.38,1777887022
All Pools,Trinity - IfYouKnowYouKnow,0.3,False,0.00371,5.027,,0.07,1777887022
All Pools,WETH - AVAX,0.3,False,0.00365,1.358,,0.25,1777887022
All Pools,xJOE - AVAX,0.3,False,0.00365,2.797,,0.12,1777887022
All Pools,MIM - SMRT,0.3,False,0.00364,1.675,,0.2,1777887022
All Pools,TEMPO - AVAX,0.3,False,0.00362,1.079,,0.31,1777887022
All Pools,YETI - WINE,0.3,False,0.00362,1.46,,0.23,1777887022
All Pools,MIM - TEMPO,0.3,False,0.00361,6.734,,0.05,1777887022
All Pools,GATOR - AMI,0.3,False,0.00358,4.525,,0.07,1777887022
All Pools,SMRTr - USDT.e,0.3,False,0.00358,1.322,,0.25,1777887022
All Pools,JPYC - AVAX,0.3,False,0.00356,0.27602,,1.18,1777887022
All Pools,Psychic - Checkmate,0.3,False,0.00351,62.39,,0.01,1777887022
All Pools,GG - AVAX,0.3,False,0.00347,0.16023,,1.98,1777887022
All Pools,Psychic - Equal,0.3,False,0.00347,62.25,,0.01,1777887022
All Pools,ARENA - AMI,0.3,False,0.00346,1.409,,0.22,1777887022
All Pools,Psychic - Abracadabra,0.3,False,0.00345,62.23,,0.01,1777887022
All Pools,POLAR - AVAX,0.3,False,0.00345,1846.1,,,1777887022
All Pools,3ULL - USDC,0.3,False,0.00341,0.65843,,0.47,1777887022
All Pools,Psychic - PlotTwist,0.3,False,0.00341,63.64,,0.0,1777887022
All Pools,AVXT - POLAR,0.3,False,0.00341,0.44942,,0.69,1777887022
All Pools,MIM - ICE,0.3,False,0.0033,0.99763,,0.3,1777887022
All Pools,STG - JOE,0.3,False,0.00326,0.17013,,1.75,1777887022
All Pools,Psychic - KatzJoel,0.3,False,0.00325,62.23,,0.0,1777887022
All Pools,USDt - USDC.e,0.3,False,0.00323,14.22,,0.02,1777887022
All Pools,SB - DAI.e,0.3,False,0.00322,0.12972,,2.26,1777887022
All Pools,ELXR - USDC.e,0.3,False,0.00321,1094.88,,,1777887022
All Pools,Psychic - Hexagon,0.3,False,0.00318,62.25,,0.0,1777887022
All Pools,AI9000 - MU,0.3,False,0.00312,1.289,,0.22,1777887022
All Pools,NXPC - USDC,0.3,False,0.00309,0.71933,,0.39,1777887022
All Pools,CRAFT - USDC.e,0.3,False,0.00309,0.87653,,0.32,1777887022
All Pools,ETHM - AVAX,0.3,False,0.00301,27.64,,0.01,1777887022
All Pools,EagleToken - AVAX,0.3,False,0.00293,2.123,,0.13,1777887022
All Pools,EagleToken - USDC.e,0.3,False,0.00292,2.216,,0.12,1777887022
All Pools,COQ - ARENA,0.3,False,0.00291,1.248,,0.21,1777887022
All Pools,AVXT - AVAX,0.3,False,0.00291,52.8,,0.01,1777887022
All Pools,BUSD - USDT.e,0.3,False,0.00289,0.07848,,3.36,1777887022
All Pools,ETHM - DAI.e,0.3,False,0.00287,0.6796,,0.39,1777887022
All Pools,GRAPE - AVAX,0.3,False,0.00283,0.88881,,0.29,1777887022
All Pools,ValentinMidwifes - AVAX,0.3,False,0.00282,2.385,,0.11,1777887022
All Pools,USDC - MU,0.3,False,0.0028,0.34298,,0.74,1777887022
All Pools,GURS - HOWDY,0.3,False,0.00278,1.884,,0.13,1777887022
All Pools,USDC - TT,0.3,False,0.00276,2.019,,0.12,1777887022
All Pools,MU - KET,0.3,False,0.00269,1.338,,0.18,1777887022
All Pools,AVAX - SAGE,0.3,False,0.00265,0.8927,,0.27,1777887022
All Pools,USDC.e - SAGE,0.3,False,0.00264,2.178,,0.11,1777887022
All Pools,BLUB - AVAX,0.0,False,0.00257,47.9,0.0,0.0,1777887022
All Pools,ACS - USDt,0.3,False,0.00254,0.97123,,0.24,1777887022
All Pools,DREGG - USDC.e,0.3,False,0.00253,3.09,,0.07,1777887022
All Pools,AVAX - CAKE,0.3,False,0.00249,0.72273,,0.31,1777887022
All Pools,USDT.e - CAKE,0.3,False,0.00248,48.57,,0.0,1777887022
All Pools,YAK - USDT.e,0.3,False,0.00247,0.56031,,0.4,1777887022
All Pools,KIMBO - UNIQOC,0.3,False,0.00246,0.73798,,0.3,1777887022
All Pools,ARENA - JUICY,0.3,False,0.00245,0.03387,,6.61,1777887022
All Pools,UNIQOC - MAJIN,0.3,False,0.00243,0.25954,,0.85,1777887022
All Pools,BTC.b - MUG,0.3,False,0.00241,0.89428,,0.25,1777887022
All Pools,AI9000 - USDt,0.3,False,0.0024,0.91164,,0.24,1777887022
All Pools,AVAX - WARP,0.3,False,0.0024,1.481,,0.15,1777887022
All Pools,EUROS - AVAX,0.3,False,0.00236,1.192,,0.18,1777887022
All Pools,MAXI - AVAX,0.3,False,0.00227,0.80019,,0.26,1777887022
All Pools,Psychic - Self,0.3,False,0.00222,64.29,,0.0,1777887022
All Pools,YEEHAW - HIGHER,0.3,False,0.00219,0.45527,,0.44,1777887022
All Pools,KIMBO - AMI,0.3,False,0.00213,4.325,,0.04,1777887022
All Pools,sAVAX - USDC,0.3,False,0.00205,0.53324,,0.35,1777887022
All Pools,TT - USDT.e,0.3,False,0.00202,2.018,,0.09,1777887022
All Pools,USDt - TT,0.3,False,0.00201,2.026,,0.09,1777887022
All Pools,USDC.e - CHAM,0.3,False,0.00195,0.82628,,0.22,1777887022
All Pools,GATOR - ARENA,0.3,False,0.00195,2.0,,0.09,1777887022
All Pools,BEE - AVAX,0.3,False,0.00192,0.8076,,0.22,1777887022
All Pools,BEE - USDT.e,0.3,False,0.00192,32.36,,0.01,1777887022
All Pools,LIRA - BUSD,0.3,False,0.00184,0.0828,,2.03,1777887022
All Pools,GGP - JUICY,0.3,False,0.0018,0.0342,,4.8,1777887022
All Pools,USDC.e - XAVA,0.3,False,0.0018,0.35905,,0.46,1777887022
All Pools,YAK - JOE,0.3,False,0.00178,1.251,,0.13,1777887022
All Pools,toi - AVAX,0.3,False,0.00178,0.9417,,0.17,1777887022
All Pools,MIM - toi,0.3,False,0.00178,3.436,,0.05,1777887022
All Pools,AVAX - WINE,0.3,False,0.00177,0.67137,,0.24,1777887022
All Pools,AVAX - DREX,0.3,False,0.00177,0.59955,,0.27,1777887022
All Pools,MIM - WINE,0.3,False,0.00177,3101.73,,,1777887022
All Pools,MIM - DREX,0.3,False,0.00176,37.53,,0.0,1777887022
All Pools,GAINS - Always,0.3,False,0.00174,0.1062,,1.5,1777887022
All Pools,MM - USDC.e,0.3,False,0.00168,0.60245,,0.25,1777887022
All Pools,HERESY - MEOW,0.3,False,0.00167,0.27866,,0.55,1777887022
All Pools,JOE - USDR,0.3,False,0.00167,0.7318,,0.21,1777887022
All Pools,LIFE - AVAX,0.3,False,0.00162,1.344,,0.11,1777887022
All Pools,MIM - LIFE,0.3,False,0.00162,0.94185,,0.16,1777887022
All Pools,AMI - EROL,0.3,False,0.0016,0.67808,,0.22,1777887022
All Pools,WBTC.e - MU,0.3,False,0.00157,0.72481,,0.2,1777887022
All Pools,AVAX - sSB,0.3,False,0.00156,0.5053,,0.28,1777887022
All Pools,AVAX - MTB,0.3,False,0.00156,0.96206,,0.15,1777887022
All Pools,REDEEMER - AMI,0.3,False,0.00156,0.0146,,9.72,1777887022
All Pools,USDC.e - sSB,0.3,False,0.00155,836.85,,,1777887022
All Pools,MIM - MTB,0.3,False,0.00155,2.212,,0.06,1777887022
All Pools,AVAX - RUG,0.3,False,0.00155,0.54082,,0.26,1777887022
All Pools,Always - KONG,0.3,False,0.00151,0.04356,,3.17,1777887022
All Pools,AVAX - ICE,0.3,False,0.00151,151.23,,,1777887022
All Pools,AVAX - NXUSD,0.3,False,0.0015,0.49274,,0.28,1777887022
All Pools,USDC.e - NXUSD,0.3,False,0.00149,1.658,,0.08,1777887022
All Pools,USDC.e - WARP,0.3,False,0.00149,0.86316,,0.16,1777887022
All Pools,MUMO - AVAX,0.3,False,0.00148,0.1804,,0.75,1777887022
All Pools,LINK.e - MUG,0.3,False,0.00145,0.25065,,0.53,1777887022
All Pools,JEWEL - AVAX,0.3,False,0.00143,0.22333,,0.59,1777887022
All Pools,DB - AVAX,0.3,False,0.0014,2.212,,0.06,1777887022
All Pools,MIM - YAK,0.3,False,0.0014,0.43359,,0.29,1777887022
All Pools,MIM - DB,0.3,False,0.0014,0.66977,,0.19,1777887022
All Pools,WETH.e - ETHM,0.3,False,0.00138,0.508,,0.25,1777887022
All Pools,ETHM - USDC.e,0.3,False,0.00138,0.4827,,0.26,1777887022
All Pools,CANS - AMI,0.3,False,0.00135,0.2307,,0.53,1777887022
All Pools,SLUSH - AVAX,0.3,False,0.00134,0.70285,,0.17,1777887022
All Pools,SLUSH - USDT.e,0.3,False,0.00133,1.325,,0.09,1777887022
All Pools,MEAT - MU,0.3,False,0.00131,0.49911,,0.24,1777887022
All Pools,HUSKY - SNOWY,0.3,False,0.00131,0.43857,,0.27,1777887022
All Pools,QI - SNOWY,0.3,False,0.0013,0.80021,,0.15,1777887022
All Pools,LYD - AVAX,0.3,False,0.00129,0.82141,,0.14,1777887022
All Pools,KANA - AVAX,0.3,False,0.00127,1138.27,,,1777887022
All Pools,Naughty - HIGHER,0.3,False,0.00127,0.45073,,0.26,1777887022
All Pools,KANA - USDC,0.3,False,0.00127,0.51195,,0.23,1777887022
All Pools,Trinity - IngersollLockwood,0.3,False,0.00127,1.125,,0.1,1777887022
All Pools,ALPHAZERO - USDT.e,0.3,False,0.00127,2.162,,0.05,1777887022
All Pools,Naughty - AVAX,0.3,False,0.00126,238.68,,,1777887022
All Pools,MAJIN - AMI,0.3,False,0.00124,0.15741,,0.72,1777887022
All Pools,CRA - USDC.e,0.3,False,0.00123,0.56652,,0.2,1777887022
All Pools,MUME - USDC,0.3,False,0.00123,0.08483,,1.32,1777887022
All Pools,WETH.e - LINK.e,0.3,False,0.00122,0.15024,,0.74,1777887022
All Pools,COQ - HOWDY,0.3,False,0.00119,0.56966,,0.19,1777887022
All Pools,HUSKY - aXEN,0.3,False,0.00118,0.07351,,1.47,1777887022
All Pools,tst1 - AVAX,0.3,False,0.00117,0.58057,,0.18,1777887022
All Pools,PTOP1200 - TOPIA,0.3,False,0.00117,102.93,,0.0,1777887022
All Pools,tst1 - USDT.e,0.3,False,0.00117,2.698,,0.04,1777887022
All Pools,weETH - AVAX,0.3,False,0.00117,0.38829,,0.27,1777887022
All Pools,HOOP - ROCO,0.3,False,0.00116,0.14673,,0.72,1777887022
All Pools,QI - USDC,0.3,False,0.00114,0.08834,,1.18,1777887022
All Pools,SUB - AVAX,0.3,False,0.00113,0.50905,,0.2,1777887022
All Pools,SUB - USDC,0.3,False,0.00113,69.79,,0.0,1777887022
All Pools,COQ - MEAT,0.3,False,0.00111,0.71681,,0.14,1777887022
All Pools,AUX - AVAX,0.3,False,0.00109,0.39418,,0.25,1777887022
All Pools,AUX - USDC,0.3,False,0.00109,688.53,,,1777887022
All Pools,AVAX - SYMBIOT,0.3,False,0.00107,0.32391,,0.3,1777887022
All Pools,JOE - CNR,0.3,False,0.00106,1.058,,0.09,1777887022
All Pools,NUG - AVAX,0.3,False,0.00105,0.38313,,0.25,1777887022
All Pools,SLOT - AVAX,0.3,False,0.00105,3949.55,,,1777887022
All Pools,NUG - USDC,0.3,False,0.00105,2.375,,0.04,1777887022
All Pools,SLOT - USDC.e,0.3,False,0.00105,0.48426,,0.2,1777887022
All Pools,LIRA - USDt,0.3,False,0.00103,0.07435,,1.27,1777887022
All Pools,DAI.e - SYMBIOT,0.3,False,0.00102,1.411,,0.07,1777887022
All Pools,TEDDY - USDC,0.3,False,0.00102,0.43319,,0.22,1777887022
All Pools,gOHM - USDT.e,0.3,False,0.00101,0.61152,,0.15,1777887022
All Pools,xJOE - wsOHM,0.3,False,0.00101,0.54756,,0.17,1777887022
All Pools,WET - AVAX,0.3,False,0.001,16.94,,0.01,1777887022
All Pools,WET - USDT.e,0.3,False,,0.44253,,0.21,1777887022
All Pools,PB - AVAX,0.3,False,,0.49098,,0.19,1777887022
All Pools,PB - MIM,0.3,False,,39.76,,0.0,1777887022
All Pools,AVAX - FTEST,0.3,False,,0.39947,,0.23,1777887022
All Pools,USDT.e - FTEST,0.3,False,,1.315,,0.07,1777887022
All Pools,SYMBIOT - AVAX,0.3,False,,1.448,,0.06,1777887022
All Pools,AVAX - AKITA,0.3,False,,2526.06,,,1777887022
All Pools,MIM - AKITA,0.3,False,,0.2545,,0.35,1777887022
All Pools,WETH.e - SPELL,0.3,False,,0.29383,,0.29,1777887022
All Pools,SYMBIOT - DAI.e,0.3,False,,0.4575,,0.19,1777887022
All Pools,OH - USDC.e,0.3,False,,0.39075,,0.21,1777887022
All Pools,3ULL - USDT.e,0.3,False,,0.658,,0.13,1777887022
All Pools,USDT.e - WARP,0.3,False,,0.9036,,0.09,1777887022
All Pools,ROCO - USDT.e,0.3,False,,0.08463,,0.96,1777887022
All Pools,MUi - WINK,0.3,False,,0.01528,,5.31,1777887022
All Pools,ARABBIT - AVAX,0.3,False,,0.56738,,0.14,1777887022
All Pools,MIM - ARABBIT,0.3,False,,1.293,,0.06,1777887022
All Pools,JOE - AVE,0.3,False,,1.807,,0.04,1777887022
All Pools,SolarDAO - AVAX,0.3,False,,0.39915,,0.2,1777887022
All Pools,LAMA - AVAX,0.3,False,,11785.0,,,1777887022
All Pools,SolarDAO - USDT.e,0.3,False,,2.069,,0.04,1777887022
All Pools,SMOKA - AVAX,0.3,False,,0.54848,,0.14,1777887022
All Pools,MIM - SMOKA,0.3,False,,1.137,,0.07,1777887022
All Pools,USDC - DAI.e,0.3,False,,2.012,,0.04,1777887022
All Pools,LAMA - JUICY,0.3,False,,0.01587,,4.87,1777887022
All Pools,AVAX - PLEB,0.3,False,,0.27159,,0.28,1777887022
All Pools,MIM - PLEB,0.3,False,,53.92,,0.0,1777887022
All Pools,COQ - BMC,0.3,False,,0.09522,,0.79,1777887022
All Pools,aAvaWAVAX - AVAX,0.3,False,,0.25954,,0.29,1777887022
All Pools,gOHM - USDC.e,0.3,False,,0.31132,,0.24,1777887022
All Pools,YUSD - USDC,0.3,False,,22.94,,0.0,1777887022
All Pools,BLZZ - AVAX,0.3,False,,7957.76,,,1777887022
All Pools,MUMO - MU,0.3,False,,0.61222,,0.12,1777887022
All Pools,AVAX - NUTS,0.3,False,,229.7,,,1777887022
All Pools,USDC - NUTS,0.3,False,,0.23179,,0.31,1777887022
All Pools,GAINS - MEOW,0.3,False,,0.21612,,0.33,1777887022
All Pools,BUSD - MU,0.3,False,,0.02597,,2.69,1777887022
All Pools,MIM - WBTC.e,0.3,False,,0.05639,,1.22,1777887022
All Pools,MUME - BUSD,0.3,False,,0.02856,,2.39,1777887022
All Pools,USDC.e - WET,0.3,False,,0.44361,,0.15,1777887022
All Pools,MU - GEC,0.3,False,,0.09057,,0.73,1777887022
All Pools,AVAX - HOST,0.3,False,,0.14414,,0.46,1777887022
All Pools,AVAX - RBEES,0.3,False,,0.6967,,0.09,1777887022
All Pools,USDC.e - RBEES,0.3,False,,0.49503,,0.13,1777887022
All Pools,DAI.e - HOST,0.3,False,,16.05,,0.0,1777887022
All Pools,CLAVIS - AVAX,0.3,False,,0.13378,,0.46,1777887022
All Pools,MIM - CLAVIS,0.3,False,,120.05,,,1777887022
All Pools,DMD - AVAX,0.3,False,,26.43,,0.0,1777887022
All Pools,UNI.e - AVAX,0.3,False,,0.03236,,1.89,1777887022
All Pools,FAR - AVAX,0.3,False,,0.45624,,0.13,1777887022
All Pools,FAR - USDC.e,0.3,False,,0.1497,,0.39,1777887022
All Pools,RENT - JOE,0.3,False,,3.604,,0.02,1777887022
All Pools,RENT - USDT.e,0.3,False,,0.18678,,0.31,1777887022
All Pools,MIM - ICY,0.3,False,,17.16,,0.0,1777887022
All Pools,DMD - DAI.e,0.3,False,,0.12941,,0.45,1777887022
All Pools,AVAX - STICK,0.3,False,,2186.13,,,1777887022
All Pools,ENGLISH - AVAX,0.3,False,,0.2362,,0.24,1777887022
All Pools,STICK - MU,0.3,False,,0.14692,,0.39,1777887022
All Pools,LINK.e - SPELL,0.3,False,,0.1753,,0.32,1777887022
All Pools,WETH.e - MUi,0.3,False,,0.03077,,1.81,1777887022
All Pools,AVAX - BANKSY V2,0.3,False,,0.33493,,0.16,1777887022
All Pools,USDT.e - BANKSY V2,0.3,False,,0.91983,,0.06,1777887022
All Pools,SNOW - AVAX,0.3,False,,0.19597,,0.27,1777887022
All Pools,WETH.e - MUMO,0.3,False,,0.22875,,0.23,1777887022
All Pools,MIM - SNOW,0.3,False,,0.6447,,0.08,1777887022
All Pools,LEXIP - AVAX,0.3,False,,0.4262,,0.12,1777887022
All Pools,MUMO - USDC.e,0.3,False,,0.13171,,0.39,1777887022
All Pools,MIM - LEXIP,0.3,False,,0.23787,,0.22,1777887022
All Pools,SN - AVAX,0.3,False,,0.12364,,0.4,1777887022
All Pools,MIM - SN,0.3,False,,100.53,,,1777887022
All Pools,WETH - MU,0.3,False,,0.09446,,0.52,1777887022
All Pools,AVAX - BANKSY,0.3,False,,0.22923,,0.21,1777887022
All Pools,BANKSY - AVAX,0.3,False,,0.1918,,0.26,1777887022
All Pools,USDC.e - BANKSY,0.3,False,,0.69021,,0.07,1777887022
All Pools,BANKSY - USDT.e,0.3,False,,0.68038,,0.07,1777887022
All Pools,WOLF - USDt,0.3,False,,0.11033,,0.44,1777887022
All Pools,AAVE.e - BTCBR,0.3,False,,0.2065,,0.22,1777887022
All Pools,xAVAX - AVAX,0.3,False,,0.73254,,0.06,1777887022
All Pools,xAVAX - USDC,0.3,False,,0.24587,,0.18,1777887022
All Pools,MUME - USDC.e,0.3,False,,0.55524,,0.08,1777887022
All Pools,KIMBO - MU,0.3,False,,0.10011,,0.45,1777887022
All Pools,BNB - MU,0.3,False,,0.08786,,0.51,1777887022
All Pools,CRA - USDT.e,0.3,False,,0.26688,,0.17,1777887022
All Pools,DAI.e - PEFI,0.3,False,,0.13223,,0.33,1777887022
All Pools,BLZZ - USDC.e,0.3,False,,0.08514,,0.51,1777887022
All Pools,sifu - USDT.e,0.3,False,,9.301,,0.0,1777887022
All Pools,MUi - MU,0.3,False,,0.08381,,0.49,1777887022
All Pools,xORDER - AVAX,0.3,False,,0.23601,,0.17,1777887022
All Pools,AVAX - TUS,0.3,False,,8245.05,,,1777887022
All Pools,YEEHAW - MU,0.3,False,,0.28699,,0.14,1777887022
All Pools,YEEHAW - ARENA,0.3,False,,2.368,,0.02,1777887022
All Pools,xORDER - USDC,0.3,False,,0.19305,,0.21,1777887022
All Pools,USDT.e - TUS,0.3,False,,0.1223,,0.33,1777887022
All Pools,HUSKY - SMRTr,0.3,False,,0.07081,,0.57,1777887022
All Pools,CRV - AVAX,0.3,False,,42.24,,,1777887022
All Pools,CRV - USDT.e,0.3,False,,0.12962,,0.31,1777887022
All Pools,GRT.e - AVAX,0.3,False,,7.35,,0.01,1777887022
All Pools,USDC.e - SUSD,0.3,False,,506.01,,,1777887022
All Pools,LUEEGI - USDt,0.3,False,,0.09335,,0.4,1777887022
All Pools,TSD - USDC.e,0.3,False,,0.09635,,0.38,1777887022
All Pools,PIZZA - USDC.e,0.3,False,,0.08133,,0.45,1777887022
All Pools,AVE - AVAX,0.3,False,,4.237,,0.01,1777887022
All Pools,KITE - AVAX,0.3,False,,0.05725,,0.6,1777887022
All Pools,WETH.e - FEED,0.3,False,,0.07249,,0.47,1777887022
All Pools,BMOON - AVAX,0.3,False,,0.17238,,0.19,1777887022
All Pools,ONION - CORN,0.3,False,,34.28,,,1777887022
All Pools,AAVE.e - MU,0.3,False,,0.04472,,0.7,1777887022
All Pools,BLZZ - USDT.e,0.3,False,,0.13172,,0.22,1777887022
All Pools,GENI - USDC.e,0.3,False,,0.12193,,0.24,1777887022
All Pools,ABOB - AVAX,0.3,False,,836.4,,,1777887022
All Pools,NOCHILL - ABOB,0.3,False,,0.023,,1.13,1777887022
All Pools,ROCO - SMRT,0.3,False,,0.02582,,1.0,1777887022
All Pools,AR - AVAX,0.3,False,,0.03959,,0.64,1777887022
All Pools,AR - USDC.e,0.3,False,,17.8,,0.0,1777887022
All Pools,AUSD - USDC,0.01,False,12217326.0,4178989.0,1221.8,10.67,1777890622
All Pools,AUSD - USDt,0.01,False,12070806.0,3409418.0,1207.15,12.92,1777890622
All Pools,AVAX - USDC,0.05,False,7290306.0,3896375.0,3813.91,35.73,1777890622
All Pools,BTC.b - USDC,0.05,False,322759.0,804892.0,168.15,7.63,1777890622
All Pools,USDC.e - O3,0.3,False,229593.0,343158040.0,573.98,0.06,1777890622
All Pools,USDt - USDC,0.005,False,136779.0,693315.0,9.672,0.51,1777890622
All Pools,AVAX - USDC,0.2,False,92235.0,204665.0,186.99,33.35,1777890622
All Pools,sAVAX - AVAX,0.01,False,56374.0,187764.0,5.64,1.1,1777890622
All Pools,GUN - AVAX,0.25,False,47206.0,126506.0,121.86,35.16,1777890622
All Pools,ARENA - AVAX,0.01,False,40279.0,178083.0,4.025,0.82,1777890622
All Pools,GUN - AVAX,0.1,False,39016.0,39830.0,41.79,38.3,1777890622
All Pools,AVAX - BTC.b,0.05,False,37651.0,582028.0,19.83,1.24,1777890622
All Pools,DAI.e - USDC,0.02,False,36489.0,31041.0,9.321,10.96,1777890622
All Pools,USDC - XAVA,0.3,False,36045.0,608983.0,90.11,5.4,1777890622
All Pools,NXPC - AVAX,0.3,False,32884.0,236458.0,82.21,12.69,1777890622
All Pools,USDT.e - USDC,0.02,False,27278.0,48834.0,5.504,4.11,1777890622
All Pools,XAUt0 - USDt,0.04,False,24402.0,37998.0,11.3,10.86,1777890622
All Pools,AVAX - USDt,0.2,False,22848.0,130554.0,46.05,12.87,1777890622
All Pools,USDT.e - USDt,0.02,False,18837.0,44104.0,3.794,3.14,1777890622
All Pools,AVAX - USDT.e,0.3,False,17977.0,547865.0,44.94,2.99,1777890622
All Pools,WBTC - BTC.b,0.03,False,17693.0,84820.0,5.379,2.31,1777890622
All Pools,MIM - AVAX,0.3,False,15969.0,557290.0,39.92,2.61,1777890622
All Pools,AVAX - USDC,0.3,False,15964.0,403697.0,39.91,3.61,1777890622
All Pools,QI - AVAX,0.3,False,13990.0,241436.0,34.97,5.29,1777890622
All Pools,FOLKS - AVAX,0.25,False,13530.0,34745.0,34.51,36.25,1777890622
All Pools,USDC.e - AVAX,0.3,False,13004.0,426046.0,32.51,2.79,1777890622
All Pools,JOE - AVAX,0.3,False,10894.0,517659.0,27.24,1.92,1777890622
All Pools,COQ - AVAX,0.3,False,9829.83,607892.0,24.57,1.48,1777890622
All Pools,AAVE.e - AVAX,0.3,False,9057.81,298378.0,22.64,2.77,1777890622
All Pools,JOE - USDC.e,0.3,False,8975.9,335573.0,22.44,2.44,1777890622
All Pools,WBTC.e - BTC.b,0.03,False,8189.42,329625.0,2.527,0.28,1777890622
All Pools,USDt - USDC,0.01,False,8180.77,181329.0,0.65512,0.13,1777890622
All Pools,EURC - USDC,0.03,False,5687.15,13071.0,1.834,5.12,1777890622
All Pools,USDT.e - USDC,0.02,False,5268.27,884.78,0.57361,23.66,1777890622
All Pools,SolvBTC - BTC.b,0.04,False,4111.17,256733.0,2.071,0.29,1777890622
All Pools,DAI.e - USDC,0.02,False,3952.06,2551.87,1.067,15.26,1777890622
All Pools,JPYC - USDC,0.04,False,3580.64,4468.18,2.024,16.54,1777890622
All Pools,ORNG - AVAX,0.3,False,3418.27,27492.0,8.546,11.35,1777890622
All Pools,FLD - AVAX,0.3,False,3093.29,51333.0,7.733,5.5,1777890622
All Pools,WETH.e - AVAX,0.3,False,2952.42,491029.0,7.381,0.55,1777890622
All Pools,WBTC.e - AVAX,0.3,False,2650.42,170293.0,6.626,1.42,1777890622
All Pools,BEAM - AVAX,0.25,False,2200.12,20258.0,5.538,9.98,1777890622
All Pools,HEFE - AVAX,0.3,False,2140.33,21066.0,5.351,9.27,1777890622
All Pools,LINK.e - AVAX,0.3,False,2074.61,48600.0,5.187,3.9,1777890622
All Pools,BEAM - USDC,0.3,False,2013.77,72234.0,5.034,2.54,1777890622
All Pools,JOE - USDT.e,0.3,False,1958.03,67302.0,4.895,2.65,1777890622
All Pools,USDt - AVAX,0.3,False,1848.48,44749.0,4.621,3.77,1777890622
All Pools,XAVA - AVAX,0.8,False,1826.56,226844.0,14.67,2.36,1777890622
All Pools,BTC.b - AVAX,0.3,False,1823.63,140403.0,4.559,1.19,1777890622
All Pools,BEAM - AVAX,0.3,False,1750.75,93327.0,4.377,1.71,1777890622
All Pools,AVAX - avUSD,0.25,False,1721.71,2333.7,4.327,67.68,1777890622
All Pools,AUSD - AVAX,0.1,False,1674.04,39516.0,1.729,1.6,1777890622
All Pools,XAVA - AVAX,0.25,False,1646.92,3174.92,4.296,49.39,1777890622
All Pools,ZRO - AVAX,0.25,False,1366.03,2281.09,11.32,181.14,1777890622
All Pools,JOE - USDC,0.3,False,1342.27,40111.0,3.356,3.05,1777890622
All Pools,ALOT - AVAX,0.3,False,1269.83,223932.0,3.175,0.52,1777890622
All Pools,AVAX - JUICE,0.3,False,1254.35,15673.0,3.136,7.3,1777890622
All Pools,AVAX - DAI.e,0.3,False,1181.04,33875.0,2.953,3.18,1777890622
All Pools,LCPEDU - USDt,0.8,False,1002.83,9626335.0,16.08,0.06,1777890622
All Pools,SIERRA - USDC,0.1,False,965.48,39684.0,0.96641,0.89,1777890622
All Pools,NOCHILL - AVAX,0.3,False,915.94,87620.0,2.29,0.95,1777890622
All Pools,AVAX - ALVA,0.3,False,896.12,1277.95,2.24,63.99,1777890622
All Pools,USDt - USDC,0.02,False,858.11,2227.54,0.18953,3.11,1777890622
All Pools,SOL - AVAX,0.3,False,830.6,428503.0,2.076,0.18,1777890622
All Pools,SHRAP - AVAX,0.8,False,757.38,12950.0,6.821,19.23,1777890622
All Pools,WETH.e - USDC,0.15,False,722.74,10050.0,1.101,4.0,1777890622
All Pools,w3ULL - AVAX,0.3,False,622.61,64614.0,1.557,0.88,1777890622
All Pools,AVAX - XAVA,0.3,False,596.41,15797.0,1.491,3.45,1777890622
All Pools,JOE - AVAX,0.25,False,466.97,10723.0,1.176,4.0,1777890622
All Pools,AARB - AVAX,0.3,False,439.33,0.18085,1.098,221668.71,1777890622
All Pools,ARC - AVAX,0.3,False,439.02,0.18079,1.098,221590.16,1777890622
All Pools,SB - AVAX,0.3,False,411.29,6874.74,1.028,5.46,1777890622
All Pools,MUON - AVAX,0.3,False,376.27,46813.0,0.94067,0.73,1777890622
All Pools,HERESY - AVAX,0.3,False,297.97,21850.0,0.74492,1.24,1777890622
All Pools,QI - AVAX,0.25,False,297.62,15021.0,0.74608,1.81,1777890622
All Pools,UST - AVAX,0.3,False,288.89,7821.64,0.72223,3.37,1777890622
All Pools,XSEED - AVAX,0.3,False,280.29,12494.0,0.70071,2.05,1777890622
All Pools,WETH.e - USDC.e,0.3,False,253.23,12254.0,0.63306,1.89,1777890622
All Pools,gOHM - AVAX,0.3,False,246.75,138608.0,0.61689,0.16,1777890622
All Pools,MIM - SB,0.3,False,201.07,5698.47,0.50268,3.22,1777890622
All Pools,WBTC.e - BTC.b,0.03,False,199.48,686.34,0.0886,4.71,1777890622
All Pools,HUNDRED - USDC,0.3,False,196.41,521219.0,0.49103,0.03,1777890622
All Pools,USDC.e - USDC,0.3,False,194.6,482283.0,0.48649,0.04,1777890622
All Pools,XETA - USDC,0.3,False,191.68,6442.09,0.4792,2.72,1777890622
All Pools,STG - USDC,0.3,False,179.7,1465.82,0.44925,11.19,1777890622
All Pools,PTOP800 - USDC,0.1,False,174.47,654.65,0.17588,9.81,1777890622
All Pools,AVAX - JUICY,0.3,False,172.09,3001.39,0.43023,5.23,1777890622
All Pools,AVAX - UST,0.3,False,170.02,8877.49,0.42505,1.75,1777890622
All Pools,PTOP800 - AVAX,0.1,False,159.89,602.57,0.16082,9.74,1777890622
All Pools,GMX - AVAX,0.3,False,155.57,4904.95,0.38892,2.89,1777890622
All Pools,YAK - AVAX,0.3,False,150.84,110023.0,0.3771,0.13,1777890622
All Pools,PTOP1100 - AVAX,0.1,False,120.82,362.19,0.12218,12.31,1777890622
All Pools,KIMBO - AVAX,0.3,False,117.69,64205.0,0.29423,0.17,1777890622
All Pools,PTOP1100 - USDC,0.1,False,117.39,664.4,0.11775,6.47,1777890622
All Pools,LUNA - USDC.e,0.3,False,112.2,891.08,0.28049,11.49,1777890622
All Pools,PTOP1300 - AVAX,0.1,False,111.37,573.47,0.11179,7.11,1777890622
All Pools,PTOP1300 - USDC,0.1,False,107.26,344.61,0.10782,11.42,1777890622
All Pools,MIM - USDt,0.03,False,101.39,9.649,0.03305,125.03,1777890622
All Pools,STG - AVAX,0.3,False,90.68,1450.23,0.2267,5.71,1777890622
All Pools,EVO - AVAX,0.3,False,86.05,13616.0,0.21512,0.58,1777890622
All Pools,APIX - USDt,0.3,False,84.29,6886.33,0.21073,1.12,1777890622
All Pools,PTOP1200 - AVAX,0.1,False,79.02,682.08,0.07911,4.23,1777890622
All Pools,PTOP1200 - USDC,0.1,False,78.33,196.91,0.0797,14.77,1777890622
All Pools,AVAX - CLY,0.3,False,76.45,58706.0,0.19112,0.12,1777890622
All Pools,PRIME - AVAX,0.4,False,74.09,108585.0,0.90649,0.3,1777890622
All Pools,JOE - AVAX,0.15,False,70.7,69257.0,0.10836,0.06,1777890622
All Pools,FITFI - USDT.e,0.3,False,60.71,367.92,0.15178,15.06,1777890622
All Pools,CAPY - ARENA,0.3,False,58.98,31617.0,0.14746,0.17,1777890622
All Pools,GGP - AVAX,0.3,False,58.65,91748.0,0.14663,0.06,1777890622
All Pools,CAI - AVAX,0.3,False,56.94,1808.37,0.14234,2.87,1777890622
All Pools,MAJIN - AVAX,0.3,False,55.02,4224.57,0.13755,1.19,1777890622
All Pools,CDK - AVAX,0.25,False,48.94,5703.29,0.19133,1.22,1777890622
All Pools,SOL - AVAX,0.1,False,48.8,1091.56,0.04883,1.63,1777890622
All Pools,CAT - AVAX,0.3,False,46.43,1892.06,0.11609,2.24,1777890622
All Pools,gOHM - FRAX,0.3,False,45.83,3567.4,0.11458,1.17,1777890622
All Pools,AVAX - RISE,0.3,False,45.82,59354.0,0.11455,0.07,1777890622
All Pools,APIX - USDC,0.3,False,38.2,3442.52,0.09549,1.01,1777890622
All Pools,FTR - AVAX,0.3,False,37.34,1281.15,0.09334,2.66,1777890622
All Pools,PNG - AVAX,0.3,False,36.78,1054.28,0.09194,3.18,1777890622
All Pools,APIX - ID,0.3,False,31.39,25450.0,0.07847,0.11,1777890622
All Pools,GUN - BLSEYE🎯,0.3,False,29.89,945.11,0.07473,2.89,1777890622
All Pools,BLSEYE🎯 - AVAX,0.3,False,29.56,5947.67,0.07391,0.45,1777890622
All Pools,BOI - AVAX,0.3,False,28.13,84.11,0.07034,30.52,1777890622
All Pools,MIM - WETH.e,0.3,False,27.88,1453.03,0.06969,1.75,1777890622
All Pools,AVAX - FRAX,0.3,False,27.72,1011.44,0.06931,2.5,1777890622
All Pools,APIX - ARENA,0.3,False,25.66,2330.7,0.06415,1.0,1777890622
All Pools,ROCO - AVAX,0.3,False,23.13,1268.43,0.05782,1.66,1777890622
All Pools,SECOND - AVAX,0.3,False,22.91,1757.17,0.05727,1.19,1777890622
All Pools,SECOND - USDC,0.3,False,22.91,7205.19,0.05727,0.29,1777890622
All Pools,USDV - AVAX,0.25,False,22.49,1825.15,0.08815,1.76,1777890622
All Pools,ggAVAX - AVAX,0.04,False,22.03,369.6,0.00233,0.23,1777890622
All Pools,RGOGLZ - USDC,0.3,False,21.43,1580.56,0.05356,1.24,1777890622
All Pools,KLO - AVAX,0.3,False,20.94,14585.0,0.05235,0.13,1777890622
All Pools,PTOP800 - BTC.b,0.1,False,19.84,1001.22,0.02258,0.82,1777890622
All Pools,GENI - USDC,0.3,False,19.69,1479.52,0.04923,1.21,1777890622
All Pools,GUN - AVAX,0.3,False,19.57,441.86,0.04894,4.04,1777890622
All Pools,AVAX - DOMI,0.3,False,19.11,17156.0,0.04778,0.1,1777890622
All Pools,USDC.e - DAI.e,0.3,False,19.07,22646.0,0.04767,0.08,1777890622
All Pools,Balln - AVAX,0.3,False,19.05,4198.52,0.04762,0.41,1777890622
All Pools,BOOTY - AVAX,0.3,False,19.05,2130.49,0.04762,0.82,1777890622
All Pools,USDt - ncash,0.3,False,18.64,1128.97,0.04659,1.51,1777890622
All Pools,HAT - AVAX,0.3,False,17.93,9562.55,0.04484,0.17,1777890622
All Pools,SHRAP - DOMI,0.3,False,17.9,288.95,0.04476,5.65,1777890622
All Pools,USDC.e - USDT.e,0.3,False,17.59,40197.0,0.04397,0.04,1777890622
All Pools,UST - USDC.e,0.3,False,16.96,766.8,0.04239,2.02,1777890622
All Pools,HATCHY - AVAX,0.3,False,16.86,9656.01,0.04216,0.16,1777890622
All Pools,Psychic - AVAX,0.3,False,16.25,1165.79,0.04063,1.27,1777890622
All Pools,DCAU - AVAX,0.3,False,16.07,1259.81,0.04018,1.16,1777890622
All Pools,DCAU - USDT.e,0.3,False,15.41,5307.01,0.03853,0.26,1777890622
All Pools,BUSD - AVAX,0.3,False,15.0,416.06,0.03751,3.29,1777890622
All Pools,HAREM - AVAX,0.3,False,14.91,126.17,0.03729,10.79,1777890622
All Pools,WINK - AVAX,0.3,False,14.9,80.37,0.03726,16.92,1777890622
All Pools,HUSKY - AVAX,0.3,False,14.74,3674.44,0.03685,0.37,1777890622
All Pools,sAVAX - JACK,0.3,False,14.35,293005.0,0.03587,0.0,1777890622
All Pools,YUSD - AVAX,0.3,False,13.4,133.31,0.03351,9.17,1777890622
All Pools,ORNG - MOOM,0.3,False,13.37,399.56,0.03342,3.05,1777890622
All Pools,XROSS - ORNG,0.3,False,13.32,481.79,0.0333,2.52,1777890622
All Pools,AVAX - GEC,0.3,False,13.24,36041.0,0.03309,0.03,1777890622
All Pools,ZRO - AVAX,0.3,False,13.09,195.07,0.03273,6.12,1777890622
All Pools,SVETA - AVAX,0.3,False,13.01,1387.4,0.03252,0.86,1777890622
All Pools,GURS - AVAX,0.3,False,12.34,7650.71,0.03086,0.15,1777890622
All Pools,Psychic - XAUt0,0.3,False,12.1,6893.28,0.03024,0.16,1777890622
All Pools,sAVAX - AVAX,0.3,False,11.85,238565.0,0.02962,0.0,1777890622
All Pools,ORNG - JUCI,0.3,False,11.6,499.79,0.02899,2.12,1777890622
All Pools,Ush - AVAX,0.3,False,10.84,2814.87,0.02709,0.35,1777890622
All Pools,YOU - ORNG,0.3,False,10.83,3211.66,0.02706,0.31,1777890622
All Pools,MYST - AVAX,0.3,False,10.6,901.22,0.02649,1.07,1777890622
All Pools,AVAX - HON,0.3,False,10.56,90310.0,0.02639,0.01,1777890622
All Pools,DATCM - ORNG,0.3,False,10.41,483.12,0.02602,1.97,1777890622
All Pools,agEUR - USDC,0.3,False,10.35,63.79,0.02588,14.81,1777890622
All Pools,TECH - AVAX,0.3,False,10.35,14158.0,0.02588,0.07,1777890622
All Pools,PTOP1000 - AVAX,0.1,False,10.29,631.85,0.01031,0.6,1777890622
All Pools,SYN - AVAX,0.3,False,9.992,2761.24,0.02498,0.33,1777890622
All Pools,AVAXAI - USDC,0.3,False,9.725,1722.56,0.02431,0.52,1777890622
All Pools,AVAX - PEFI,0.3,False,9.046,4460.88,0.02262,0.19,1777890622
All Pools,JPYC - USDC,0.3,False,8.644,351.59,0.02161,2.24,1777890622
All Pools,MDG - USDT.e,0.3,False,8.547,18085.0,0.02137,0.04,1777890622
All Pools,MDG - USDC.e,0.3,False,8.547,9807.04,0.02137,0.08,1777890622
All Pools,MEAT - AVAX,0.3,False,8.141,5369.46,0.02035,0.14,1777890622
All Pools,ORNG - SAI,0.3,False,8.081,300.54,0.0202,2.45,1777890622
All Pools,UST - USDC,0.3,False,7.768,479.64,0.01942,1.48,1777890622
All Pools,ORNG - FLUX,0.3,False,7.642,359.54,0.01911,1.94,1777890622
All Pools,AVAX - ELK,0.3,False,7.238,1701.82,0.0181,0.39,1777890622
All Pools,BLSEYE🎯 - ARENA,0.3,False,6.971,1162.92,0.01743,0.55,1777890622
All Pools,USV - DAI.e,0.3,False,6.888,4219.75,0.01722,0.15,1777890622
All Pools,LINK.e - USDT.e,0.3,False,6.694,235.33,0.01674,2.6,1777890622
All Pools,FITFI - AVAX,0.3,False,6.58,38.68,0.01645,15.52,1777890622
All Pools,MAI - AVAX,0.3,False,6.563,1796.67,0.01641,0.33,1777890622
All Pools,avUSD - sAVAX,0.3,False,6.38,263.22,0.01595,2.21,1777890622
All Pools,LINK.e - USDC.e,0.3,False,4.946,196.06,0.01236,2.3,1777890622
All Pools,SWIFT - USDC.e,0.3,False,4.903,535.54,0.01226,0.84,1777890622
All Pools,SWIFT - WETH.e,0.3,False,4.302,1615.9,0.01076,0.24,1777890622
All Pools,MYST - USDC,0.3,False,4.173,255.23,0.01043,1.49,1777890622
All Pools,Psychic - BLACK,0.3,False,4.071,463.31,0.01018,0.8,1777890622
All Pools,USDT.e - DAI.e,0.3,False,4.034,7296.74,0.01009,0.05,1777890622
All Pools,REDWOLF - AVAX,0.3,False,4.016,497.53,0.01004,0.74,1777890622
All Pools,APOW - AVAX,0.3,False,3.882,1070.13,0.0097,0.33,1777890622
All Pools,ISA - USDC.e,0.3,False,3.856,486.3,0.00964,0.72,1777890622
All Pools,LUNA - AVAX,0.3,False,3.742,22.32,0.00936,15.3,1777890622
All Pools,Gravity - BLACK,0.3,False,3.689,1077.65,0.00922,0.31,1777890622
All Pools,ISA - AVAX,0.3,False,3.586,1448.66,0.00896,0.23,1777890622
All Pools,USDT.e - CLY,0.3,False,3.532,259.95,0.00883,1.24,1777890622
All Pools,WETH - USDC.e,0.3,False,3.531,227.49,0.00883,1.42,1777890622
All Pools,PNG - JOE,0.3,False,3.515,171.14,0.00879,1.87,1777890622
All Pools,FollowTheWhiteRabbit - BLACK,0.3,False,3.467,1188.5,0.00867,0.27,1777890622
All Pools,LIQR - AVAX,0.3,False,3.413,51650.0,0.00853,0.01,1777890622
All Pools,YAK - USDC.e,0.3,False,3.178,218.8,0.00794,1.33,1777890622
All Pools,DPS - USDC,0.3,False,3.011,1938.52,0.00753,0.14,1777890622
All Pools,DPS - AVAX,0.3,False,3.011,220.92,0.00753,1.24,1777890622
All Pools,WETH.e - USDT.e,0.3,False,2.972,166.72,0.00743,1.63,1777890622
All Pools,Gravity - AVAX,0.3,False,2.93,338.81,0.00733,0.79,1777890622
All Pools,Trinity - BLACK,0.3,False,2.833,567.82,0.00708,0.46,1777890622
All Pools,MIM - USDC.e,0.3,False,2.792,1991.33,0.00698,0.13,1777890622
All Pools,KINGSHIT - AVAX,0.3,False,2.786,4971.29,0.00697,0.05,1777890622
All Pools,Trinity - AVAX,0.3,False,2.783,1032.89,0.00696,0.25,1777890622
All Pools,BTC.b - TOPIA,0.3,False,2.765,306.84,0.00691,0.82,1777890622
All Pools,REDWOLF - USDC,0.3,False,2.753,202.43,0.00688,1.24,1777890622
All Pools,TINU - AVAX,0.3,False,2.724,1346.57,0.00681,0.18,1777890622
All Pools,LUNA - USDC.e,0.3,False,2.634,324.64,0.00659,0.74,1777890622
All Pools,USDC - SOCK,0.3,False,2.52,481.94,0.0063,0.48,1777890622
All Pools,AVAX - SOCK,0.3,False,2.519,3275.73,0.0063,0.07,1777890622
All Pools,AVAX - aXEN,0.3,False,2.498,77.51,0.00625,2.94,1777890622
All Pools,FollowTheWhiteRabbit - AVAX,0.3,False,2.433,165.07,0.00608,1.34,1777890622
All Pools,AVAX - FRAX,0.3,False,2.418,269.79,0.00605,0.82,1777890622
All Pools,Now - BLACK,0.3,False,2.4,447.27,0.006,0.49,1777890622
All Pools,USDC - SHRAP,0.3,False,2.354,27.89,0.00589,7.7,1777890622
All Pools,WETH.e - ONION,0.3,False,2.346,272.12,0.00586,0.79,1777890622
All Pools,AVAX - TIME,0.3,False,2.315,1196.83,0.00579,0.18,1777890622
All Pools,AAVE.e - REDWOLF,0.3,False,2.313,160.76,0.00578,1.31,1777890622
All Pools,pAVAX - AVAX,0.3,False,2.305,1703.6,0.00576,0.12,1777890622
All Pools,MAGICK - USDC,0.3,False,2.129,239.94,0.00532,0.81,1777890622
All Pools,MAGICK - AVAX,0.3,False,2.129,352.24,0.00532,0.55,1777890622
All Pools,LORD - AVAX,0.3,False,2.109,1946.61,0.00527,0.1,1777890622
All Pools,XAUt0 - Gravity,0.3,False,2.107,399.32,0.00527,0.48,1777890622
All Pools,USDT.e - ONION,0.3,False,2.066,768.9,0.00516,0.25,1777890622
All Pools,HOST - DAI.e,0.3,False,2.028,2575.13,0.00507,0.07,1777890622
All Pools,67 - AVAX,0.3,False,2.022,26.07,0.00505,7.08,1777890622
All Pools,APOW - USDC,0.3,False,2.01,168.21,0.00502,1.09,1777890622
All Pools,MaryMagdalene - AVAX,0.3,False,1.998,225.35,0.00499,0.81,1777890622
All Pools,AVAX - SPELL,0.3,False,1.975,2737.88,0.00494,0.07,1777890622
All Pools,USDC.e - MU,0.3,False,1.919,13384.0,0.0048,0.01,1777890622
All Pools,MIM - LF,0.3,False,1.894,902.46,0.00473,0.19,1777890622
All Pools,LF - AVAX,0.3,False,1.894,289.64,0.00473,0.6,1777890622
All Pools,AVAX - USDT,0.3,False,1.887,2001.83,0.00472,0.09,1777890622
All Pools,AVAX - APOW,0.3,False,1.883,25815.0,0.00471,0.01,1777890622
All Pools,Now - AVAX,0.3,False,1.879,267.31,0.0047,0.64,1777890622
All Pools,XAUt0 - Now,0.3,False,1.877,713.65,0.00469,0.24,1777890622
All Pools,APOW - USDt,0.3,False,1.876,167.64,0.00469,1.02,1777890622
All Pools,FXS - AVAX,0.3,False,1.79,436.66,0.00448,0.37,1777890622
All Pools,AVAX - ONION,0.3,False,1.784,180.8,0.00446,0.9,1777890622
All Pools,CATWIF - AVAX,0.3,False,1.755,3290.7,0.00439,0.05,1777890622
All Pools,USDC.e - AVVO,0.3,False,1.724,249.24,0.00431,0.63,1777890622
All Pools,GENI - AVAX,0.3,False,1.686,73.72,0.00421,2.09,1777890622
All Pools,PIZZA - AVAX,0.3,False,1.684,515.51,0.00421,0.3,1777890622
All Pools,TRESR - AVAX,0.3,False,1.657,14880.0,0.00414,0.01,1777890622
All Pools,BEAR - AVAX,0.3,False,1.619,7271.34,0.00405,0.02,1777890622
All Pools,USDt - USDT.e,0.3,False,1.541,20354.0,0.00385,0.01,1777890622
All Pools,BLSEYE🎯 - BEAM,0.3,False,1.51,341.83,0.00378,0.4,1777890622
All Pools,USDC.e - ONION,0.3,False,1.44,384.85,0.0036,0.34,1777890622
All Pools,AVAX - AMI,0.3,False,1.38,535.8,0.00345,0.23,1777890622
All Pools,BANKSY - USDT.e,0.3,False,1.361,1542.51,0.0034,0.08,1777890622
All Pools,BANKSY - AVAX,0.3,False,1.361,170.84,0.0034,0.73,1777890622
All Pools,SMRTr - AVAX,0.3,False,1.345,36363.0,0.00336,0.0,1777890622
All Pools,WBTC.e - USDT.e,0.3,False,1.343,172.23,0.00336,0.71,1777890622
All Pools,SMRTr - USDC.e,0.3,False,1.341,124.99,0.00335,0.98,1777890622
All Pools,MIM - PEFI,0.3,False,1.32,203.36,0.0033,0.59,1777890622
All Pools,DAI.e - ONION,0.3,False,1.315,351.05,0.00329,0.34,1777890622
All Pools,JOE - USDT,0.3,False,1.278,363.68,0.00319,0.32,1777890622
All Pools,KIWI - AVAX,0.3,False,1.266,115.06,0.00316,1.0,1777890622
All Pools,KIWI - USDC,0.3,False,1.248,309.3,0.00312,0.37,1777890622
All Pools,LUNA - AVAX,0.3,False,1.235,141.73,0.00309,0.79,1777890622
All Pools,BLSEYE🎯 - MEOW,0.3,False,1.199,673.73,0.003,0.16,1777890622
All Pools,DREGG - AVAX,0.3,False,1.193,178.11,0.00298,0.61,1777890622
All Pools,DREGG - USDT.e,0.3,False,1.191,542.26,0.00298,0.2,1777890622
All Pools,AVAX - NaughtiusMaximus,0.3,False,1.183,443.98,0.00296,0.24,1777890622
All Pools,XAUt0 - NaughtiusMaximus,0.3,False,1.155,1055.63,0.00289,0.1,1777890622
All Pools,AVAX - IMPACT2,0.3,False,1.137,168.05,0.00284,0.62,1777890622
All Pools,WBTC.e - ONION,0.3,False,1.076,405.45,0.00269,0.24,1777890622
All Pools,COQ - BLSEYE🎯,0.3,False,1.064,213.03,0.00266,0.46,1777890622
All Pools,AVAX - SHRAP,0.3,False,1.048,17.46,0.00262,5.48,1777890622
All Pools,AVAX - MU,0.3,False,1.039,88.17,0.0026,1.07,1777890622
All Pools,CATCH - AVAX,0.3,False,1.001,357.17,0.0025,0.26,1777890622
All Pools,rloop - AVAX,0.3,False,0.99149,6251.43,0.00248,0.01,1777890622
All Pools,LUEEGI - AVAX,0.3,False,0.98903,1587.04,0.00247,0.06,1777890622
All Pools,AVAX - SMRT,0.3,False,0.96265,2321.0,0.00241,0.04,1777890622
All Pools,ROY - AVAX,0.3,False,0.96256,4963.52,0.00241,0.02,1777890622
All Pools,DCAU - USDC,0.3,False,0.9426,151.3,0.00236,0.57,1777890622
All Pools,AVAX - AVVO,0.3,False,0.93141,299.98,0.00233,0.28,1777890622
All Pools,USDT.e - SMRT,0.3,False,0.92769,105.96,0.00232,0.8,1777890622
All Pools,SWIFT - AVAX,0.3,False,0.9131,304.97,0.00228,0.27,1777890622
All Pools,SHOE - AVAX,0.3,False,0.9092,666.3,0.00227,0.12,1777890622
All Pools,JOE - EXP,0.3,False,0.90657,13399272.0,0.00227,,1777890622
All Pools,MaryMagdalene - XAUt0,0.3,False,0.90443,1946.26,0.00226,0.04,1777890622
All Pools,UST - USDT.e,0.3,False,0.90295,43.49,0.00226,1.89,1777890622
All Pools,SHOE - BTC.b,0.3,False,0.88438,847.94,0.00221,0.1,1777890622
All Pools,Trinity - Psychic,0.3,False,0.86937,541.59,0.00217,0.15,1777890622
All Pools,USDC - GAU,0.3,False,0.83907,12169.0,0.0021,0.01,1777890622
All Pools,AVAX - $SICKO,0.3,False,0.83496,9.935,0.00209,7.67,1777890622
All Pools,ACS - AVAX,0.3,False,0.83388,205.76,0.00208,0.37,1777890622
All Pools,HOST - AVAX,0.3,False,0.8167,105.34,0.00204,0.71,1777890622
All Pools,MAXI - DAI.e,0.3,False,0.80965,233.29,0.00202,0.32,1777890622
All Pools,MONEY - AVAX,0.3,False,0.79145,623.88,0.00198,0.12,1777890622
All Pools,MM - USDC,0.3,False,0.77746,83.86,0.00194,0.85,1777890622
All Pools,MM - AVAX,0.3,False,0.77477,133.16,0.00194,0.53,1777890622
All Pools,PTOP1100 - TOPIA,0.3,False,0.77027,150.06,0.00193,0.47,1777890622
All Pools,YETI - AVAX,0.3,False,0.75916,937.44,0.0019,0.07,1777890622
All Pools,GUN - AMI,0.3,False,0.74353,22.25,0.00186,3.05,1777890622
All Pools,MIM - TIME,0.3,False,0.73904,121.23,0.00185,0.56,1777890622
All Pools,KALM - USDC,0.3,False,0.73338,84.54,0.00183,0.79,1777890622
All Pools,KALM - AVAX,0.3,False,0.73313,125.65,0.00183,0.53,1777890622
All Pools,AVAX - ChristMark,0.3,False,0.72406,358.36,0.00181,0.18,1777890622
All Pools,USDC - SPT,0.3,False,0.7087,40.73,0.00177,1.59,1777890622
All Pools,AVAX - ZUBAX,0.3,False,0.69191,115.66,0.00173,0.55,1777890622
All Pools,AVAX - KONG,0.3,False,0.69187,7489.01,0.00173,0.01,1777890622
All Pools,3QF - D - AVAX,0.3,False,0.68537,1762.11,0.00171,0.04,1777890622
All Pools,3QF - D - WETH.e,0.3,False,0.68343,3122.32,0.00171,0.02,1777890622
All Pools,STATIK - AVAX,0.3,False,0.68057,43.97,0.0017,1.41,1777890622
All Pools,LadyMary - AVAX,0.3,False,0.67852,365.21,0.0017,0.17,1777890622
All Pools,SYMBIOT - AVAX,0.3,False,0.66487,90.81,0.00166,0.67,1777890622
All Pools,50 - USDC,0.3,False,0.66117,119.8,0.00165,0.5,1777890622
All Pools,50 - AVAX,0.3,False,0.66094,75.49,0.00165,0.8,1777890622
All Pools,Gladiator - AVAX,0.3,False,0.65765,3.677,0.00164,16.32,1777890622
All Pools,CANS - AVAX,0.3,False,0.65259,12.96,0.00163,4.59,1777890622
All Pools,USDC - SDOG,0.3,False,0.65244,482.02,0.00163,0.12,1777890622
All Pools,ZUBAX - USDT.e,0.3,False,0.64753,183.42,0.00162,0.32,1777890622
All Pools,SYMBIOT - DAI.e,0.3,False,0.64689,465.46,0.00162,0.13,1777890622
All Pools,LINK.e - REDWOLF,0.3,False,0.6436,81.51,0.00161,0.72,1777890622
All Pools,VPND - AVAX,0.3,False,0.64108,25562.0,0.0016,0.0,1777890622
All Pools,HUSKY - JOE,0.3,False,0.63804,183.6,0.0016,0.32,1777890622
All Pools,FollowTheWhiteRabbit - LuciferMorningstar,0.3,False,0.63467,3665.68,0.00159,0.02,1777890622
All Pools,MU - DAI.e,0.3,False,0.63461,243.81,0.00159,0.24,1777890622
All Pools,USDt - IMPACT2,0.3,False,0.62965,71.28,0.00157,0.81,1777890622
All Pools,BLS - SHRAP,0.3,False,0.62498,9.896,0.00156,5.76,1777890622
All Pools,GAINS - AVAX,0.3,False,0.61924,40.21,0.00155,1.41,1777890622
All Pools,AVAX - TheGospelOfMary,0.3,False,0.5969,158.75,0.00149,0.34,1777890622
All Pools,Orange - AVAX,0.3,False,0.59197,87.58,0.00148,0.62,1777890622
All Pools,LadyMary - FollowTheWhiteRabbit,0.3,False,0.56163,655.43,0.0014,0.08,1777890622
All Pools,USDT.e - MU,0.3,False,0.5546,253.48,0.00139,0.2,1777890622
All Pools,JEWEL - USDC,0.3,False,0.55101,4460.97,0.00138,0.01,1777890622
All Pools,XAUt0 - ChristMark,0.3,False,0.55004,695.83,0.00138,0.07,1777890622
All Pools,Trinity - LuciferMorningstar,0.3,False,0.53756,353297368.0,0.00134,,1777890622
All Pools,AVAX - PENDLE,0.3,False,0.53102,7736.77,0.00133,0.01,1777890622
All Pools,USDC.e - WXT,0.3,False,0.51974,290.6,0.0013,0.16,1777890622
All Pools,SOL - USDC,0.3,False,0.5131,23.97,0.00128,1.95,1777890622
All Pools,AMPL - AVAX,0.3,False,0.51174,340.51,0.00128,0.14,1777890622
All Pools,HEFE - GAINS,0.3,False,0.50879,5.807,0.00127,8.0,1777890622
All Pools,WETH.e - USDC,0.3,False,0.50215,22.65,0.00126,2.02,1777890622
All Pools,BLS - USDt,0.3,False,0.487,119.91,0.00122,0.37,1777890622
All Pools,WETH.e - REDWOLF,0.3,False,0.48547,101.63,0.00121,0.44,1777890622
All Pools,BrideOfChrist - AVAX,0.3,False,0.4738,89.3,0.00118,0.48,1777890622
All Pools,FERT - AVAX,0.3,False,0.4636,802.33,0.00116,0.05,1777890622
All Pools,Orange - DivineFeminine,0.3,False,0.45842,1115.4,0.00115,0.04,1777890622
All Pools,Psychic - Now,0.3,False,0.45294,629.57,0.00113,0.07,1777890622
All Pools,ZRO - USDC,0.3,False,0.45056,5.533,0.00113,7.43,1777890622
All Pools,MIM - MU,0.3,False,0.44627,252.05,0.00112,0.16,1777890622
All Pools,BTC.b - SPT,0.3,False,0.43774,39.44,0.00109,1.01,1777890622
All Pools,WETH.e - SURE,0.3,False,0.43644,1083.15,0.00109,0.04,1777890622
All Pools,USDT - ETH,0.3,False,0.42385,216.8,0.00106,0.18,1777890622
All Pools,sAVAX - COQ,0.3,False,0.41599,93.6,0.00104,0.41,1777890622
All Pools,USDt - RUX,0.3,False,0.41442,15966.0,0.00104,0.0,1777890622
All Pools,RUX - AVAX,0.3,False,0.4143,30.0,0.00104,1.26,1777890622
All Pools,MaryMagdalene - FollowTheWhiteRabbit,0.3,False,0.40605,208.56,0.00102,0.18,1777890622
All Pools,AVAX - ARENA,0.3,False,0.40322,80.46,0.00101,0.46,1777890622
All Pools,gOHM - SB,0.3,False,0.38097,15.43,,2.25,1777890622
All Pools,USDC - CHAM,0.3,False,0.37783,49.83,,0.69,1777890622
All Pools,UNI.e - REDWOLF,0.3,False,0.37595,10.35,,3.31,1777890622
All Pools,CQK - USDC,0.3,False,0.37272,34.96,,0.97,1777890622
All Pools,CQK - AVAX,0.3,False,0.37266,130.04,,0.26,1777890622
All Pools,BTC.b - IMPACT2,0.3,False,0.37011,1257.73,,0.03,1777890622
All Pools,Gladiator - USDC,0.3,False,0.36666,562.35,,0.06,1777890622
All Pools,HEFE - CANS,0.3,False,0.36443,4.296,,7.74,1777890622
All Pools,USDC - USD+,0.3,False,0.34707,32.73,,0.97,1777890622
All Pools,ABC - AVAX,0.3,False,0.34651,1071.46,,0.03,1777890622
All Pools,AVAX - TOPIA,0.3,False,0.34549,520.26,,0.06,1777890622
All Pools,APIX - LAMBO,0.3,False,0.34158,562.61,,0.06,1777890622
All Pools,USDC - aXEN,0.3,False,0.34123,9.247,,3.37,1777890622
All Pools,COQ - JUICE,0.3,False,0.34089,48.25,,0.64,1777890622
All Pools,IMPACT2 - EURC,0.3,False,0.34049,46.84,,0.66,1777890622
All Pools,BLUB - AVAX,0.3,False,0.33939,16960.0,,0.0,1777890622
All Pools,Gladiator - AMI,0.3,False,0.33302,368.09,,0.08,1777890622
All Pools,CGS - USDC.e,0.3,False,0.33209,157.66,,0.19,1777890622
All Pools,CGS - AVAX,0.3,False,0.33204,65.57,,0.46,1777890622
All Pools,Anon - AVAX,0.3,False,0.32977,14.18,,2.12,1777890622
All Pools,USDC - yyAVAX,0.3,False,0.32055,14.15,,2.07,1777890622
All Pools,FollowTheWhiteRabbit - TheGospelOfMary,0.3,False,0.31619,158.96,,0.18,1777890622
All Pools,BOI - MU,0.3,False,0.30367,1.33,,20.83,1777890622
All Pools,DFIAT - USDT.e,0.3,False,0.29867,27.93,,0.98,1777890622
All Pools,VEE - USDC,0.3,False,0.2969,32.04,,0.85,1777890622
All Pools,KIMBO - CANS,0.3,False,0.29561,396.24,,0.07,1777890622
All Pools,PTOP900 - TOPIA,0.3,False,0.29008,103.49,,0.26,1777890622
All Pools,SURE - DAI.e,0.3,False,0.2888,27.9,,0.94,1777890622
All Pools,AVVO - DAI.e,0.3,False,0.28721,39.18,,0.67,1777890622
All Pools,HUSKY - AMI,0.3,False,0.28581,86.33,,0.3,1777890622
All Pools,USDT.e - DUO,0.3,False,0.28517,56.89,,0.46,1777890622
All Pools,AVAX - DUO,0.3,False,0.28505,69.94,,0.37,1777890622
All Pools,USDC.e - WISE,0.3,False,0.27797,45.68,,0.56,1777890622
All Pools,AVAX - WISE,0.3,False,0.27793,77.74,,0.33,1777890622
All Pools,USDC.e - SOL,0.3,False,0.27478,41.92,,0.6,1777890622
All Pools,BUSD - USDC,0.3,False,0.27285,7.687,,3.24,1777890622
All Pools,AVAX - XPOW,0.3,False,0.27277,39.48,,0.63,1777890622
All Pools,TOPIA - PTOP800,0.3,False,0.27243,145.47,,0.17,1777890622
All Pools,AVAI - AVAX,0.3,False,0.27112,28.94,,0.85,1777890622
All Pools,BrideOfChrist - FollowTheWhiteRabbit,0.3,False,0.26252,734.86,,0.03,1777890622
All Pools,SLUSH - USDT.e,0.3,False,0.25895,59.57,,0.4,1777890622
All Pools,AVAX - APOW,0.3,False,0.25888,39.04,,0.61,1777890622
All Pools,SLUSH - AVAX,0.3,False,0.25886,57.99,,0.41,1777890622
All Pools,miMatic - USDC.e,0.3,False,0.25466,23.11,,1.01,1777890622
All Pools,BOI - AMI,0.3,False,0.25394,1.134,,20.43,1777890622
All Pools,AVAT - USDC,0.3,False,0.25233,40.29,,0.57,1777890622
All Pools,AftermathsKobe - AVAX,0.3,False,0.25059,294.73,,0.08,1777890622
All Pools,Psychic - AftermathsKobe,0.3,False,0.25005,323.92,,0.07,1777890622
All Pools,DivineFeminine - Gravity,0.3,False,0.2483,2345.79,,0.01,1777890622
All Pools,MIM - FORT,0.3,False,0.24803,17945.0,,0.0,1777890622
All Pools,AVAX - FORT,0.3,False,0.24801,38.59,,0.59,1777890622
All Pools,COQ - OX,0.3,False,0.24355,12301.0,,0.0,1777890622
All Pools,USDt - REDWOLF,0.3,False,0.23914,14.9,,1.46,1777890622
All Pools,DFIAT - AVAX,0.3,False,0.23489,7419.9,,0.0,1777890622
All Pools,MaryMagdalene - Gravity,0.3,False,0.23419,133.13,,0.16,1777890622
All Pools,USDt - MILO,0.3,False,0.23148,16.98,,1.24,1777890622
All Pools,AVAX - MILO,0.3,False,0.23142,1133.77,,0.02,1777890622
All Pools,AVAX - ELK,0.3,False,0.23052,69.04,,0.3,1777890622
All Pools,AVAX - CHAM,0.3,False,0.22682,32.58,,0.64,1777890622
All Pools,MaryMagdalene - TheGospelOfMary,0.3,False,0.22466,272.97,,0.08,1777890622
All Pools,YEEHAW - BTC.b,0.3,False,0.22193,127.14,,0.16,1777890622
All Pools,GLOBA - AVAX,0.3,False,0.2194,50.66,,0.4,1777890622
All Pools,TSD - AVAX,0.3,False,0.21912,324.32,,0.06,1777890622
All Pools,DCAU - MIM,0.3,False,0.21892,311.06,,0.06,1777890622
All Pools,VENG - AVAX,0.3,False,0.21857,60.15,,0.33,1777890622
All Pools,COQ - NOCHILL,0.3,False,0.21748,15.09,,1.32,1777890622
All Pools,AI - AVAX,0.3,False,0.21653,4288.7,,0.0,1777890622
All Pools,FollowTheWhiteRabbit - DivineFeminine,0.3,False,0.21041,684.16,,0.03,1777890622
All Pools,COQ - COQAI,0.3,False,0.21026,27993.0,,,1777890622
All Pools,GLOBA - DAI.e,0.3,False,0.21006,51.99,,0.37,1777890622
All Pools,wsOHM - AVAX,0.3,False,0.2069,21.87,,0.86,1777890622
All Pools,FTOMB - AVAX,0.3,False,0.20367,10206.0,,0.0,1777890622
All Pools,Hopi - AVAX,0.3,False,0.20294,216.15,,0.09,1777890622
All Pools,Hopi - Now,0.3,False,0.2028,720.76,,0.03,1777890622
All Pools,USDT.e - ZABU,0.3,False,0.20131,47.89,,0.38,1777890622
All Pools,USDC - BVAX,0.3,False,0.20035,30.54,,0.6,1777890622
All Pools,MIM - PAPA,0.3,False,0.19942,411.07,,0.04,1777890622
All Pools,PAPA - AVAX,0.3,False,0.19938,30.27,,0.6,1777890622
All Pools,YEEHAW - AVAX,0.3,False,0.19515,31.61,,0.56,1777890622
All Pools,MIM - wsOHM,0.3,False,0.19231,1092.5,,0.02,1777890622
All Pools,LINDA - AVAX,0.3,False,0.18335,2085.07,,0.01,1777890622
All Pools,SUB - USDC,0.3,False,0.18119,13.26,,1.25,1777890622
All Pools,METAG - AVAX,0.3,False,0.18073,24.11,,0.68,1777890622
All Pools,Meaning - AVAX,0.3,False,0.17999,452.53,,0.04,1777890622
All Pools,Psychic - Meaning,0.3,False,0.17966,311.28,,0.05,1777890622
All Pools,- AMI,0.3,False,0.17547,13.18,,1.21,1777890622
All Pools,DéjàVu - Gravity,0.3,False,0.17525,210.0,,0.08,1777890622
All Pools,FollowTheWhiteRabbit - Priory,0.3,False,0.17407,932.01,,0.02,1777890622
All Pools,Priory - AVAX,0.3,False,0.17405,76.59,,0.21,1777890622
All Pools,DivineFeminine - AVAX,0.3,False,0.17288,6.22,,2.54,1777890622
All Pools,Gold - Now,0.3,False,0.16939,905.03,,0.02,1777890622
All Pools,Gold - AVAX,0.3,False,0.16936,88.31,,0.17,1777890622
All Pools,AVAX - SPT,0.3,False,0.16876,16.34,,0.94,1777890622
All Pools,HEFE - AMI,0.3,False,0.16781,1.753,,8.74,1777890622
All Pools,SURE - USDC.e,0.3,False,0.16636,23.48,,0.65,1777890622
All Pools,USDt - DXN,0.3,False,0.16394,215.45,,0.07,1777890622
All Pools,Chemistry - AVAX,0.3,False,0.16337,88.89,,0.17,1777890622
All Pools,AVAT - AVAX,0.3,False,0.16326,21.25,,0.7,1777890622
All Pools,LUNA - LUNA,0.3,False,0.16299,2.494,,5.96,1777890622
All Pools,BrideOfChrist - BLACK,0.3,False,0.16229,33.47,,0.44,1777890622
All Pools,PTOP1000 - TOPIA,0.3,False,0.16114,100.9,,0.15,1777890622
All Pools,AVAX - ZABU,0.3,False,0.1585,29.85,,0.48,1777890622
All Pools,Trinity - Gravity,0.3,False,0.15626,2477.98,,0.01,1777890622
All Pools,BRO - COQ,0.3,False,0.15607,206.65,,0.07,1777890622
All Pools,BRO - AVAX,0.3,False,0.15572,138869.0,,,1777890622
All Pools,USDT.e - EXP,0.3,False,0.15189,44253149.0,,,1777890622
All Pools,MIM - USDC,0.3,False,0.14914,76.67,,0.18,1777890622
All Pools,AVAX - SDOG,0.3,False,0.14884,10.1,,1.34,1777890622
All Pools,USDt - XPOW,0.3,False,0.1484,20.1,,0.67,1777890622
All Pools,MaryMagdalene - BrideOfChrist,0.3,False,0.14676,120.94,,0.11,1777890622
All Pools,MELT - AVAX,0.3,False,0.14589,24.58,,0.54,1777890622
All Pools,$Crazy - AVAX,0.3,False,0.14483,1005.18,,0.01,1777890622
All Pools,Chemistry - Now,0.3,False,0.14346,909.7,,0.01,1777890622
All Pools,WarpSpeed - AVAX,0.3,False,0.14306,138.4,,0.09,1777890622
All Pools,Gravity - WarpSpeed,0.3,False,0.14303,85.28,,0.15,1777890622
All Pools,AVAX - LuciferMorningstar,0.3,False,0.14281,14.55,,0.9,1777890622
All Pools,TrumpTower - AVAX,0.3,False,0.14213,159.5,,0.08,1777890622
All Pools,TrumpTower - Gravity,0.3,False,0.1421,76.56,,0.17,1777890622
All Pools,Matter - AVAX,0.3,False,0.13359,80.18,,0.15,1777890622
All Pools,Orange - Matter,0.3,False,0.13329,9059.83,,0.0,1777890622
All Pools,USDC - APOW,0.3,False,0.13106,20.09,,0.6,1777890622
All Pools,WLRS - USDC.e,0.3,False,0.12838,4537.06,,0.0,1777890622
All Pools,USDt - APOW,0.3,False,0.12784,20.09,,0.58,1777890622
All Pools,USDC - XPOW,0.3,False,0.12444,20.15,,0.56,1777890622
All Pools,TOMB - USDC,0.3,False,0.12333,10.59,,1.06,1777890622
All Pools,ElvisJackpot - BLACK,0.3,False,0.12213,17.93,,0.62,1777890622
All Pools,FLAKE - USDT.e,0.3,False,0.12095,50.48,,0.22,1777890622
All Pools,FLAKE - AVAX,0.3,False,0.12091,21.11,,0.52,1777890622
All Pools,YETI - AVAX,0.3,False,0.12008,3285.89,,0.0,1777890622
All Pools,NOCHILL - KET,0.3,False,0.11863,16.41,,0.66,1777890622
All Pools,RoselineBloodline - AVAX,0.3,False,0.11798,43.92,,0.25,1777890622
All Pools,miMatic - AVAX,0.3,False,0.1169,36.37,,0.29,1777890622
All Pools,AVAX - GAU,0.3,False,0.11419,9.083,,1.15,1777890622
All Pools,Beyond - AVAX,0.3,False,0.114,89.27,,0.12,1777890622
All Pools,Beyond - Orange,0.3,False,0.11378,4470.57,,0.0,1777890622
All Pools,AVAX - BLANC,0.3,False,0.11235,21.62,,0.47,1777890622
All Pools,MIM - BLANC,0.3,False,0.11234,8335.13,,0.0,1777890622
All Pools,REDWOLF - SOL,0.3,False,0.11161,74.83,,0.14,1777890622
All Pools,Solar - AVAX,0.3,False,0.10994,89.09,,0.11,1777890622
All Pools,Solar - Now,0.3,False,0.10987,912.88,,0.01,1777890622
All Pools,AVAX - SNOB,0.3,False,0.10972,961.98,,0.01,1777890622
All Pools,VELAI - AVAX,0.3,False,0.10813,0.32298,,30.55,1777890622
All Pools,RPEPE - AVAX,0.3,False,0.10797,6298.38,,0.0,1777890622
All Pools,METAG - USDt,0.3,False,0.10757,16.0,,0.61,1777890622
All Pools,Psychic - DéjàVu,0.3,False,0.1071,196.24,,0.05,1777890622
All Pools,XAUt0 - ElvisJackpot,0.3,False,0.10152,326.94,,0.03,1777890622
All Pools,Jjj - AVAX,0.3,False,0.10047,290.77,,0.03,1777890622
All Pools,Psychic - Jjj,0.3,False,0.10029,319.18,,0.03,1777890622
All Pools,LIBRE - USDC.e,0.3,False,0.09847,14.79,,0.61,1777890622
All Pools,Christmas - Merovingian,0.3,False,0.09712,118.19,,0.07,1777890622
All Pools,JOE - ZABU,0.3,False,0.09709,18.29,,0.48,1777890622
All Pools,Christmas - AVAX,0.3,False,0.09709,248.84,,0.04,1777890622
All Pools,Now - Merovingian,0.3,False,0.09665,70.2,,0.13,1777890622
All Pools,COQ - BOOTY,0.3,False,0.09597,10.39,,0.84,1777890622
All Pools,Xmas - AVAX,0.3,False,0.09586,273.6,,0.03,1777890622
All Pools,Psychic - Xmas,0.3,False,0.09565,299.86,,0.03,1777890622
All Pools,JPYC - USDC.e,0.3,False,0.09463,4.796,,1.8,1777890622
All Pools,UST - USDC,0.3,False,0.0936,4.445,,1.92,1777890622
All Pools,ALOT - USDC.e,0.3,False,0.09312,9.232,,0.92,1777890622
All Pools,MAJIN - MU,0.3,False,0.09197,4.424,,1.9,1777890622
All Pools,Ducks - AVAX,0.3,False,0.09195,290.17,,0.03,1777890622
All Pools,YEEHAW - USDC,0.3,False,0.09192,12.7,,0.66,1777890622
All Pools,AVAX - STRAW,0.3,False,0.09191,15.6,,0.54,1777890622
All Pools,Psychic - Ducks,0.3,False,0.09178,318.78,,0.03,1777890622
All Pools,MELT - USDT.e,0.3,False,0.09123,30.65,,0.27,1777890622
All Pools,KRW - AVAX,0.3,False,0.09109,455.97,,0.02,1777890622
All Pools,JOE - KRW,0.3,False,0.09099,237.86,,0.03,1777890622
All Pools,Trinity - LadyMary,0.3,False,0.09006,11267.0,,,1777890622
All Pools,MIM - GRAPE,0.3,False,0.08861,2409.74,,0.0,1777890622
All Pools,WLRS - GRAPE,0.3,False,0.08859,78.83,,0.1,1777890622
All Pools,DAI.e - STRAW,0.3,False,0.08796,34.05,,0.24,1777890622
All Pools,Gil - AVAX,0.3,False,0.08705,16.95,,0.47,1777890622
All Pools,HUSKY - MUG,0.3,False,0.08522,24.52,,0.32,1777890622
All Pools,SLIME - AVAX,0.3,False,0.08486,21439.0,,,1777890622
All Pools,SLIME - USDt,0.3,False,0.08485,7.318,,1.06,1777890622
All Pools,AVAX - MeaningOfNumbers,0.3,False,0.08388,290.4,,0.03,1777890622
All Pools,GAS - AVAX,0.3,False,0.08385,227.76,,0.03,1777890622
All Pools,Psychic - MeaningOfNumbers,0.3,False,0.08373,319.12,,0.02,1777890622
All Pools,BTC.b - USDC,0.3,False,0.08339,4.659,,1.63,1777890622
All Pools,Gil - DAI.e,0.3,False,0.08329,28.31,,0.27,1777890622
All Pools,aAvaLINK - AVAX,0.3,False,0.08291,9.471,,0.8,1777890622
All Pools,LINK.e - MU,0.3,False,0.08279,7.464,,1.01,1777890622
All Pools,USDt - NEMO,0.3,False,0.08239,96.27,,0.08,1777890622
All Pools,AVAX - NEMO,0.3,False,0.08238,7.714,,0.97,1777890622
All Pools,PTOP1300 - TOPIA,0.3,False,0.08188,96.18,,0.08,1777890622
All Pools,MAJIN - REDWOLF,0.3,False,0.08118,7.048,,1.05,1777890622
All Pools,AVAX - Prometheus,0.3,False,0.08028,283.78,,0.03,1777890622
All Pools,Psychic - Prometheus,0.3,False,0.08012,310.39,,0.02,1777890622
All Pools,BANKSY - USDC.e,0.3,False,0.07816,31.17,,0.23,1777890622
All Pools,BANKSY - AVAX,0.3,False,0.07814,23.11,,0.31,1777890622
All Pools,TECH - OX,0.3,False,0.07656,4907.46,,0.0,1777890622
All Pools,CNR - USDC,0.3,False,0.07585,4.818,,1.44,1777890622
All Pools,WINK - NOCHILL,0.3,False,0.07526,0.90195,,7.61,1777890622
All Pools,MEOW - AVAX,0.3,False,0.07519,10403.0,,,1777890622
All Pools,HEFE - HIGHER,0.3,False,0.07378,0.88609,,7.6,1777890622
All Pools,METAG - USDT.e,0.3,False,0.07317,49.12,,0.14,1777890622
All Pools,TruthClosure - BLACK,0.3,False,0.07212,26.0,,0.25,1777890622
All Pools,WBTC.e - REDWOLF,0.3,False,0.07087,58.75,,0.11,1777890622
All Pools,Psychic - Stolen,0.3,False,0.06993,85.08,,0.08,1777890622
All Pools,meGNX - AVAX,0.3,False,0.06993,17.36,,0.37,1777890622
All Pools,AVAX - Nala,0.3,False,0.0691,25.57,,0.25,1777890622
All Pools,AVAX - BLACK,0.3,False,0.06864,6.047,,1.04,1777890622
All Pools,HIGHER - AVAX,0.3,False,0.06862,1.848,,3.39,1777890622
All Pools,Mungo - AVAX,0.3,False,0.06843,40.97,,0.15,1777890622
All Pools,DéjàVu - Mungo,0.3,False,0.06835,184.23,,0.03,1777890622
All Pools,USDT.e - XAVA,0.3,False,0.0682,11.2,,0.56,1777890622
All Pools,BTC.b - MU,0.3,False,0.06787,11.25,,0.55,1777890622
All Pools,bECH - AVAX,0.3,False,0.06724,21.41,,0.29,1777890622
All Pools,MIM - SPELL,0.3,False,0.06638,7.538,,0.8,1777890622
All Pools,MIM - AUSD,0.3,False,0.0661,34.87,,0.17,1777890622
All Pools,WDAO - MIM,0.3,False,0.06606,23.34,,0.26,1777890622
All Pools,WDAO - AVAX,0.3,False,0.06604,19.46,,0.31,1777890622
All Pools,SOB - LUNA,0.3,False,0.06387,1.339,,4.35,1777890622
All Pools,FITFI - USDC,0.3,False,0.06307,0.44634,,12.89,1777890622
All Pools,FollowTheWhiteRabbit - RoselineBloodline,0.3,False,0.06214,41.49,,0.14,1777890622
All Pools,Light - AVAX,0.3,False,0.06184,89.24,,0.06,1777890622
All Pools,USDC - AMI,0.3,False,0.06178,0.66549,,8.47,1777890622
All Pools,Light - Now,0.3,False,0.0617,914.43,,0.01,1777890622
All Pools,CNR - USDt,0.3,False,0.06005,4.835,,1.13,1777890622
All Pools,MIM - GG,0.3,False,0.05859,291.09,,0.02,1777890622
All Pools,AVAX - GG,0.3,False,0.05858,9.362,,0.57,1777890622
All Pools,wMEMO - MIM,0.3,False,0.05757,20.52,,0.26,1777890622
All Pools,REDWOLF - SHRAP,0.3,False,0.05724,1.134,,4.61,1777890622
All Pools,Gravity - TheGospelOfMary,0.3,False,0.05701,34.32,,0.15,1777890622
All Pools,MaryMagdalene - RoselineBloodline,0.3,False,0.05595,46.69,,0.11,1777890622
All Pools,Chrism - ChristMark,0.3,False,0.05587,181.85,,0.03,1777890622
All Pools,MIM - GG,0.3,False,0.05562,23.3,,0.22,1777890622
All Pools,GG - AVAX,0.3,False,0.05561,12.23,,0.41,1777890622
All Pools,Gravity - NaughtiusMaximus,0.3,False,0.05498,5.068,,0.99,1777890622
All Pools,MELT - USDC.e,0.3,False,0.05469,30.96,,0.16,1777890622
All Pools,HEFE - Always,0.3,False,0.05398,0.86405,,5.7,1777890622
All Pools,wsOHM - USDC.e,0.3,False,0.05364,42.19,,0.12,1777890622
All Pools,Stolen - AVAX,0.3,False,0.05342,17.56,,0.28,1777890622
All Pools,AMI - JUICY,0.3,False,0.05198,0.91789,,5.17,1777890622
All Pools,Sanskrit - AVAX,0.3,False,0.05151,89.35,,0.05,1777890622
All Pools,Sanskrit - Now,0.3,False,0.0514,915.64,,0.01,1777890622
All Pools,MIM - DAI.e,0.3,False,0.05118,52.07,,0.09,1777890622
All Pools,CommieSukey - AVAX,0.3,False,0.05112,291.35,,0.02,1777890622
All Pools,Psychic - CommieSukey,0.3,False,0.05102,319.11,,0.01,1777890622
All Pools,DUO - USDT.e,0.3,False,0.0507,7.266,,0.64,1777890622
All Pools,USDT.e - TMT,0.3,False,0.05015,25.97,,0.18,1777890622
All Pools,AVAX - TMT,0.3,False,0.05013,7.042,,0.65,1777890622
All Pools,wMEMO - AVAX,0.3,False,0.05005,13.62,,0.34,1777890622
All Pools,USDR - USDC,0.3,False,0.04942,40.67,,0.11,1777890622
All Pools,AVAX - Mentor,0.3,False,0.0494,88.95,,0.05,1777890622
All Pools,Now - Mentor,0.3,False,0.04934,912.02,,0.0,1777890622
All Pools,TruthClosure - AVAX,0.3,False,0.04899,11.52,,0.39,1777890622
All Pools,MPL - USDt,0.3,False,0.04844,30.55,,0.14,1777890622
All Pools,MPL - AVAX,0.3,False,0.04842,6.103,,0.72,1777890622
All Pools,AVAX - RedFolder,0.3,False,0.04801,290.15,,0.02,1777890622
All Pools,Psychic - RedFolder,0.3,False,0.04792,318.03,,0.01,1777890622
All Pools,JOE - ZUBAX,0.3,False,0.04787,9.007,,0.48,1777890622
All Pools,USDC.e - WOLF,0.3,False,0.04738,8.752,,0.49,1777890622
All Pools,AVAX - WOLF,0.3,False,0.04737,73.45,,0.06,1777890622
All Pools,Silver - AVAX,0.3,False,0.04712,87.81,,0.05,1777890622
All Pools,Silver - Now,0.3,False,0.04703,916.04,,0.0,1777890622
All Pools,WINK - MU,0.3,False,0.04664,0.47356,,8.99,1777890622
All Pools,LoveIsTheKey - AVAX,0.3,False,0.04608,14.9,,0.28,1777890622
All Pools,Uncontractable - AVAX,0.3,False,0.04578,87.51,,0.05,1777890622
All Pools,Uncontractable - Now,0.3,False,0.04572,892.05,,0.0,1777890622
All Pools,MIM - NADO,0.3,False,0.04556,1160.43,,0.0,1777890622
All Pools,AVAX - NADO,0.3,False,0.04555,7.704,,0.54,1777890622
All Pools,KLO - USDT.e,0.3,False,0.04473,5.593,,0.73,1777890622
All Pools,AVAX - All,0.3,False,0.04472,292.17,,0.01,1777890622
All Pools,Psychic - All,0.3,False,0.04464,318.67,,0.01,1777890622
All Pools,Trinity - Nala,0.3,False,0.04388,40.99,,0.1,1777890622
All Pools,MIM - LIFE,0.3,False,0.04345,66.73,,0.06,1777890622
All Pools,LIFE - AVAX,0.3,False,0.04345,7.182,,0.55,1777890622
All Pools,Psychic - Chrism,0.3,False,0.04345,62.69,,0.06,1777890622
All Pools,NOCHILL - AMI,0.3,False,0.04281,5.978,,0.65,1777890622
All Pools,MELT - USDC.e,0.3,False,0.04269,7.009,,0.56,1777890622
All Pools,MELT - AVAX,0.3,False,0.04268,1125.95,,0.0,1777890622
All Pools,COQ - AMI,0.3,False,0.04261,14.02,,0.28,1777890622
All Pools,AVAX - Wej,0.3,False,0.04226,290.37,,0.01,1777890622
All Pools,Psychic - Wej,0.3,False,0.04218,318.01,,0.01,1777890622
All Pools,Apollyon - AVAX,0.3,False,0.04211,36.25,,0.11,1777890622
All Pools,Apollyon - LuciferMorningstar,0.3,False,0.04206,235196665.0,,,1777890622
All Pools,SURE - AVAX,0.3,False,0.04111,7.087,,0.53,1777890622
All Pools,Blue - AVAX,0.3,False,0.04106,260.84,,0.01,1777890622
All Pools,MIM - SBR,0.3,False,0.04103,39.53,,0.09,1777890622
All Pools,SBR - AVAX,0.3,False,0.04102,7.243,,0.52,1777890622
All Pools,Trinity - Stolen,0.3,False,0.04098,29.81,,0.13,1777890622
All Pools,ICUBE - USDT.e,0.3,False,0.04063,107.82,,0.03,1777890622
All Pools,ICUBE - AVAX,0.3,False,0.04061,6.31,,0.59,1777890622
All Pools,Yellow - AVAX,0.3,False,0.04052,263.04,,0.01,1777890622
All Pools,gOHM - wsOHM,0.3,False,0.04012,37.71,,0.1,1777890622
All Pools,BNB - AVAX,0.3,False,0.04007,4068.05,,,1777890622
All Pools,COQ - JUICY,0.3,False,0.03994,0.70554,,5.16,1777890622
All Pools,aAvaLINK - meGNX,0.3,False,0.03978,10.46,,0.35,1777890622
All Pools,Who - AVAX,0.3,False,0.0397,138.68,,0.03,1777890622
All Pools,AVAX - Strength,0.3,False,0.03897,139.85,,0.03,1777890622
All Pools,LoveYou - Gravity,0.3,False,0.03873,57.21,,0.06,1777890622
All Pools,LoveYou - AVAX,0.3,False,0.03873,61.34,,0.06,1777890622
All Pools,Necromancer - AVAX,0.3,False,0.03845,89.22,,0.04,1777890622
All Pools,Now - Necromancer,0.3,False,0.03837,914.36,,0.0,1777890622
All Pools,UNIQOC - COQ,0.3,False,0.03816,54.09,,0.06,1777890622
All Pools,WBTC.e - USDC.e,0.3,False,0.03809,8.938,,0.39,1777890622
All Pools,UNIQOC - AVAX,0.3,False,0.03807,1126.33,,0.0,1777890622
All Pools,USDC - MXNB,0.3,False,0.03766,27.43,,0.13,1777890622
All Pools,RUGPULL - MUG,0.3,False,0.03764,185.53,,0.02,1777890622
All Pools,FollowTheWhiteRabbit - StatueOfLiberty,0.3,False,0.03761,511.08,,0.01,1777890622
All Pools,StatueOfLiberty - AVAX,0.3,False,0.0376,14.64,,0.23,1777890622
All Pools,AMI - TOPIA,0.3,False,0.03758,220.77,,0.02,1777890622
All Pools,BNZ - WINK,0.3,False,0.03734,0.43696,,7.8,1777890622
All Pools,USDC - WSPP,0.3,False,0.03726,43.76,,0.08,1777890622
All Pools,AVAX - WSPP,0.3,False,0.03725,2.951,,1.15,1777890622
All Pools,BENIS - NOCHILL,0.3,False,0.03689,4.878,,0.69,1777890622
All Pools,Gravity - ChristMark,0.3,False,0.0363,15.6,,0.21,1777890622
All Pools,Void - AVAX,0.3,False,0.0361,87.57,,0.04,1777890622
All Pools,Void - Now,0.3,False,0.03603,917.5,,0.0,1777890622
All Pools,USDT.e - BOREA,0.3,False,0.03567,26.43,,0.12,1777890622
All Pools,ArniStitch - AVAX,0.3,False,0.03565,289.69,,0.01,1777890622
All Pools,AVAX - BOREA,0.3,False,0.03564,6.621,,0.49,1777890622
All Pools,Psychic - ArniStitch,0.3,False,0.03559,318.24,,0.01,1777890622
All Pools,Four - AVAX,0.3,False,0.03542,74.01,,0.04,1777890622
All Pools,Yellow - BLACK,0.3,False,0.03537,4.862,,0.66,1777890622
All Pools,Hydrogen - AVAX,0.3,False,0.0351,260.79,,0.01,1777890622
All Pools,NineHundred - AVAX,0.3,False,0.03496,139.36,,0.02,1777890622
All Pools,DrainTheSwamp - AVAX,0.3,False,0.03457,37.32,,0.08,1777890622
All Pools,AVAX - LYLY,0.3,False,0.03454,72.29,,0.04,1777890622
All Pools,FITFI - USDC.e,0.3,False,0.03453,0.24018,,13.12,1777890622
All Pools,QI - LYLY,0.3,False,0.03447,2.725,,1.15,1777890622
All Pools,wALGO - AVAX,0.3,False,0.03445,160.48,,0.02,1777890622
All Pools,wALGO - USDC,0.3,False,0.03445,2.81,,1.12,1777890622
All Pools,Chrism - BLACK,0.3,False,0.03389,2.409,,1.28,1777890622
All Pools,AVAX - MUG,0.3,False,0.03365,352.3,,0.01,1777890622
All Pools,Blue - BLACK,0.3,False,0.03305,4.88,,0.62,1777890622
All Pools,Who - BLACK,0.3,False,0.03296,4.827,,0.62,1777890622
All Pools,Hydrogen - BLACK,0.3,False,0.03253,4.877,,0.61,1777890622
All Pools,LoveIsTheKey - BLACK,0.3,False,0.03218,7.973,,0.37,1777890622
All Pools,Stolen - BLACK,0.3,False,0.03202,5.43,,0.54,1777890622
All Pools,Go - BLACK,0.3,False,0.03195,4.825,,0.6,1777890622
All Pools,Go - AVAX,0.3,False,0.03194,138.89,,0.02,1777890622
All Pools,GOOD - GAINS,0.3,False,0.03192,3.741,,0.78,1777890622
All Pools,GOOD - AVAX,0.3,False,0.03177,152.07,,0.02,1777890622
All Pools,AVAX - ETH,0.3,False,0.03163,16.56,,0.17,1777890622
All Pools,NineHundred - BLACK,0.3,False,0.03143,4.855,,0.59,1777890622
All Pools,ACS - USDC.e,0.3,False,0.03138,5.302,,0.54,1777890622
All Pools,RUG - USDT.e,0.3,False,0.03129,14.72,,0.19,1777890622
All Pools,Strength - BLACK,0.3,False,0.03105,4.831,,0.59,1777890622
All Pools,ORNG - JUICE,0.3,False,0.03085,2.744,,1.03,1777890622
All Pools,UST - UST,0.3,False,0.03078,1.867,,1.5,1777890622
All Pools,USDC - LODE,0.3,False,0.03071,880.33,,0.0,1777890622
All Pools,Milk - USDT.e,0.3,False,0.02966,14.42,,0.19,1777890622
All Pools,Milk - AVAX,0.3,False,0.02964,6.587,,0.41,1777890622
All Pools,AVAX - BlackAndGold,0.3,False,0.02962,291.87,,0.01,1777890622
All Pools,Psychic - BlackAndGold,0.3,False,0.02957,318.54,,0.01,1777890622
All Pools,ELE - AVAX,0.3,False,0.02903,124.32,,0.02,1777890622
All Pools,LIRA - AVAX,0.3,False,0.02893,13.08,,0.2,1777890622
All Pools,AVAX - Propriety,0.3,False,0.02874,89.11,,0.03,1777890622
All Pools,Now - Propriety,0.3,False,0.02869,915.07,,0.0,1777890622
All Pools,USDT.e - GOT,0.3,False,0.02805,12.82,,0.2,1777890622
All Pools,AVAX - GOT,0.3,False,0.02804,5.213,,0.49,1777890622
All Pools,NaughtiusMaximus - Seventeen,0.3,False,0.02793,856.47,,0.0,1777890622
All Pools,BLACK - SantaGospel,0.3,False,0.02785,4.811,,0.53,1777890622
All Pools,WETH.e - yyAVAX,0.3,False,0.02785,19.14,,0.13,1777890622
All Pools,AVAX - SantaGospel,0.3,False,0.02784,133.19,,0.02,1777890622
All Pools,NOCHILL - REDWOLF,0.3,False,0.02782,3.462,,0.73,1777890622
All Pools,XIO - USDC,0.3,False,0.02779,24.35,,0.1,1777890622
All Pools,XIO - AVAX,0.3,False,0.02779,2.78,,0.91,1777890622
All Pools,MaryMagdalene - LadyMary,0.3,False,0.02765,17.5,,0.14,1777890622
All Pools,AVAX - √Root,0.3,False,0.02762,89.3,,0.03,1777890622
All Pools,Now - √Root,0.3,False,0.02757,914.99,,0.0,1777890622
All Pools,COQ - OSAK,0.3,False,0.02697,36.74,,0.07,1777890622
All Pools,OSAK - AVAX,0.3,False,0.02691,6125.68,,,1777890622
All Pools,USDC.e - SPADE,0.3,False,0.02656,16.12,,0.15,1777890622
All Pools,AVAX - SPADE,0.3,False,0.02655,6.01,,0.4,1777890622
All Pools,AVAX - IMPACT,0.3,False,0.02648,6.195,,0.39,1777890622
All Pools,OH - AVAX,0.3,False,0.02642,93.69,,0.03,1777890622
All Pools,KrisKringle - Gravity,0.3,False,0.02626,77.95,,0.03,1777890622
All Pools,KrisKringle - AVAX,0.3,False,0.02625,25.93,,0.09,1777890622
All Pools,Trinity - Sinterklaas,0.3,False,0.02607,26.13,,0.09,1777890622
All Pools,AVAX - Sinterklaas,0.3,False,0.02607,138.54,,0.02,1777890622
All Pools,SMRT - XAVA,0.3,False,0.02579,2.836,,0.83,1777890622
All Pools,Orange - BLACK,0.3,False,0.02552,4.137,,0.56,1777890622
All Pools,Psychic - Nala,0.3,False,0.02528,267.34,,0.01,1777890622
All Pools,Gravity - HustleTappers,0.3,False,0.02526,24.08,,0.1,1777890622
All Pools,AVAX - HustleTappers,0.3,False,0.02525,55.12,,0.04,1777890622
All Pools,USDT.e - AVVO,0.3,False,0.02518,4.013,,0.57,1777890622
All Pools,USDt - IMPACT,0.3,False,0.02489,3.334,,0.68,1777890622
All Pools,WETH.e - USDR,0.3,False,0.02466,2.761,,0.81,1777890622
All Pools,3ULL - AVAX,0.3,False,0.02464,46.88,,0.05,1777890622
All Pools,AAVE.e - USDT.e,0.3,False,0.02414,2.576,,0.86,1777890622
All Pools,AVAX - Ouroboros,0.3,False,0.02387,21.55,,0.1,1777890622
All Pools,Psychic - Yellow,0.3,False,0.02382,82.13,,0.03,1777890622
All Pools,WhollySphere - Gravity,0.3,False,0.02358,22.97,,0.09,1777890622
All Pools,WhollySphere - AVAX,0.3,False,0.02357,50.37,,0.04,1777890622
All Pools,WOLF - USDT.e,0.3,False,0.02357,4.055,,0.53,1777890622
All Pools,WOLF - AVAX,0.3,False,0.02356,69.97,,0.03,1777890622
All Pools,SOB - AVAX,0.3,False,0.02352,552.84,,0.0,1777890622
All Pools,Gravity - McdonaldTrouped,0.3,False,0.02344,22.95,,0.09,1777890622
All Pools,McdonaldTrouped - AVAX,0.3,False,0.02343,50.3,,0.04,1777890622
All Pools,QI - REDWOLF,0.3,False,0.02334,1.565,,1.36,1777890622
All Pools,Wingdings - Gravity,0.3,False,0.02318,21.94,,0.1,1777890622
All Pools,Wingdings - AVAX,0.3,False,0.02318,50.44,,0.04,1777890622
All Pools,FollowTheWhiteRabbit - TruthClosure,0.3,False,0.02314,45.84,,0.05,1777890622
All Pools,AVAX - USDR,0.3,False,0.02304,2.936,,0.72,1777890622
All Pools,AVAX - Teste,0.3,False,0.02274,88.44,,0.02,1777890622
All Pools,AAVE.e - meGNX,0.3,False,0.02271,4.001,,0.52,1777890622
All Pools,Now - Teste,0.3,False,0.0227,917.82,,0.0,1777890622
All Pools,DrainTheSwamp - Gravity,0.3,False,0.02254,22.63,,0.09,1777890622
All Pools,USDC.e - RUG,0.3,False,0.02228,24.82,,0.08,1777890622
All Pools,PNG - REDWOLF,0.3,False,0.02223,4.245,,0.48,1777890622
All Pools,BTC.b - GMX,0.3,False,0.02206,1.538,,1.31,1777890622
All Pools,GRELF[ava] - AVAX,0.3,False,0.02171,1147.57,,0.0,1777890622
All Pools,Psychic - Who,0.3,False,0.0217,73.79,,0.03,1777890622
All Pools,BSGG - AVAX,0.3,False,0.02156,3.826,,0.51,1777890622
All Pools,HIGHER - AMI,0.3,False,0.02147,3.288,,0.6,1777890622
All Pools,GMX - USDC,0.3,False,0.02101,0.90046,,2.13,1777890622
All Pools,MerryXmas - AVAX,0.3,False,0.0209,267.13,,0.01,1777890622
All Pools,Psychic - MerryXmas,0.3,False,0.02087,292.61,,0.01,1777890622
All Pools,AVAX - Always,0.3,False,0.0208,0.58933,,3.22,1777890622
All Pools,Psychic - NeatestQuackery,0.3,False,0.02046,313.9,,0.01,1777890622
All Pools,NeatestQuackery - AVAX,0.3,False,0.02043,285.39,,0.01,1777890622
All Pools,3ULL - USDt,0.3,False,0.02032,2.511,,0.74,1777890622
All Pools,CodexKennyMin - AVAX,0.3,False,0.02023,24.82,,0.07,1777890622
All Pools,XOMB - USDT.e,0.3,False,0.02023,2.412,,0.77,1777890622
All Pools,CodexKennyMin - FollowTheWhiteRabbit,0.3,False,0.02023,21.95,,0.08,1777890622
All Pools,Psychic - Blue,0.3,False,0.02022,81.53,,0.02,1777890622
All Pools,XOMB - AVAX,0.3,False,0.02022,21.3,,0.09,1777890622
All Pools,ARA - AVAX,0.3,False,0.02021,2.821,,0.65,1777890622
All Pools,BGLD - USDT.e,0.3,False,0.02019,16.91,,0.11,1777890622
All Pools,BGLD - AVAX,0.3,False,0.02019,4.34,,0.42,1777890622
All Pools,AVAX - SwiftTaylor,0.3,False,0.01992,14.57,,0.12,1777890622
All Pools,CNR - AVAX,0.3,False,0.01989,61.03,,0.03,1777890622
All Pools,FatherChristmas - AVAX,0.3,False,0.01983,53.23,,0.03,1777890622
All Pools,FatherChristmas - Gravity,0.3,False,0.01979,21.89,,0.08,1777890622
All Pools,Satoshi - Gravity,0.3,False,0.01975,55.09,,0.03,1777890622
All Pools,Satoshi - AVAX,0.3,False,0.01974,18.98,,0.09,1777890622
All Pools,MUMO - USDC,0.3,False,0.01967,8.281,,0.22,1777890622
All Pools,Gravity - Vaccinations,0.3,False,0.01963,61.86,,0.03,1777890622
All Pools,AVAX - Vaccinations,0.3,False,0.01963,18.24,,0.1,1777890622
All Pools,Gravity - Nakamoto,0.3,False,0.01954,62.02,,0.03,1777890622
All Pools,Nakamoto - AVAX,0.3,False,0.01954,18.25,,0.1,1777890622
All Pools,ZUM - NOCHILL,0.3,False,0.01945,1.246,,1.42,1777890622
All Pools,MerryChristmas - Gravity,0.3,False,0.01913,62.07,,0.03,1777890622
All Pools,MerryChristmas - AVAX,0.3,False,0.01913,18.28,,0.1,1777890622
All Pools,BTC.b - MUMO,0.3,False,0.0191,4.803,,0.36,1777890622
All Pools,KIWI - USDt,0.3,False,0.01819,20.36,,0.08,1777890622
All Pools,QI - USDC.e,0.3,False,0.01783,0.80635,,2.02,1777890622
All Pools,Four - Found,0.3,False,0.01773,1847.7,,,1777890622
All Pools,JOE - QI,0.3,False,0.01749,0.93522,,1.71,1777890622
All Pools,ILoveYouWordSpell - AVAX,0.3,False,0.01745,18.11,,0.09,1777890622
All Pools,ILoveYouWordSpell - Gravity,0.3,False,0.01744,102.29,,0.02,1777890622
All Pools,SodomAndGomorrah - AVAX,0.3,False,0.01741,19.11,,0.08,1777890622
All Pools,Trinity - SodomAndGomorrah,0.3,False,0.0174,22.69,,0.07,1777890622
All Pools,Psychic - NineHundred,0.3,False,0.01735,73.18,,0.02,1777890622
All Pools,WalkTheWalkNowJesus - Gravity,0.3,False,0.01719,25.44,,0.06,1777890622
All Pools,WalkTheWalkNowJesus - AVAX,0.3,False,0.01719,24.65,,0.06,1777890622
All Pools,COQ - MU,0.3,False,0.01711,4.528,,0.34,1777890622
All Pools,Psychic - Hydrogen,0.3,False,0.0165,81.87,,0.02,1777890622
All Pools,AVAX - LookingGlass,0.3,False,0.01639,16.13,,0.09,1777890622
All Pools,Gravity - LookingGlass,0.3,False,0.01635,184.55,,0.01,1777890622
All Pools,KOKSAL - USDC,0.3,False,0.0163,4.74,,0.31,1777890622
All Pools,KOKSAL - AVAX,0.3,False,0.01629,3.487,,0.43,1777890622
All Pools,REDWOLF - ODDZ,0.3,False,0.0162,1.532,,0.97,1777890622
All Pools,ZH - JOE,0.3,False,0.01619,2.797,,0.53,1777890622
All Pools,ZH - USDC.e,0.3,False,0.01619,22.86,,0.06,1777890622
All Pools,Trinity - FourFourFour,0.3,False,0.01607,4.971,,0.29,1777890622
All Pools,WOLF - AVAX,0.3,False,0.01578,43185.0,,,1777890622
All Pools,Trinity - Yeshua,0.3,False,0.01563,34.61,,0.04,1777890622
All Pools,AVAX - Yeshua,0.3,False,0.01562,29.17,,0.05,1777890622
All Pools,WOLF - MU,0.3,False,0.01522,5.162,,0.27,1777890622
All Pools,DUA - USDC,0.3,False,0.01494,11.52,,0.12,1777890622
All Pools,AVAX - DUA,0.3,False,0.01494,2.048,,0.67,1777890622
All Pools,GAINS - COQ,0.3,False,0.01472,2.0,,0.67,1777890622
All Pools,GAINS - BOBS,0.3,False,0.01456,2.221,,0.6,1777890622
All Pools,AVAX - BOBS,0.3,False,0.01451,5436.1,,,1777890622
All Pools,NOCHILL - WAIFU,0.3,False,0.01443,160.09,,0.01,1777890622
All Pools,SUB - AVAX,0.3,False,0.01422,20.57,,0.06,1777890622
All Pools,aDXN - AVAX,0.3,False,0.01416,3.645,,0.35,1777890622
All Pools,Yule - Seventeen,0.3,False,0.01393,272.75,,0.0,1777890622
All Pools,LoveIsTheKey - FollowTheWhiteRabbit,0.3,False,0.01391,64.8,,0.02,1777890622
All Pools,AVAX - Wormwood,0.3,False,0.0138,16.96,,0.07,1777890622
All Pools,Gravity - Wormwood,0.3,False,0.0138,15.4,,0.08,1777890622
All Pools,ARENA - MU,0.3,False,0.01373,3.305,,0.38,1777890622
All Pools,AVAX - SantaClaus,0.3,False,0.01372,24.55,,0.05,1777890622
All Pools,Gravity - SantaClaus,0.3,False,0.01371,11.9,,0.11,1777890622
All Pools,AVAX - LODE,0.3,False,0.01364,1.016,,1.22,1777890622
All Pools,AVAX - LoveWins,0.3,False,0.01352,7.742,,0.16,1777890622
All Pools,FollowTheWhiteRabbit - LoveWins,0.3,False,0.01352,151.86,,0.01,1777890622
All Pools,AVAX - TT,0.3,False,0.01346,1.932,,0.64,1777890622
All Pools,USDC.e - UST,0.3,False,0.01338,1.724,,0.71,1777890622
All Pools,MIM - RUG,0.3,False,0.01335,22.82,,0.05,1777890622
All Pools,GURS - NOCHILL,0.3,False,0.01332,1.948,,0.62,1777890622
All Pools,Psychic - Serpentarius,0.3,False,0.01324,318.3,,0.0,1777890622
All Pools,Gravity - Ouroboros,0.3,False,0.01324,30.47,,0.04,1777890622
All Pools,Serpentarius - AVAX,0.3,False,0.01322,290.84,,0.0,1777890622
All Pools,ChristMark - ChristIAmYou,0.3,False,0.01294,26.53,,0.04,1777890622
All Pools,Trinity - SwiftTaylor,0.3,False,0.01292,17.72,,0.07,1777890622
All Pools,WETH.e - MU,0.3,False,0.01286,2.042,,0.57,1777890622
All Pools,TokenZ - USDC,0.3,False,0.01272,3.765,,0.31,1777890622
All Pools,TokenZ - AVAX,0.3,False,0.01271,2.374,,0.49,1777890622
All Pools,AVAX - GrinchKidAfflict,0.3,False,0.01267,43.05,,0.03,1777890622
All Pools,ValentinMidwifes - Gravity,0.3,False,0.01267,39.06,,0.03,1777890622
All Pools,Gravity - GrinchKidAfflict,0.3,False,0.01266,9.14,,0.13,1777890622
All Pools,GAINS - Degen,0.3,False,0.01254,2.008,,0.57,1777890622
All Pools,Degen - AVAX,0.3,False,0.0125,1986.99,,,1777890622
All Pools,USDC - COSMIC,0.3,False,0.01249,54.19,,0.02,1777890622
All Pools,AVAX - COSMIC,0.3,False,0.01248,1.239,,0.92,1777890622
All Pools,TRYB - USDC.e,0.3,False,0.01221,31.33,,0.04,1777890622
All Pools,HCT - AVAX,0.3,False,0.01214,3.355,,0.33,1777890622
All Pools,DrainTheSwamp - FollowTheWhiteRabbit,0.3,False,0.01203,11.02,,0.1,1777890622
All Pools,AVAX - BAVA,0.3,False,0.01171,11.45,,0.09,1777890622
All Pools,AVAX - MUG,0.3,False,0.01145,1.207,,0.87,1777890622
All Pools,AVAX - OK,0.3,False,0.0113,1.959,,0.53,1777890622
All Pools,AVAX - QUASI,0.3,False,0.01123,583.58,,0.0,1777890622
All Pools,GAINS - QUASI,0.3,False,0.01118,1.389,,0.73,1777890622
All Pools,Wormhole - AVAX,0.3,False,0.01116,103.2,,0.01,1777890622
All Pools,Anon - USDC,0.3,False,0.01115,1.039,,0.98,1777890622
All Pools,Trinity - Wormhole,0.3,False,0.01115,6.19,,0.16,1777890622
All Pools,CAI - AMI,0.3,False,0.01103,0.51748,,1.95,1777890622
All Pools,Orem - AVAX,0.3,False,0.01095,103.29,,0.01,1777890622
All Pools,Trinity - Orem,0.3,False,0.01094,6.196,,0.16,1777890622
All Pools,TickTock - AVAX,0.3,False,0.01076,89.25,,0.01,1777890622
All Pools,TickTock - Now,0.3,False,0.01074,914.81,,0.0,1777890622
All Pools,USDC - OK,0.3,False,0.01056,1.198,,0.8,1777890622
All Pools,AVAX - DWC,0.3,False,0.01053,6024.89,,,1777890622
All Pools,HIGHER - HOWDY,0.3,False,0.0105,1.528,,0.63,1777890622
All Pools,JOE - USDt,0.3,False,0.01049,0.83733,,1.14,1777890622
All Pools,BNZ - AVAX,0.3,False,0.01045,61.74,,0.02,1777890622
All Pools,MU - COQAI,0.3,False,0.01042,6.467,,0.15,1777890622
All Pools,Psychic - Turtle,0.3,False,0.01041,60.45,,0.02,1777890622
All Pools,aAvaLINK - LINK.e,0.3,False,0.01011,1.856,,0.5,1777890622
All Pools,SHERPA - AVAX,0.3,False,0.00998,130.61,,0.01,1777890622
All Pools,DivineFeminine - ValentinMidwifes,0.3,False,0.00987,41.25,,0.02,1777890622
All Pools,CATWIF - MAJIN,0.3,False,0.00979,0.86543,,1.03,1777890622
All Pools,Psychic - Numbers,0.3,False,0.00963,60.44,,0.01,1777890622
All Pools,LUNA - USDC,0.3,False,0.00957,1.396,,0.63,1777890622
All Pools,Psychic - Luck,0.3,False,0.00952,60.45,,0.01,1777890622
All Pools,AVAX - iBONE,0.3,False,0.00952,5.445,,0.16,1777890622
All Pools,USDT.e - iBONE,0.3,False,0.00949,4.862,,0.18,1777890622
All Pools,Psychic - Mirror,0.3,False,0.00949,60.41,,0.01,1777890622
All Pools,COQ - REDWOLF,0.3,False,0.00948,12.26,,0.07,1777890622
All Pools,APOW - MU,0.3,False,0.00934,3.467,,0.25,1777890622
All Pools,aDXN - aXEN,0.3,False,0.00934,0.62065,,1.37,1777890622
All Pools,AVAX - WOHM,0.3,False,0.00917,3.388,,0.25,1777890622
All Pools,MIM - WOHM,0.3,False,0.00915,86.67,,0.01,1777890622
All Pools,KIMBO - GAINS,0.3,False,0.00898,1.354,,0.61,1777890622
All Pools,MU - SOL,0.3,False,0.0089,1.323,,0.61,1777890622
All Pools,WINK - AMI,0.3,False,0.00874,0.10812,,7.37,1777890622
All Pools,XETA - AVAX,0.3,False,0.00865,0.2455,,3.22,1777890622
All Pools,SYN - USDC.e,0.3,False,0.00854,1.223,,0.64,1777890622
All Pools,GAINS - MEAT,0.3,False,0.00853,0.98045,,0.79,1777890622
All Pools,WETH.e - STATIK,0.3,False,0.00834,1.35,,0.56,1777890622
All Pools,Psychic - Bonfire,0.3,False,0.00831,60.44,,0.01,1777890622
All Pools,KOVIN - MU,0.3,False,0.00822,3.06,,0.25,1777890622
All Pools,XAVA - HON,0.3,False,0.00811,1.859,,0.4,1777890622
All Pools,Psychic - WhoWhoWho,0.3,False,0.00805,60.41,,0.01,1777890622
All Pools,Psychic - Thick,0.3,False,0.00797,60.42,,0.01,1777890622
All Pools,SatoshiNakamoto - Psychic,0.3,False,0.00795,60.45,,0.01,1777890622
All Pools,Psychic - Strength,0.3,False,0.00794,73.92,,0.01,1777890622
All Pools,Psychic - Alphabet,0.3,False,0.00793,60.46,,0.01,1777890622
All Pools,Psychic - Oracle,0.3,False,0.00791,60.45,,0.01,1777890622
All Pools,AVAX - NORTH,0.3,False,0.00781,2.117,,0.34,1777890622
All Pools,USDT.e - NORTH,0.3,False,0.00778,26.89,,0.03,1777890622
All Pools,Psychic - Codes,0.3,False,0.00777,60.45,,0.01,1777890622
All Pools,Psychic - PennyTrinity,0.3,False,0.00776,60.46,,0.01,1777890622
All Pools,Psychic - Penny,0.3,False,0.00771,60.45,,0.01,1777890622
All Pools,JOE - REDWOLF,0.3,False,0.0077,3.918,,0.18,1777890622
All Pools,AprilFoolsDay - AVAX,0.3,False,0.00768,103.13,,0.01,1777890622
All Pools,Trinity - AprilFoolsDay,0.3,False,0.00767,6.216,,0.11,1777890622
All Pools,AVAX - AXIAL,0.3,False,0.00764,1029.07,,,1777890622
All Pools,LUNA - USDt,0.3,False,0.00763,1.323,,0.53,1777890622
All Pools,Psychic - Verse,0.3,False,0.00752,60.42,,0.01,1777890622
All Pools,Eye - Psychic,0.3,False,0.00751,60.45,,0.01,1777890622
All Pools,WETH.e - meGNX,0.3,False,0.00748,6.573,,0.1,1777890622
All Pools,Psychic - Gematria,0.3,False,0.00744,60.45,,0.01,1777890622
All Pools,KOVIN - AVAX,0.3,False,0.00735,3180.58,,,1777890622
All Pools,Psychic - Crypt,0.3,False,0.00724,60.4,,0.01,1777890622
All Pools,Psychic - OneOneOne,0.3,False,0.00718,60.44,,0.01,1777890622
All Pools,Psychic - Architect,0.3,False,0.00716,60.45,,0.01,1777890622
All Pools,Psychic - daVinci,0.3,False,0.00714,60.44,,0.01,1777890622
All Pools,Psychic - Gematria,0.3,False,0.00713,60.45,,0.01,1777890622
All Pools,Psychic - RefZip,0.3,False,0.00712,60.44,,0.01,1777890622
All Pools,JOE - aXEN,0.3,False,0.00711,0.2392,,2.71,1777890622
All Pools,Psychic - Finish,0.3,False,0.00711,60.41,,0.01,1777890622
All Pools,Psychic - Qubit,0.3,False,0.0071,60.41,,0.01,1777890622
All Pools,Psychic - Blessings,0.3,False,0.00708,60.41,,0.01,1777890622
All Pools,Psychic - Solved,0.3,False,0.00708,60.45,,0.01,1777890622
All Pools,Psychic - IAmThatIAm,0.3,False,0.00706,60.45,,0.01,1777890622
All Pools,Psychic - Confusion,0.3,False,0.00705,60.45,,0.01,1777890622
All Pools,AVAX - GematrixDotOrg,0.3,False,0.00705,16.56,,0.04,1777890622
All Pools,Gravity - GematrixDotOrg,0.3,False,0.00703,13.01,,0.05,1777890622
All Pools,Psychic - TwinFlames,0.3,False,0.00703,61.13,,0.01,1777890622
All Pools,NotBrideOfChrist - AVAX,0.3,False,0.00702,68.86,,0.01,1777890622
All Pools,SaintGermain - BLACK,0.3,False,0.00701,2.52,,0.25,1777890622
All Pools,NotBrideOfChrist - SwiftTaylor,0.3,False,0.00701,52.12,,0.01,1777890622
All Pools,Psychic - TrumpCard,0.3,False,0.00699,60.46,,0.01,1777890622
All Pools,Choice - Psychic,0.3,False,0.00698,60.42,,0.01,1777890622
All Pools,Psychic - YouAndI,0.3,False,0.00694,60.44,,0.01,1777890622
All Pools,Loyalty - Psychic,0.3,False,0.00686,60.41,,0.01,1777890622
All Pools,HOWDY - AVAX,0.3,False,0.00686,21148.0,,,1777890622
All Pools,STOMB - AVAX,0.3,False,0.00683,7872.75,,,1777890622
All Pools,Psychic - BiTonic,0.3,False,0.00681,60.45,,0.01,1777890622
All Pools,Psychic - TheArcher,0.3,False,0.00681,60.44,,0.01,1777890622
All Pools,MU - MUG,0.3,False,0.00679,2425.37,,,1777890622
All Pools,Psychic - Artemis,0.3,False,0.00678,60.39,,0.01,1777890622
All Pools,AVAX - EDG,0.3,False,0.00672,3.136,,0.2,1777890622
All Pools,MIM - EDG,0.3,False,0.0067,7.895,,0.08,1777890622
All Pools,LYD - REDWOLF,0.3,False,0.00661,4.758,,0.13,1777890622
All Pools,NOCHILL - MU,0.3,False,0.00658,2.145,,0.28,1777890622
All Pools,Psychic - Six,0.3,False,0.00657,60.45,,0.01,1777890622
All Pools,Psychic - Nine,0.3,False,0.00654,60.42,,0.01,1777890622
All Pools,Psychic - ElmoSunkGematria,0.3,False,0.00652,60.46,,0.01,1777890622
All Pools,AVAX - TUSK,0.3,False,0.00651,2.495,,0.24,1777890622
All Pools,Spider - Psychic,0.3,False,0.0065,60.4,,0.01,1777890622
All Pools,USDC.e - TUSK,0.3,False,0.00649,9.788,,0.06,1777890622
All Pools,Psychic - Zero,0.3,False,0.00648,60.42,,0.01,1777890622
All Pools,AUSD - HUSKY,0.3,False,0.0064,0.75778,,0.77,1777890622
All Pools,Psychic - Lock,0.3,False,0.00631,60.43,,0.01,1777890622
All Pools,USDC.e - BAVA,0.3,False,0.0063,2.973,,0.19,1777890622
All Pools,ABC - AMI,0.3,False,0.00629,3.901,,0.15,1777890622
All Pools,Psychic - KekiusMaximus,0.3,False,0.0062,60.45,,0.01,1777890622
All Pools,Psychic - Time,0.3,False,0.00619,60.45,,0.01,1777890622
All Pools,Psychic - SevenSevenSeven,0.3,False,0.00617,60.45,,0.01,1777890622
All Pools,Psychic - BirthingCode,0.3,False,0.0061,60.45,,0.01,1777890622
All Pools,Flection - Psychic,0.3,False,0.00607,60.45,,0.01,1777890622
All Pools,TRACTOR - AVAX,0.3,False,0.00603,14966.0,,,1777890622
All Pools,Psychic - LordJesusChrist,0.3,False,0.00602,57.91,,0.01,1777890622
All Pools,TRACTOR - USDT.e,0.3,False,0.00601,1.993,,0.28,1777890622
All Pools,Psychic - Diamonds,0.3,False,0.006,60.45,,0.01,1777890622
All Pools,SYN - REDWOLF,0.3,False,0.00594,2.608,,0.21,1777890622
All Pools,LUNA - USDC,0.3,False,0.00592,0.13175,,4.1,1777890622
All Pools,Psychic - Happy,0.3,False,0.0059,60.45,,0.01,1777890622
All Pools,gOHM - JOE,0.3,False,0.0059,3.916,,0.14,1777890622
All Pools,AVAX - VYBE,0.3,False,0.00581,3.287,,0.16,1777890622
All Pools,AVAX - Gaza,0.3,False,0.0058,3.17,,0.17,1777890622
All Pools,MIM - VYBE,0.3,False,0.0058,3.765,,0.14,1777890622
All Pools,TEDDY - AVAX,0.3,False,0.00579,16.93,,0.03,1777890622
All Pools,Psychic - [In]finity,0.3,False,0.00579,60.42,,0.01,1777890622
All Pools,Trinity - Gaza,0.3,False,0.00579,3.771,,0.14,1777890622
All Pools,GMX - USDt,0.3,False,0.00576,0.37311,,1.41,1777890622
All Pools,HIGHER - NOCHILL,0.3,False,0.00572,0.34236,,1.52,1777890622
All Pools,XPOW - AVAX,0.3,False,0.00567,119.96,,0.0,1777890622
All Pools,WETH.e - JOE,0.3,False,0.00567,0.03721,,13.9,1777890622
All Pools,Psychic - Alice,0.3,False,0.00566,60.42,,0.01,1777890622
All Pools,AVAX - PAR,0.3,False,0.00566,2.378,,0.22,1777890622
All Pools,Psychic - WhoWho,0.3,False,0.00566,60.45,,0.01,1777890622
All Pools,MIM - PAR,0.3,False,0.00565,1.916,,0.27,1777890622
All Pools,XPOW - USDt,0.3,False,0.00565,1.41,,0.37,1777890622
All Pools,Psychic - Sequence,0.3,False,0.00564,60.45,,0.01,1777890622
All Pools,AVAI - USDC.e,0.3,False,0.00561,33.26,,0.02,1777890622
All Pools,MIM - SDOG,0.3,False,0.00561,315.66,,0.0,1777890622
All Pools,KIMBO - KOVIN,0.3,False,0.00559,5.338,,0.1,1777890622
All Pools,USDC.e - SMRT,0.3,False,0.00554,2.188,,0.23,1777890622
All Pools,DWC - MU,0.3,False,0.00554,3.473,,0.15,1777890622
All Pools,AI9000 - AVAX,0.3,False,0.00554,305.03,,0.0,1777890622
All Pools,CATWIF - MU,0.3,False,0.00552,3.62,,0.14,1777890622
All Pools,Psychic - Partment,0.3,False,0.00548,60.43,,0.01,1777890622
All Pools,AVAX - WISE,0.3,False,0.00544,2.791,,0.18,1777890622
All Pools,USDC.e - WISE,0.3,False,0.00543,7.121,,0.07,1777890622
All Pools,GAINS - KONG,0.3,False,0.00542,0.7524,,0.66,1777890622
All Pools,AVAX - AMONKS,0.3,False,0.0054,1577.18,,,1777890622
All Pools,REDWOLF - AMONKS,0.3,False,0.00539,7.16,,0.07,1777890622
All Pools,WETH.e - BTCBR,0.3,False,0.00538,0.06059,,8.1,1777890622
All Pools,Hollywood - Ouroboros,0.3,False,0.00531,13.04,,0.04,1777890622
All Pools,Psychic - Line,0.3,False,0.00524,61.2,,0.01,1777890622
All Pools,Psychic - Who,0.3,False,0.00522,60.45,,0.01,1777890622
All Pools,MEOW - MU,0.3,False,0.00521,1.551,,0.31,1777890622
All Pools,FiveTwelveThirteen - AVAX,0.3,False,0.00521,5.166,,0.09,1777890622
All Pools,ElkeNevusRome - AVAX,0.3,False,0.00521,12.96,,0.04,1777890622
All Pools,ElkeNevusRome - Gravity,0.3,False,0.00519,4.957,,0.1,1777890622
All Pools,FiveTwelveThirteen - Gravity,0.3,False,0.00519,6.882,,0.07,1777890622
All Pools,AVAX - HOST,0.3,False,0.00512,1.946,,0.24,1777890622
All Pools,Psychic - Ups,0.3,False,0.00509,60.45,,0.01,1777890622
All Pools,GAINS - DWC,0.3,False,0.005,0.97215,,0.47,1777890622
All Pools,AAVE.e - USDC.e,0.3,False,0.00495,1.248,,0.36,1777890622
All Pools,GURS - ARENA,0.3,False,0.0049,7.417,,0.06,1777890622
All Pools,HOST - DAI.e,0.3,False,0.00489,3.013,,0.15,1777890622
All Pools,GAINS - TECH,0.3,False,0.00481,0.6152,,0.71,1777890622
All Pools,TrueLove - AVAX,0.3,False,0.0048,12.82,,0.03,1777890622
All Pools,TrueLove - Gravity,0.3,False,0.00479,4.902,,0.09,1777890622
All Pools,WBTC.e - USDC,0.3,False,0.00476,0.20816,,2.08,1777890622
All Pools,EGG - AVAX,0.3,False,0.00474,1.691,,0.26,1777890622
All Pools,EGG - USDT.e,0.3,False,0.00474,1.986,,0.22,1777890622
All Pools,NOCHILL - ARENA,0.3,False,0.00473,0.43512,,0.99,1777890622
All Pools,BEAM - MU,0.3,False,0.0047,1.068,,0.4,1777890622
All Pools,GAINS - BAWLS,0.3,False,0.00469,0.90971,,0.47,1777890622
All Pools,BAWLS - AVAX,0.3,False,0.00467,16.27,,0.03,1777890622
All Pools,RGOGLZ - AVAX,0.3,False,0.00464,4.04,,0.1,1777890622
All Pools,GMX - JOE,0.3,False,0.00459,0.41988,,1.0,1777890622
All Pools,WITCH - AVAX,0.3,False,0.00456,2.775,,0.15,1777890622
All Pools,WITCH - USDC,0.3,False,0.00455,1.735,,0.24,1777890622
All Pools,AMI - MU,0.3,False,0.00453,1.689,,0.24,1777890622
All Pools,USV - AVAX,0.3,False,0.00449,1.135,,0.36,1777890622
All Pools,AKA - AVAX,0.3,False,0.00445,2.272,,0.18,1777890622
All Pools,AKA - USDt,0.3,False,0.00444,2.952,,0.14,1777890622
All Pools,KR - AVAX,0.3,False,0.00442,1.691,,0.24,1777890622
All Pools,KR - USDC.e,0.3,False,0.0044,11.45,,0.04,1777890622
All Pools,DCAR - AVAX,0.3,False,0.00436,1.096,,0.36,1777890622
All Pools,DCAR - USDC,0.3,False,0.00434,56.21,,0.01,1777890622
All Pools,TT - DAI.e,0.3,False,0.0043,1.927,,0.2,1777890622
All Pools,GAINS - KOVIN,0.3,False,0.0042,0.64138,,0.6,1777890622
All Pools,Psychic - Number,0.3,False,0.00419,60.46,,0.01,1777890622
All Pools,Psychic - Vampire,0.3,False,0.00418,60.45,,0.01,1777890622
All Pools,Psychic - Aquarius,0.3,False,0.00417,60.42,,0.01,1777890622
All Pools,JOE - aDXN,0.3,False,0.00407,0.83221,,0.45,1777890622
All Pools,SYN - USDT.e,0.3,False,0.00399,0.65417,,0.56,1777890622
All Pools,Psychic - TrueStory,0.3,False,0.00397,60.45,,0.01,1777890622
All Pools,Lightworker - AVAX,0.3,False,0.00395,2.722,,0.13,1777890622
All Pools,Gravity - Lightworker,0.3,False,0.00394,53.4,,0.01,1777890622
All Pools,Evergreen - AVAX,0.3,False,0.00393,25.16,,0.01,1777890622
All Pools,Evergreen - Gravity,0.3,False,0.00392,4.769,,0.07,1777890622
All Pools,Psychic - Seminole,0.3,False,0.00389,60.41,,0.01,1777890622
All Pools,Psychic - PoPo,0.3,False,0.00386,60.45,,0.01,1777890622
All Pools,Psychic - James,0.3,False,0.00382,60.46,,0.01,1777890622
All Pools,RUGPULL - AVAX,0.3,False,0.00381,2.942,,0.12,1777890622
All Pools,Psychic - FinityFinity,0.3,False,0.0038,60.46,,0.01,1777890622
All Pools,EHCNALAVA - AVAX,0.3,False,0.00379,1499.4,,,1777890622
All Pools,KIMBO - EHCNALAVA,0.3,False,0.00379,2.853,,0.12,1777890622
All Pools,BTCBR - USDC,0.3,False,0.00376,0.20325,,1.69,1777890622
All Pools,SYN - WETH.e,0.3,False,0.00373,0.6764,,0.5,1777890622
All Pools,Psychic - QuetzalCoatl,0.3,False,0.00373,60.45,,0.01,1777890622
All Pools,PNG - USDT.e,0.3,False,0.00372,0.8885,,0.38,1777890622
All Pools,Trinity - IfYouKnowYouKnow,0.3,False,0.00371,5.027,,0.07,1777890622
All Pools,WETH - AVAX,0.3,False,0.00365,1.33,,0.25,1777890622
All Pools,xJOE - AVAX,0.3,False,0.00365,2.776,,0.12,1777890622
All Pools,MIM - SMRT,0.3,False,0.00364,1.649,,0.2,1777890622
All Pools,TEMPO - AVAX,0.3,False,0.00362,1.071,,0.31,1777890622
All Pools,YETI - WINE,0.3,False,0.00362,1.46,,0.23,1777890622
All Pools,MIM - TEMPO,0.3,False,0.00361,6.731,,0.05,1777890622
All Pools,GATOR - AMI,0.3,False,0.00358,4.453,,0.07,1777890622
All Pools,SMRTr - USDT.e,0.3,False,0.00358,1.3,,0.25,1777890622
All Pools,JPYC - AVAX,0.3,False,0.00356,0.27392,,1.19,1777890622
All Pools,ETHM - AVAX,0.3,False,0.00352,27.26,,0.01,1777890622
All Pools,Psychic - Checkmate,0.3,False,0.00351,60.59,,0.01,1777890622
All Pools,GG - AVAX,0.3,False,0.00347,0.159,,1.99,1777890622
All Pools,Psychic - Equal,0.3,False,0.00347,60.45,,0.01,1777890622
All Pools,ARENA - AMI,0.3,False,0.00346,1.386,,0.23,1777890622
All Pools,Psychic - Abracadabra,0.3,False,0.00345,60.43,,0.01,1777890622
All Pools,MIM - DUNEV3,0.3,False,0.00343,66822.0,,,1777890622
All Pools,3ULL - USDC,0.3,False,0.00341,0.6496,,0.48,1777890622
All Pools,Psychic - PlotTwist,0.3,False,0.00341,61.8,,0.01,1777890622
All Pools,MIM - ICE,0.3,False,0.0033,0.99717,,0.3,1777890622
All Pools,STG - JOE,0.3,False,0.00326,0.16832,,1.77,1777890622
All Pools,Psychic - KatzJoel,0.3,False,0.00325,60.42,,0.0,1777890622
All Pools,USDt - USDC.e,0.3,False,0.00323,14.19,,0.02,1777890622
All Pools,SB - DAI.e,0.3,False,0.00322,0.12809,,2.29,1777890622
All Pools,ELXR - USDC.e,0.3,False,0.00321,1093.76,,,1777890622
All Pools,Psychic - Hexagon,0.3,False,0.00318,60.45,,0.0,1777890622
All Pools,AI9000 - MU,0.3,False,0.00312,1.283,,0.22,1777890622
All Pools,NXPC - USDC,0.3,False,0.00309,0.71394,,0.4,1777890622
All Pools,CRAFT - USDC.e,0.3,False,0.00309,0.87563,,0.32,1777890622
All Pools,EagleToken - AVAX,0.3,False,0.00293,2.107,,0.13,1777890622
All Pools,EagleToken - USDC.e,0.3,False,0.00292,2.213,,0.12,1777890622
All Pools,COQ - ARENA,0.3,False,0.00291,1.231,,0.22,1777890622
All Pools,AVXT - AVAX,0.3,False,0.00291,52.4,,0.01,1777890622
All Pools,BUSD - USDT.e,0.3,False,0.00289,0.07784,,3.39,1777890622
All Pools,ETHM - DAI.e,0.3,False,0.00287,0.6753,,0.39,1777890622
All Pools,GRAPE - AVAX,0.3,False,0.00283,0.88208,,0.29,1777890622
All Pools,ValentinMidwifes - AVAX,0.3,False,0.00282,2.367,,0.11,1777890622
All Pools,USDC - MU,0.3,False,0.0028,0.34156,,0.75,1777890622
All Pools,GURS - HOWDY,0.3,False,0.00278,1.884,,0.13,1777890622
All Pools,USDC - TT,0.3,False,0.00276,2.019,,0.12,1777890622
All Pools,MU - KET,0.3,False,0.00269,1.332,,0.18,1777890622
All Pools,AVAX - SAGE,0.3,False,0.00265,0.88595,,0.27,1777890622
All Pools,USDC.e - SAGE,0.3,False,0.00264,2.176,,0.11,1777890622
All Pools,BLUB - AVAX,0.0,False,0.00257,47.54,0.0,0.0,1777890622
All Pools,ACS - USDt,0.3,False,0.00254,0.95982,,0.24,1777890622
All Pools,DREGG - USDC.e,0.3,False,0.00253,3.049,,0.08,1777890622
All Pools,AVAX - CAKE,0.3,False,0.00249,0.71727,,0.32,1777890622
All Pools,USDT.e - CAKE,0.3,False,0.00248,48.53,,0.0,1777890622
All Pools,YAK - USDT.e,0.3,False,0.00247,0.55456,,0.41,1777890622
All Pools,KIMBO - UNIQOC,0.3,False,0.00246,0.72905,,0.31,1777890622
All Pools,ARENA - JUICY,0.3,False,0.00245,0.03359,,6.66,1777890622
All Pools,UNIQOC - MAJIN,0.3,False,0.00243,0.25408,,0.87,1777890622
All Pools,BTC.b - MUG,0.3,False,0.00241,0.8912,,0.25,1777890622
All Pools,AI9000 - USDt,0.3,False,0.0024,0.91101,,0.24,1777890622
All Pools,AVAX - WARP,0.3,False,0.0024,1.471,,0.15,1777890622
All Pools,EUROS - AVAX,0.3,False,0.00236,1.184,,0.18,1777890622
All Pools,MAXI - AVAX,0.3,False,0.00227,0.78183,,0.26,1777890622
All Pools,Psychic - Self,0.3,False,0.00222,62.43,,0.0,1777890622
All Pools,LINK.e - MUG,0.3,False,0.00222,0.25078,,0.81,1777890622
All Pools,YEEHAW - HIGHER,0.3,False,0.00219,0.45378,,0.44,1777890622
All Pools,KIMBO - AMI,0.3,False,0.00213,4.291,,0.05,1777890622
All Pools,sAVAX - USDC,0.3,False,0.00205,0.52905,,0.35,1777890622
All Pools,TT - USDT.e,0.3,False,0.00202,2.016,,0.09,1777890622
All Pools,USDt - TT,0.3,False,0.00201,2.025,,0.09,1777890622
All Pools,USDC.e - CHAM,0.3,False,0.00195,0.82357,,0.22,1777890622
All Pools,GATOR - ARENA,0.3,False,0.00195,1.968,,0.09,1777890622
All Pools,BEE - AVAX,0.3,False,0.00192,0.80188,,0.22,1777890622
All Pools,BEE - USDT.e,0.3,False,0.00192,32.33,,0.01,1777890622
All Pools,WETH.e - LINK.e,0.3,False,0.00186,0.14808,,1.15,1777890622
All Pools,LIRA - BUSD,0.3,False,0.00184,0.08219,,2.05,1777890622
All Pools,GGP - JUICY,0.3,False,0.0018,0.0342,,4.8,1777890622
All Pools,USDC.e - XAVA,0.3,False,0.0018,0.35814,,0.46,1777890622
All Pools,YAK - JOE,0.3,False,0.00178,1.231,,0.13,1777890622
All Pools,toi - AVAX,0.3,False,0.00178,0.93503,,0.17,1777890622
All Pools,MIM - toi,0.3,False,0.00178,3.435,,0.05,1777890622
All Pools,AVAX - WINE,0.3,False,0.00177,0.66663,,0.24,1777890622
All Pools,AVAX - DREX,0.3,False,0.00177,0.5953,,0.27,1777890622
All Pools,MIM - WINE,0.3,False,0.00177,3100.3,,,1777890622
All Pools,MIM - DREX,0.3,False,0.00176,37.51,,0.0,1777890622
All Pools,GAINS - Always,0.3,False,0.00174,0.10489,,1.51,1777890622
All Pools,JOE - CRA,0.3,False,0.00173,11.03,,0.01,1777890622
All Pools,MM - USDC.e,0.3,False,0.00168,0.59951,,0.26,1777890622
All Pools,HERESY - MEOW,0.3,False,0.00167,0.27698,,0.55,1777890622
All Pools,JOE - USDR,0.3,False,0.00167,0.72052,,0.21,1777890622
All Pools,LIFE - AVAX,0.3,False,0.00162,1.335,,0.11,1777890622
All Pools,MIM - LIFE,0.3,False,0.00162,0.94141,,0.16,1777890622
All Pools,AMI - EROL,0.3,False,0.0016,0.67265,,0.22,1777890622
All Pools,BTC.b - IMPACT,0.3,False,0.00158,0.6249,,0.23,1777890622
All Pools,WBTC.e - MU,0.3,False,0.00157,0.7147,,0.2,1777890622
All Pools,AVAX - sSB,0.3,False,0.00156,0.50173,,0.28,1777890622
All Pools,AVAX - MTB,0.3,False,0.00156,0.95526,,0.15,1777890622
All Pools,REDEEMER - AMI,0.3,False,0.00156,0.01437,,9.88,1777890622
All Pools,USDC.e - sSB,0.3,False,0.00155,835.99,,,1777890622
All Pools,MIM - MTB,0.3,False,0.00155,2.211,,0.06,1777890622
All Pools,AVAX - RUG,0.3,False,0.00155,0.52844,,0.27,1777890622
All Pools,Always - KONG,0.3,False,0.00151,0.04356,,3.17,1777890622
All Pools,AVAX - ICE,0.3,False,0.00151,150.16,,,1777890622
All Pools,AVAX - NXUSD,0.3,False,0.0015,0.48818,,0.28,1777890622
All Pools,USDC.e - NXUSD,0.3,False,0.00149,1.656,,0.08,1777890622
All Pools,USDC.e - WARP,0.3,False,0.00149,0.86228,,0.16,1777890622
All Pools,MUMO - AVAX,0.3,False,0.00148,0.17912,,0.75,1777890622
All Pools,DB - AVAX,0.3,False,0.0014,2.197,,0.06,1777890622
All Pools,MIM - YAK,0.3,False,0.0014,0.42929,,0.3,1777890622
All Pools,MIM - DB,0.3,False,0.0014,0.66946,,0.19,1777890622
All Pools,WETH.e - ETHM,0.3,False,0.00138,0.50029,,0.25,1777890622
All Pools,ETHM - USDC.e,0.3,False,0.00138,0.47926,,0.26,1777890622
All Pools,CANS - AMI,0.3,False,0.00135,0.22889,,0.54,1777890622
All Pools,SLUSH - AVAX,0.3,False,0.00134,0.69787,,0.17,1777890622
All Pools,SLUSH - USDT.e,0.3,False,0.00133,1.323,,0.09,1777890622
All Pools,MEAT - MU,0.3,False,0.00131,0.49705,,0.24,1777890622
All Pools,HUSKY - SNOWY,0.3,False,0.00131,0.43434,,0.27,1777890622
All Pools,QI - SNOWY,0.3,False,0.0013,0.79893,,0.15,1777890622
All Pools,LYD - AVAX,0.3,False,0.00129,0.81558,,0.14,1777890622
All Pools,KANA - AVAX,0.3,False,0.00127,1130.23,,,1777890622
All Pools,Naughty - HIGHER,0.3,False,0.00127,0.45073,,0.26,1777890622
All Pools,KANA - USDC,0.3,False,0.00127,0.51195,,0.23,1777890622
All Pools,Trinity - IngersollLockwood,0.3,False,0.00127,1.125,,0.1,1777890622
All Pools,ALPHAZERO - USDT.e,0.3,False,0.00127,2.161,,0.05,1777890622
All Pools,Naughty - AVAX,0.3,False,0.00126,236.97,,,1777890622
All Pools,MAJIN - AMI,0.3,False,0.00124,0.15475,,0.73,1777890622
All Pools,CRA - USDC.e,0.3,False,0.00123,0.56594,,0.2,1777890622
All Pools,MUME - USDC,0.3,False,0.00123,0.08483,,1.32,1777890622
All Pools,UNI.e - AVAX,0.3,False,0.00122,0.03335,,3.34,1777890622
All Pools,COQ - HOWDY,0.3,False,0.00119,0.56642,,0.19,1777890622
All Pools,HUSKY - aXEN,0.3,False,0.00118,0.07189,,1.5,1777890622
All Pools,tst1 - AVAX,0.3,False,0.00117,0.57646,,0.19,1777890622
All Pools,tst1 - USDT.e,0.3,False,0.00117,2.696,,0.04,1777890622
All Pools,weETH - AVAX,0.3,False,0.00117,0.38554,,0.28,1777890622
All Pools,HOOP - ROCO,0.3,False,0.00116,0.14525,,0.73,1777890622
All Pools,QI - USDC,0.3,False,0.00114,0.08819,,1.18,1777890622
All Pools,SUB - AVAX,0.3,False,0.00113,0.50545,,0.2,1777890622
All Pools,SUB - USDC,0.3,False,0.00113,69.79,,0.0,1777890622
All Pools,COQ - MEAT,0.3,False,0.00111,0.71275,,0.14,1777890622
All Pools,AUX - AVAX,0.3,False,0.00109,0.3914,,0.25,1777890622
All Pools,AUX - USDC,0.3,False,0.00109,688.53,,,1777890622
All Pools,AVAX - SYMBIOT,0.3,False,0.00107,0.32162,,0.3,1777890622
All Pools,JOE - CNR,0.3,False,0.00106,1.045,,0.09,1777890622
All Pools,NUG - AVAX,0.3,False,0.00105,0.38042,,0.25,1777890622
All Pools,SLOT - AVAX,0.3,False,0.00105,3921.62,,,1777890622
All Pools,NUG - USDC,0.3,False,0.00105,2.375,,0.04,1777890622
All Pools,SLOT - USDC.e,0.3,False,0.00105,0.48376,,0.2,1777890622
All Pools,LIRA - USDt,0.3,False,0.00103,0.07433,,1.27,1777890622
All Pools,DAI.e - SYMBIOT,0.3,False,0.00102,1.411,,0.07,1777890622
All Pools,TEDDY - USDC,0.3,False,0.00102,0.43319,,0.22,1777890622
All Pools,gOHM - USDT.e,0.3,False,0.00101,0.60645,,0.15,1777890622
All Pools,xJOE - wsOHM,0.3,False,0.00101,0.54225,,0.17,1777890622
All Pools,WET - AVAX,0.3,False,0.001,16.82,,0.01,1777890622
All Pools,WET - USDT.e,0.3,False,,0.44217,,0.21,1777890622
All Pools,PB - AVAX,0.3,False,,0.4875,,0.19,1777890622
All Pools,PB - MIM,0.3,False,,39.74,,0.0,1777890622
All Pools,AVAX - FTEST,0.3,False,,0.39664,,0.23,1777890622
All Pools,USDT.e - FTEST,0.3,False,,1.314,,0.07,1777890622
All Pools,SYMBIOT - AVAX,0.3,False,,1.438,,0.06,1777890622
All Pools,AVAX - AKITA,0.3,False,,2508.2,,,1777890622
All Pools,MIM - AKITA,0.3,False,,0.25438,,0.35,1777890622
All Pools,WETH.e - SPELL,0.3,False,,0.28874,,0.3,1777890622
All Pools,SYMBIOT - DAI.e,0.3,False,,0.45751,,0.19,1777890622
All Pools,OH - USDC.e,0.3,False,,0.39035,,0.21,1777890622
All Pools,3ULL - USDT.e,0.3,False,,0.64859,,0.13,1777890622
All Pools,USDT.e - WARP,0.3,False,,0.90286,,0.09,1777890622
All Pools,ROCO - USDT.e,0.3,False,,0.08371,,0.97,1777890622
All Pools,MUi - WINK,0.3,False,,0.01528,,5.31,1777890622
All Pools,ARABBIT - AVAX,0.3,False,,0.56337,,0.14,1777890622
All Pools,MIM - ARABBIT,0.3,False,,1.293,,0.06,1777890622
All Pools,JOE - AVE,0.3,False,,1.795,,0.04,1777890622
All Pools,SolarDAO - AVAX,0.3,False,,0.39633,,0.2,1777890622
All Pools,LAMA - AVAX,0.3,False,,11700.0,,,1777890622
All Pools,SolarDAO - USDT.e,0.3,False,,2.068,,0.04,1777890622
All Pools,SMOKA - AVAX,0.3,False,,0.5446,,0.15,1777890622
All Pools,MIM - SMOKA,0.3,False,,1.137,,0.07,1777890622
All Pools,USDC - DAI.e,0.3,False,,2.012,,0.04,1777890622
All Pools,LAMA - JUICY,0.3,False,,0.01587,,4.87,1777890622
All Pools,AVAX - PLEB,0.3,False,,0.26967,,0.28,1777890622
All Pools,MIM - PLEB,0.3,False,,53.89,,0.0,1777890622
All Pools,COQ - BMC,0.3,False,,0.09487,,0.8,1777890622
All Pools,aAvaWAVAX - AVAX,0.3,False,,0.25567,,0.29,1777890622
All Pools,gOHM - USDC.e,0.3,False,,0.30867,,0.24,1777890622
All Pools,YUSD - USDC,0.3,False,,22.93,,0.0,1777890622
All Pools,BLZZ - AVAX,0.3,False,,7901.4,,,1777890622
All Pools,MUMO - MU,0.3,False,,0.60969,,0.12,1777890622
All Pools,AVAX - NUTS,0.3,False,,228.07,,,1777890622
All Pools,USDC - NUTS,0.3,False,,0.23179,,0.31,1777890622
All Pools,GAINS - MEOW,0.3,False,,0.21014,,0.34,1777890622
All Pools,BUSD - MU,0.3,False,,0.02567,,2.72,1777890622
All Pools,JEWEL - AVAX,0.3,False,,0.2201,,0.32,1777890622
All Pools,MIM - WBTC.e,0.3,False,,0.0558,,1.23,1777890622
All Pools,MUME - BUSD,0.3,False,,0.02835,,2.41,1777890622
All Pools,USDC.e - WET,0.3,False,,0.44315,,0.15,1777890622
All Pools,MU - GEC,0.3,False,,0.09019,,0.73,1777890622
All Pools,AVAX - HOST,0.3,False,,0.14312,,0.46,1777890622
All Pools,AVAX - RBEES,0.3,False,,0.69177,,0.09,1777890622
All Pools,USDC.e - RBEES,0.3,False,,0.49452,,0.13,1777890622
All Pools,DAI.e - HOST,0.3,False,,16.05,,0.0,1777890622
All Pools,CLAVIS - AVAX,0.3,False,,0.13284,,0.47,1777890622
All Pools,MIM - CLAVIS,0.3,False,,119.99,,,1777890622
All Pools,DMD - AVAX,0.3,False,,26.24,,0.0,1777890622
All Pools,FAR - AVAX,0.3,False,,0.45302,,0.13,1777890622
All Pools,FAR - USDC.e,0.3,False,,0.14954,,0.39,1777890622
All Pools,RENT - JOE,0.3,False,,3.581,,0.02,1777890622
All Pools,RENT - USDT.e,0.3,False,,0.18663,,0.31,1777890622
All Pools,MIM - ICY,0.3,False,,17.16,,0.0,1777890622
All Pools,DMD - DAI.e,0.3,False,,0.12942,,0.45,1777890622
All Pools,AVAX - STICK,0.3,False,,2171.86,,,1777890622
All Pools,ENGLISH - AVAX,0.3,False,,0.23466,,0.24,1777890622
All Pools,STICK - MU,0.3,False,,0.14632,,0.39,1777890622
All Pools,LINK.e - SPELL,0.3,False,,0.17294,,0.33,1777890622
All Pools,WETH.e - MUi,0.3,False,,0.03049,,1.82,1777890622
All Pools,AVAX - BANKSY V2,0.3,False,,0.33275,,0.16,1777890622
All Pools,USDT.e - BANKSY V2,0.3,False,,0.91909,,0.06,1777890622
All Pools,SNOW - AVAX,0.3,False,,0.19469,,0.27,1777890622
All Pools,WETH.e - MUMO,0.3,False,,0.22666,,0.23,1777890622
All Pools,MIM - SNOW,0.3,False,,0.6444,,0.08,1777890622
All Pools,LEXIP - AVAX,0.3,False,,0.42342,,0.12,1777890622
All Pools,MUMO - USDC.e,0.3,False,,0.13157,,0.39,1777890622
All Pools,MIM - LEXIP,0.3,False,,0.23776,,0.22,1777890622
All Pools,SN - AVAX,0.3,False,,0.12284,,0.4,1777890622
All Pools,MIM - SN,0.3,False,,100.48,,,1777890622
All Pools,WETH - MU,0.3,False,,0.09284,,0.53,1777890622
All Pools,AVAX - BANKSY,0.3,False,,0.22774,,0.22,1777890622
All Pools,BANKSY - AVAX,0.3,False,,0.19055,,0.26,1777890622
All Pools,USDC.e - BANKSY,0.3,False,,0.6895,,0.07,1777890622
All Pools,BANKSY - USDT.e,0.3,False,,0.67982,,0.07,1777890622
All Pools,WOLF - USDt,0.3,False,,0.11038,,0.44,1777890622
All Pools,ETHM - LINK.e,0.3,False,,0.11012,,0.42,1777890622
All Pools,AAVE.e - BTCBR,0.3,False,,0.20518,,0.23,1777890622
All Pools,xAVAX - AVAX,0.3,False,,0.72777,,0.06,1777890622
All Pools,xAVAX - USDC,0.3,False,,0.24587,,0.18,1777890622
All Pools,MUME - USDC.e,0.3,False,,0.55467,,0.08,1777890622
All Pools,KIMBO - MU,0.3,False,,0.09969,,0.45,1777890622
All Pools,BNB - MU,0.3,False,,0.08666,,0.52,1777890622
All Pools,CRA - USDT.e,0.3,False,,0.26709,,0.17,1777890622
All Pools,DAI.e - PEFI,0.3,False,,0.13133,,0.33,1777890622
All Pools,BLZZ - USDC.e,0.3,False,,0.08505,,0.51,1777890622
All Pools,sifu - USDT.e,0.3,False,,9.308,,0.0,1777890622
All Pools,MUi - MU,0.3,False,,0.08346,,0.49,1777890622
All Pools,xORDER - AVAX,0.3,False,,0.23447,,0.17,1777890622
All Pools,AVAX - TUS,0.3,False,,8191.41,,,1777890622
All Pools,YEEHAW - MU,0.3,False,,0.28484,,0.14,1777890622
All Pools,YEEHAW - ARENA,0.3,False,,2.344,,0.02,1777890622
All Pools,xORDER - USDC,0.3,False,,0.19305,,0.21,1777890622
All Pools,USDT.e - TUS,0.3,False,,0.12239,,0.33,1777890622
All Pools,HUSKY - SMRTr,0.3,False,,0.06899,,0.59,1777890622
All Pools,CRV - AVAX,0.3,False,,41.96,,,1777890622
All Pools,CRV - USDT.e,0.3,False,,0.12972,,0.31,1777890622
All Pools,GRT.e - AVAX,0.3,False,,7.302,,0.01,1777890622
All Pools,USDC.e - SUSD,0.3,False,,505.42,,,1777890622
All Pools,LUEEGI - USDt,0.3,False,,0.09339,,0.4,1777890622
All Pools,TSD - USDC.e,0.3,False,,0.09625,,0.38,1777890622
All Pools,PIZZA - USDC.e,0.3,False,,0.08125,,0.45,1777890622
All Pools,AVE - AVAX,0.3,False,,4.209,,0.01,1777890622
All Pools,KITE - AVAX,0.3,False,,0.05688,,0.6,1777890622
All Pools,ONION - CORN,0.3,False,,34.27,,,1777890622
All Pools,AUSD - USDC,0.01,False,12755091.0,4186799.0,1275.58,11.12,1777894223
All Pools,AUSD - USDt,0.01,False,12621331.0,3418546.0,1262.2,13.48,1777894223
All Pools,AVAX - USDC,0.05,False,7799358.0,3900721.0,4148.83,38.82,1777894223
All Pools,BTC.b - USDC,0.05,False,417734.0,804526.0,219.41,9.95,1777894223
All Pools,USDC.e - O3,0.3,False,229593.0,343158043.0,573.98,0.06,1777894223
All Pools,USDt - USDC,0.005,False,139895.0,694504.0,9.891,0.52,1777894223
All Pools,AVAX - USDC,0.2,False,106439.0,204903.0,215.85,38.45,1777894223
All Pools,sAVAX - AVAX,0.01,False,67591.0,187941.0,6.815,1.32,1777894223
All Pools,GUN - AVAX,0.25,False,49235.0,126933.0,127.01,36.52,1777894223
All Pools,ARENA - AVAX,0.01,False,42528.0,177088.0,4.249,0.88,1777894223
All Pools,GUN - AVAX,0.1,False,40609.0,39883.0,43.44,39.76,1777894223
All Pools,AVAX - BTC.b,0.05,False,40200.0,582560.0,21.24,1.33,1777894223
All Pools,USDC - XAVA,0.3,False,39320.0,612672.0,98.3,5.86,1777894223
All Pools,DAI.e - USDC,0.02,False,35907.0,31001.0,9.21,10.84,1777894223
All Pools,XAUt0 - USDt,0.04,False,34319.0,38125.0,16.05,15.37,1777894223
All Pools,NXPC - AVAX,0.3,False,32310.0,238545.0,80.77,12.36,1777894223
All Pools,USDT.e - USDC,0.02,False,30207.0,48841.0,6.095,4.56,1777894223
All Pools,AVAX - USDt,0.2,False,25174.0,130742.0,50.9,14.21,1777894223
All Pools,USDT.e - USDt,0.02,False,21152.0,44242.0,4.257,3.51,1777894223
All Pools,AVAX - USDT.e,0.3,False,18376.0,551152.0,45.94,3.04,1777894223
All Pools,MIM - AVAX,0.3,False,16627.0,560899.0,41.57,2.7,1777894223
All Pools,AVAX - USDC,0.3,False,16270.0,405398.0,40.67,3.66,1777894223
All Pools,FOLKS - AVAX,0.25,False,14837.0,34557.0,37.91,40.04,1777894223
All Pools,QI - AVAX,0.3,False,13589.0,242901.0,33.97,5.11,1777894223
All Pools,USDC.e - AVAX,0.3,False,13312.0,428798.0,33.28,2.83,1777894223
All Pools,USDt - USDC,0.01,False,13306.0,181612.0,1.066,0.21,1777894223
All Pools,JOE - AVAX,0.3,False,11174.0,521907.0,27.93,1.95,1777894223
All Pools,COQ - AVAX,0.3,False,11112.0,614165.0,27.78,1.65,1777894223
All Pools,JOE - USDC.e,0.3,False,8970.31,337662.0,22.43,2.42,1777894223
All Pools,AAVE.e - AVAX,0.3,False,8850.63,300425.0,22.13,2.69,1777894223
All Pools,WBTC.e - BTC.b,0.03,False,8653.25,329355.0,2.672,0.3,1777894223
All Pools,EURC - USDC,0.03,False,7331.12,13087.0,2.343,6.53,1777894223
All Pools,WBTC - BTC.b,0.03,False,6726.98,82969.0,2.035,0.9,1777894223
All Pools,USDT.e - USDC,0.02,False,5380.35,886.72,0.58502,24.08,1777894223
All Pools,SolvBTC - BTC.b,0.04,False,4102.08,256729.0,2.066,0.29,1777894223
All Pools,DAI.e - USDC,0.02,False,3925.85,2549.18,1.063,15.21,1777894223
All Pools,JPYC - USDC,0.04,False,3590.34,4448.23,2.028,16.64,1777894223
All Pools,ORNG - AVAX,0.3,False,3437.44,27704.0,8.594,11.32,1777894223
All Pools,FLD - AVAX,0.3,False,3083.85,51550.0,7.71,5.46,1777894223
All Pools,WBTC.e - AVAX,0.3,False,2358.89,171820.0,5.897,1.25,1777894223
All Pools,BEAM - AVAX,0.25,False,2304.05,20250.0,5.798,10.45,1777894223
All Pools,WETH.e - AVAX,0.3,False,2253.29,495493.0,5.633,0.41,1777894223
All Pools,HEFE - AVAX,0.3,False,2143.37,21259.0,5.358,9.2,1777894223
All Pools,LINK.e - AVAX,0.3,False,2074.43,49105.0,5.186,3.85,1777894223
All Pools,XAVA - AVAX,0.8,False,2045.39,227105.0,16.44,2.64,1777894223
All Pools,BEAM - USDC,0.3,False,2000.79,72433.0,5.002,2.52,1777894223
All Pools,AVAX - avUSD,0.25,False,1964.91,2336.77,4.941,77.17,1777894223
All Pools,JOE - USDT.e,0.3,False,1964.85,67690.0,4.912,2.65,1777894223
All Pools,AUSD - AVAX,0.1,False,1902.35,39560.0,1.986,1.83,1777894223
All Pools,USDt - AVAX,0.3,False,1872.89,44947.0,4.682,3.8,1777894223
All Pools,BEAM - AVAX,0.3,False,1850.78,93980.0,4.627,1.8,1777894223
All Pools,XAVA - AVAX,0.25,False,1700.31,3180.91,4.432,50.86,1777894223
All Pools,ALOT - AVAX,0.3,False,1669.11,225653.0,4.173,0.67,1777894223
All Pools,BTC.b - AVAX,0.3,False,1628.12,141526.0,4.07,1.05,1777894223
All Pools,ZRO - AVAX,0.25,False,1444.02,2259.8,11.53,186.22,1777894223
All Pools,JOE - USDC,0.3,False,1342.92,40270.0,3.357,3.04,1777894223
All Pools,USDt - USDC,0.02,False,1292.56,2233.09,0.2866,4.68,1777894223
All Pools,AVAX - JUICE,0.3,False,1272.02,15793.0,3.18,7.35,1777894223
All Pools,HUNDRED - USDC,0.3,False,1212.5,518097.0,3.031,0.21,1777894223
All Pools,AVAX - DAI.e,0.3,False,1203.11,34087.0,3.008,3.22,1777894223
All Pools,LCPEDU - USDt,0.8,False,1002.83,9626335.0,16.08,0.06,1777894223
All Pools,NOCHILL - AVAX,0.3,False,989.77,88331.0,2.474,1.02,1777894223
All Pools,SIERRA - USDC,0.1,False,912.49,39684.0,0.91342,0.84,1777894223
All Pools,AVAX - ALVA,0.3,False,901.36,1275.51,2.253,64.48,1777894223
All Pools,SOL - AVAX,0.3,False,830.6,432518.0,2.076,0.18,1777894223
All Pools,WETH.e - USDC,0.15,False,806.16,10050.0,1.231,4.47,1777894223
All Pools,SHRAP - AVAX,0.8,False,754.93,12859.0,6.801,19.31,1777894223
All Pools,w3ULL - AVAX,0.3,False,733.72,64842.0,1.834,1.03,1777894223
All Pools,AVAX - XAVA,0.3,False,605.77,15960.0,1.514,3.46,1777894223
All Pools,JOE - AVAX,0.25,False,452.29,10737.0,1.139,3.87,1777894223
All Pools,AARB - AVAX,0.3,False,439.33,0.18161,1.098,220742.28,1777894223
All Pools,ARC - AVAX,0.3,False,439.02,0.18154,1.098,220663.73,1777894223
All Pools,SB - AVAX,0.3,False,421.54,6916.19,1.054,5.56,1777894223
All Pools,MUON - AVAX,0.3,False,376.27,47009.0,0.94067,0.73,1777894223
All Pools,UST - AVAX,0.3,False,299.26,7870.74,0.74815,3.47,1777894223
All Pools,HERESY - AVAX,0.3,False,297.97,21941.0,0.74492,1.24,1777894223
All Pools,WETH.e - USDC.e,0.3,False,260.27,12341.0,0.65066,1.92,1777894223
All Pools,QI - AVAX,0.25,False,245.99,15057.0,0.61712,1.5,1777894223
All Pools,gOHM - AVAX,0.3,False,238.64,139193.0,0.59659,0.16,1777894223
All Pools,WBTC.e - BTC.b,0.03,False,236.8,685.8,0.10117,5.38,1777894223
All Pools,PTOP800 - USDC,0.1,False,201.56,654.19,0.20351,11.35,1777894223
All Pools,MIM - SB,0.3,False,201.07,5721.64,0.50268,3.21,1777894223
All Pools,USDC.e - USDC,0.3,False,194.6,483360.0,0.48649,0.04,1777894223
All Pools,XETA - USDC,0.3,False,191.68,6442.09,0.4792,2.72,1777894223
All Pools,PTOP800 - AVAX,0.1,False,182.73,602.23,0.18384,11.14,1777894223
All Pools,STG - USDC,0.3,False,173.69,1465.92,0.43421,10.81,1777894223
All Pools,XSEED - AVAX,0.3,False,173.49,12546.0,0.43372,1.26,1777894223
All Pools,AVAX - JUICY,0.3,False,172.09,3022.49,0.43023,5.2,1777894223
All Pools,AVAX - UST,0.3,False,169.42,8916.7,0.42354,1.73,1777894223
All Pools,GMX - AVAX,0.3,False,155.58,4951.33,0.38894,2.87,1777894223
All Pools,PTOP1100 - USDC,0.1,False,139.12,667.13,0.13995,7.66,1777894223
All Pools,PTOP1100 - AVAX,0.1,False,138.14,363.66,0.14029,14.08,1777894223
All Pools,KIMBO - AVAX,0.3,False,117.71,63997.0,0.29426,0.17,1777894223
All Pools,LUNA - USDC.e,0.3,False,112.19,893.08,0.28046,11.46,1777894223
All Pools,PTOP1300 - AVAX,0.1,False,111.51,574.29,0.11192,7.11,1777894223
All Pools,PTOP1300 - USDC,0.1,False,111.13,345.09,0.11182,11.83,1777894223
All Pools,MIM - USDt,0.03,False,107.66,9.682,0.03547,133.74,1777894223
All Pools,PTOP1200 - AVAX,0.1,False,91.96,682.65,0.09208,4.92,1777894223
All Pools,PTOP1200 - USDC,0.1,False,91.32,197.07,0.09309,17.24,1777894223
All Pools,sAVAX - AVAX,0.3,False,89.59,240796.0,0.22397,0.03,1777894223
All Pools,APIX - USDt,0.3,False,86.51,6898.04,0.21627,1.14,1777894223
All Pools,EVO - AVAX,0.3,False,86.05,13673.0,0.21512,0.57,1777894223
All Pools,STG - AVAX,0.3,False,80.74,1456.44,0.20185,5.06,1777894223
All Pools,PRIME - AVAX,0.4,False,74.09,108586.0,0.90649,0.3,1777894223
All Pools,JOE - AVAX,0.15,False,71.26,69346.0,0.10925,0.06,1777894223
All Pools,FITFI - USDT.e,0.3,False,60.87,369.89,0.15218,15.02,1777894223
All Pools,CAPY - ARENA,0.3,False,58.98,31593.0,0.14746,0.17,1777894223
All Pools,GGP - AVAX,0.3,False,58.65,92134.0,0.14663,0.06,1777894223
All Pools,CAI - AVAX,0.3,False,56.94,1815.9,0.14234,2.86,1777894223
All Pools,MAJIN - AVAX,0.3,False,55.02,4242.38,0.13755,1.18,1777894223
All Pools,CDK - AVAX,0.25,False,48.94,5703.92,0.19133,1.22,1777894223
All Pools,SOL - AVAX,0.1,False,47.91,1083.56,0.04794,1.62,1777894223
All Pools,CAT - AVAX,0.3,False,46.43,1900.03,0.11609,2.23,1777894223
All Pools,AVAX - RISE,0.3,False,45.82,59604.0,0.11455,0.07,1777894223
All Pools,gOHM - FRAX,0.3,False,45.01,3576.24,0.11252,1.15,1777894223
All Pools,PNG - AVAX,0.3,False,38.8,1061.15,0.09701,3.34,1777894223
All Pools,APIX - USDC,0.3,False,38.2,3447.67,0.09549,1.01,1777894223
All Pools,FTR - AVAX,0.3,False,37.34,1286.49,0.09334,2.65,1777894223
All Pools,APIX - ID,0.3,False,31.39,25451.0,0.07847,0.11,1777894223
All Pools,GUN - BLSEYE🎯,0.3,False,29.89,953.15,0.07473,2.86,1777894223
All Pools,BLSEYE🎯 - AVAX,0.3,False,29.77,5999.29,0.07442,0.45,1777894223
All Pools,MIM - WETH.e,0.3,False,28.83,1463.39,0.07208,1.8,1777894223
All Pools,AVAX - FRAX,0.3,False,28.36,1018.2,0.07091,2.54,1777894223
All Pools,APIX - ARENA,0.3,False,28.28,2332.38,0.0707,1.11,1777894223
All Pools,BOI - AVAX,0.3,False,28.13,84.46,0.07034,30.39,1777894223
All Pools,USDC.e - USDC,0.02,False,26.46,17000.0,0.00305,0.01,1777894223
All Pools,YAK - AVAX,0.3,False,24.7,110487.0,0.06175,0.02,1777894223
All Pools,CATCH - AVAX,0.3,False,24.42,305.45,0.06105,7.29,1777894223
All Pools,PTOP800 - BTC.b,0.1,False,24.13,1000.47,0.02886,1.05,1777894223
All Pools,ROCO - AVAX,0.3,False,23.13,1273.77,0.05782,1.66,1777894223
All Pools,SECOND - AVAX,0.3,False,22.91,1764.58,0.05727,1.18,1777894223
All Pools,SECOND - USDC,0.3,False,22.91,7205.19,0.05727,0.29,1777894223
All Pools,ggAVAX - AVAX,0.04,False,22.03,369.99,0.00233,0.23,1777894223
All Pools,Balln - AVAX,0.3,False,21.13,4233.7,0.05283,0.46,1777894223
All Pools,RGOGLZ - USDC,0.3,False,21.04,1580.56,0.0526,1.21,1777894223
All Pools,KLO - AVAX,0.3,False,20.94,14646.0,0.05235,0.13,1777894223
All Pools,GENI - USDC,0.3,False,19.69,1479.52,0.04923,1.21,1777894223
All Pools,GUN - AVAX,0.3,False,19.57,445.51,0.04894,4.01,1777894223
All Pools,BOOTY - AVAX,0.3,False,19.07,2130.71,0.04767,0.82,1777894223
All Pools,USDC.e - DAI.e,0.3,False,19.07,22743.0,0.04767,0.08,1777894223
All Pools,USDt - ncash,0.3,False,18.44,1129.2,0.0461,1.49,1777894223
All Pools,UST - USDC.e,0.3,False,17.09,770.09,0.04273,2.03,1777894223
All Pools,USDC.e - USDT.e,0.3,False,17.03,40358.0,0.04259,0.04,1777894223
All Pools,HATCHY - AVAX,0.3,False,16.68,9696.72,0.04169,0.16,1777894223
All Pools,USDV - AVAX,0.25,False,16.19,1825.65,0.06333,1.27,1777894223
All Pools,Psychic - AVAX,0.3,False,16.17,1170.71,0.04042,1.26,1777894223
All Pools,DCAU - AVAX,0.3,False,16.02,1265.12,0.04006,1.16,1777894223
All Pools,DCAU - USDT.e,0.3,False,15.41,5316.46,0.03853,0.26,1777894223
All Pools,HAREM - AVAX,0.3,False,14.91,126.7,0.03729,10.74,1777894223
All Pools,WINK - AVAX,0.3,False,14.91,80.26,0.03728,16.96,1777894223
All Pools,HUSKY - AVAX,0.3,False,14.75,3668.65,0.03689,0.37,1777894223
All Pools,BUSD - AVAX,0.3,False,14.7,420.09,0.03675,3.19,1777894223
All Pools,sAVAX - JACK,0.3,False,14.35,293174.0,0.03587,0.0,1777894223
All Pools,ORNG - MOOM,0.3,False,13.97,401.15,0.03492,3.18,1777894223
All Pools,YUSD - AVAX,0.3,False,13.6,134.49,0.03399,9.22,1777894223
All Pools,AVAX - GEC,0.3,False,13.24,36191.0,0.03309,0.03,1777894223
All Pools,SVETA - AVAX,0.3,False,13.01,1393.2,0.03252,0.85,1777894223
All Pools,XROSS - ORNG,0.3,False,12.93,484.25,0.03233,2.44,1777894223
All Pools,AVAX - DOMI,0.3,False,12.85,17229.0,0.03212,0.07,1777894223
All Pools,ZRO - AVAX,0.3,False,12.54,195.89,0.03136,5.84,1777894223
All Pools,AVAX - CLY,0.3,False,12.48,58954.0,0.0312,0.02,1777894223
All Pools,GURS - AVAX,0.3,False,12.34,7682.69,0.03086,0.15,1777894223
All Pools,Psychic - XAUt0,0.3,False,12.1,6920.67,0.03024,0.16,1777894223
All Pools,ORNG - JUCI,0.3,False,11.69,502.39,0.02922,2.12,1777894223
All Pools,SHRAP - DOMI,0.3,False,11.42,290.59,0.02855,3.59,1777894223
All Pools,Ush - AVAX,0.3,False,10.84,2826.71,0.02709,0.35,1777894223
All Pools,YOU - ORNG,0.3,False,10.83,3234.15,0.02706,0.31,1777894223
All Pools,DATCM - ORNG,0.3,False,10.81,485.18,0.02702,2.03,1777894223
All Pools,MYST - AVAX,0.3,False,10.6,905.02,0.02649,1.07,1777894223
All Pools,AVAX - HON,0.3,False,10.56,90376.0,0.0264,0.01,1777894223
All Pools,agEUR - USDC,0.3,False,10.35,63.79,0.02588,14.81,1777894223
All Pools,TECH - AVAX,0.3,False,10.35,14217.0,0.02588,0.07,1777894223
All Pools,PTOP1000 - AVAX,0.1,False,10.31,622.49,0.01032,0.61,1777894223
All Pools,SYN - AVAX,0.3,False,9.992,2772.7,0.02498,0.33,1777894223
All Pools,AVAXAI - USDC,0.3,False,9.725,1722.56,0.02431,0.52,1777894223
All Pools,AVAX - PEFI,0.3,False,9.322,4500.28,0.0233,0.19,1777894223
All Pools,JPYC - USDC,0.3,False,8.644,351.59,0.02161,2.24,1777894223
All Pools,MDG - USDT.e,0.3,False,8.547,18085.0,0.02137,0.04,1777894223
All Pools,MDG - USDC.e,0.3,False,8.547,9807.05,0.02137,0.08,1777894223
All Pools,ORNG - SAI,0.3,False,8.488,301.27,0.02122,2.57,1777894223
All Pools,MEAT - AVAX,0.3,False,8.141,5391.76,0.02035,0.14,1777894223
All Pools,UST - USDC,0.3,False,7.768,479.74,0.01942,1.48,1777894223
All Pools,ORNG - FLUX,0.3,False,7.528,362.06,0.01882,1.9,1777894223
All Pools,AVAX - ELK,0.3,False,7.204,1709.0,0.01801,0.38,1777894223
All Pools,LINK.e - USDT.e,0.3,False,7.102,237.2,0.01776,2.73,1777894223
All Pools,BLSEYE🎯 - ARENA,0.3,False,7.055,1167.2,0.01764,0.55,1777894223
All Pools,USV - DAI.e,0.3,False,6.89,4267.28,0.01723,0.15,1777894223
All Pools,avUSD - sAVAX,0.3,False,6.593,264.61,0.01648,2.27,1777894223
All Pools,FITFI - AVAX,0.3,False,6.58,38.98,0.01645,15.4,1777894223
All Pools,MAI - AVAX,0.3,False,6.563,1804.26,0.01641,0.33,1777894223
All Pools,LINK.e - USDC.e,0.3,False,5.221,197.71,0.01305,2.41,1777894223
All Pools,SWIFT - USDC.e,0.3,False,4.903,536.75,0.01226,0.83,1777894223
All Pools,MYST - USDC,0.3,False,4.173,255.23,0.01043,1.49,1777894223
All Pools,SWIFT - WETH.e,0.3,False,4.142,1623.78,0.01035,0.23,1777894223
All Pools,Psychic - BLACK,0.3,False,4.071,463.31,0.01018,0.8,1777894223
All Pools,USDT.e - DAI.e,0.3,False,4.034,7324.67,0.01009,0.05,1777894223
All Pools,REDWOLF - AVAX,0.3,False,3.977,502.09,0.00994,0.72,1777894223
All Pools,ISA - USDC.e,0.3,False,3.969,487.5,0.00992,0.74,1777894223
All Pools,APOW - AVAX,0.3,False,3.882,1074.65,0.0097,0.33,1777894223
All Pools,PNG - JOE,0.3,False,3.812,172.21,0.00953,2.02,1777894223
All Pools,LUNA - AVAX,0.3,False,3.731,22.41,0.00933,15.19,1777894223
All Pools,ISA - AVAX,0.3,False,3.699,1455.09,0.00925,0.23,1777894223
All Pools,Gravity - BLACK,0.3,False,3.689,1077.65,0.00922,0.31,1777894223
All Pools,WETH - USDC.e,0.3,False,3.531,228.0,0.00883,1.41,1777894223
All Pools,USDT.e - CLY,0.3,False,3.521,260.41,0.0088,1.23,1777894223
All Pools,FollowTheWhiteRabbit - BLACK,0.3,False,3.467,1188.5,0.00867,0.27,1777894223
All Pools,LIQR - AVAX,0.3,False,3.413,51865.0,0.00853,0.01,1777894223
All Pools,YAK - USDC.e,0.3,False,3.178,219.29,0.00794,1.32,1777894223
All Pools,WETH.e - USDT.e,0.3,False,3.011,167.83,0.00753,1.64,1777894223
All Pools,DPS - USDC,0.3,False,3.011,1938.52,0.00753,0.14,1777894223
All Pools,DPS - AVAX,0.3,False,3.011,221.86,0.00753,1.24,1777894223
All Pools,Gravity - AVAX,0.3,False,2.93,340.22,0.00733,0.79,1777894223
All Pools,Trinity - BLACK,0.3,False,2.833,567.82,0.00708,0.46,1777894223
All Pools,MIM - USDC.e,0.3,False,2.792,2000.28,0.00698,0.13,1777894223
All Pools,KINGSHIT - AVAX,0.3,False,2.786,4992.21,0.00697,0.05,1777894223
All Pools,Trinity - AVAX,0.3,False,2.783,1037.2,0.00696,0.24,1777894223
All Pools,REDWOLF - USDC,0.3,False,2.753,203.42,0.00688,1.23,1777894223
All Pools,TINU - AVAX,0.3,False,2.724,1352.19,0.00681,0.18,1777894223
All Pools,BTC.b - TOPIA,0.3,False,2.643,308.0,0.00661,0.78,1777894223
All Pools,LUNA - USDC.e,0.3,False,2.634,325.37,0.00659,0.74,1777894223
All Pools,USDC - SOCK,0.3,False,2.52,481.94,0.0063,0.48,1777894223
All Pools,AVAX - SOCK,0.3,False,2.519,3289.54,0.0063,0.07,1777894223
All Pools,AVAX - aXEN,0.3,False,2.498,77.84,0.00625,2.93,1777894223
All Pools,FollowTheWhiteRabbit - AVAX,0.3,False,2.433,165.75,0.00608,1.34,1777894223
All Pools,AVAX - FRAX,0.3,False,2.418,270.92,0.00605,0.81,1777894223
All Pools,Now - BLACK,0.3,False,2.4,447.27,0.006,0.49,1777894223
All Pools,WETH.e - ONION,0.3,False,2.346,273.45,0.00586,0.78,1777894223
All Pools,AVAX - TIME,0.3,False,2.315,1201.87,0.00579,0.18,1777894223
All Pools,AAVE.e - REDWOLF,0.3,False,2.307,161.98,0.00577,1.3,1777894223
All Pools,pAVAX - AVAX,0.3,False,2.305,1710.7,0.00576,0.12,1777894223
All Pools,MAGICK - USDC,0.3,False,2.129,239.94,0.00532,0.81,1777894223
All Pools,MAGICK - AVAX,0.3,False,2.129,353.72,0.00532,0.55,1777894223
All Pools,FXS - AVAX,0.3,False,2.128,438.87,0.00532,0.44,1777894223
All Pools,LORD - AVAX,0.3,False,2.109,1954.74,0.00527,0.1,1777894223
All Pools,XAUt0 - Gravity,0.3,False,2.107,400.89,0.00527,0.48,1777894223
All Pools,USDT.e - ONION,0.3,False,2.066,770.27,0.00516,0.24,1777894223
All Pools,HOST - DAI.e,0.3,False,2.054,2584.2,0.00513,0.07,1777894223
All Pools,67 - AVAX,0.3,False,2.022,26.18,0.00505,7.05,1777894223
All Pools,APOW - USDC,0.3,False,2.01,168.21,0.00502,1.09,1777894223
All Pools,AVAX - SPELL,0.3,False,1.975,2749.43,0.00494,0.07,1777894223
All Pools,USDC.e - MU,0.3,False,1.919,13470.0,0.0048,0.01,1777894223
All Pools,MIM - LF,0.3,False,1.894,904.5,0.00473,0.19,1777894223
All Pools,LF - AVAX,0.3,False,1.894,290.86,0.00473,0.59,1777894223
All Pools,AVAX - USDT,0.3,False,1.887,2010.16,0.00472,0.09,1777894223
All Pools,AVAX - APOW,0.3,False,1.883,25922.0,0.00471,0.01,1777894223
All Pools,Now - AVAX,0.3,False,1.879,268.42,0.0047,0.64,1777894223
All Pools,XAUt0 - Now,0.3,False,1.877,716.45,0.00469,0.24,1777894223
All Pools,APOW - USDt,0.3,False,1.876,167.68,0.00469,1.02,1777894223
All Pools,CATWIF - AVAX,0.3,False,1.755,3304.41,0.00439,0.05,1777894223
All Pools,USDC.e - AVVO,0.3,False,1.724,249.8,0.00431,0.63,1777894223
All Pools,USDC - SHRAP,0.3,False,1.703,28.05,0.00426,5.54,1777894223
All Pools,AVAX - ONION,0.3,False,1.694,181.57,0.00424,0.85,1777894223
All Pools,GENI - AVAX,0.3,False,1.686,74.04,0.00421,2.08,1777894223
All Pools,PIZZA - AVAX,0.3,False,1.684,517.65,0.00421,0.3,1777894223
All Pools,TRESR - AVAX,0.3,False,1.657,14942.0,0.00414,0.01,1777894223
All Pools,BEAR - AVAX,0.3,False,1.619,7301.5,0.00405,0.02,1777894223
All Pools,USDt - USDT.e,0.3,False,1.541,20394.0,0.00385,0.01,1777894223
All Pools,BLSEYE🎯 - BEAM,0.3,False,1.51,344.3,0.00378,0.4,1777894223
All Pools,USDC.e - ONION,0.3,False,1.44,385.71,0.0036,0.34,1777894223
All Pools,AVAX - AMI,0.3,False,1.389,540.7,0.00347,0.23,1777894223
All Pools,SMRTr - AVAX,0.3,False,1.345,36517.0,0.00336,0.0,1777894223
All Pools,WBTC.e - USDT.e,0.3,False,1.343,173.35,0.00336,0.71,1777894223
All Pools,SMRTr - USDC.e,0.3,False,1.341,125.27,0.00335,0.98,1777894223
All Pools,MIM - PEFI,0.3,False,1.32,204.75,0.0033,0.59,1777894223
All Pools,DAI.e - ONION,0.3,False,1.315,351.75,0.00329,0.34,1777894223
All Pools,BANKSY - USDT.e,0.3,False,1.292,1545.26,0.00323,0.08,1777894223
All Pools,BANKSY - AVAX,0.3,False,1.292,171.56,0.00323,0.69,1777894223
All Pools,JOE - USDT,0.3,False,1.278,365.11,0.00319,0.32,1777894223
All Pools,KIWI - AVAX,0.3,False,1.266,115.55,0.00316,1.0,1777894223
All Pools,KIWI - USDC,0.3,False,1.248,309.3,0.00312,0.37,1777894223
All Pools,LUNA - AVAX,0.3,False,1.235,142.32,0.00309,0.79,1777894223
All Pools,BLSEYE🎯 - MEOW,0.3,False,1.199,674.4,0.003,0.16,1777894223
All Pools,DREGG - AVAX,0.3,False,1.193,178.86,0.00298,0.61,1777894223
All Pools,DREGG - USDT.e,0.3,False,1.191,543.23,0.00298,0.2,1777894223
All Pools,COQ - BLSEYE🎯,0.3,False,1.184,215.28,0.00296,0.5,1777894223
All Pools,AVAX - NaughtiusMaximus,0.3,False,1.183,445.82,0.00296,0.24,1777894223
All Pools,XAUt0 - NaughtiusMaximus,0.3,False,1.155,1059.76,0.00289,0.1,1777894223
All Pools,AVAX - IMPACT2,0.3,False,1.137,168.76,0.00284,0.61,1777894223
All Pools,AVAX - MU,0.3,False,1.059,88.91,0.00265,1.09,1777894223
All Pools,rloop - AVAX,0.3,False,0.99149,6277.92,0.00248,0.01,1777894223
All Pools,LUEEGI - AVAX,0.3,False,0.98903,1593.67,0.00247,0.06,1777894223
All Pools,WBTC.e - ONION,0.3,False,0.98618,407.37,0.00247,0.22,1777894223
All Pools,AVAX - SMRT,0.3,False,0.96444,2342.64,0.00241,0.04,1777894223
All Pools,ROY - AVAX,0.3,False,0.96256,4984.51,0.00241,0.02,1777894223
All Pools,DCAU - USDC,0.3,False,0.9426,151.3,0.00236,0.57,1777894223
All Pools,AVAX - AVVO,0.3,False,0.93141,301.25,0.00233,0.28,1777894223
All Pools,USDT.e - SMRT,0.3,False,0.92769,106.69,0.00232,0.79,1777894223
All Pools,JOE - EXP,0.3,False,0.90657,13399273.0,0.00227,,1777894223
All Pools,UST - USDT.e,0.3,False,0.90295,43.67,0.00226,1.89,1777894223
All Pools,Trinity - Psychic,0.3,False,0.86937,541.59,0.00217,0.15,1777894223
All Pools,HOST - AVAX,0.3,False,0.84364,105.94,0.00211,0.73,1777894223
All Pools,USDC - GAU,0.3,False,0.83907,12169.0,0.0021,0.01,1777894223
All Pools,ACS - AVAX,0.3,False,0.83623,207.17,0.00209,0.37,1777894223
All Pools,AVAX - $SICKO,0.3,False,0.83496,9.977,0.00209,7.64,1777894223
All Pools,MAXI - DAI.e,0.3,False,0.80965,233.75,0.00202,0.32,1777894223
All Pools,MONEY - AVAX,0.3,False,0.79145,626.53,0.00198,0.12,1777894223
All Pools,MM - USDC,0.3,False,0.77746,83.86,0.00194,0.85,1777894223
All Pools,MM - AVAX,0.3,False,0.77477,133.72,0.00194,0.53,1777894223
All Pools,PTOP1100 - TOPIA,0.3,False,0.77027,150.47,0.00193,0.47,1777894223
All Pools,YETI - AVAX,0.3,False,0.75916,941.36,0.0019,0.07,1777894223
All Pools,SWIFT - AVAX,0.3,False,0.75193,306.26,0.00188,0.22,1777894223
All Pools,USDC - SPT,0.3,False,0.75107,40.71,0.00188,1.68,1777894223
All Pools,GUN - AMI,0.3,False,0.74353,22.45,0.00186,3.02,1777894223
All Pools,MIM - TIME,0.3,False,0.73904,121.51,0.00185,0.56,1777894223
All Pools,KALM - USDC,0.3,False,0.73338,84.54,0.00183,0.79,1777894223
All Pools,KALM - AVAX,0.3,False,0.73313,126.19,0.00183,0.53,1777894223
All Pools,AVAX - ChristMark,0.3,False,0.72406,359.86,0.00181,0.18,1777894223
All Pools,MaryMagdalene - AVAX,0.3,False,0.71496,226.28,0.00179,0.29,1777894223
All Pools,AVAX - KONG,0.3,False,0.69187,7520.32,0.00173,0.01,1777894223
All Pools,SYMBIOT - AVAX,0.3,False,0.67626,91.26,0.00169,0.68,1777894223
All Pools,CANS - AVAX,0.3,False,0.67093,12.88,0.00168,4.75,1777894223
All Pools,STATIK - AVAX,0.3,False,0.67054,44.35,0.00168,1.38,1777894223
All Pools,AVAX - ZUBAX,0.3,False,0.66941,116.76,0.00167,0.52,1777894223
All Pools,50 - USDC,0.3,False,0.66117,119.8,0.00165,0.5,1777894223
All Pools,COQ - COQAI,0.3,False,0.66105,28200.0,0.00165,0.0,1777894223
All Pools,50 - AVAX,0.3,False,0.66094,75.81,0.00165,0.8,1777894223
All Pools,SYMBIOT - DAI.e,0.3,False,0.65782,466.71,0.00164,0.13,1777894223
All Pools,Gladiator - AVAX,0.3,False,0.65765,3.692,0.00164,16.25,1777894223
All Pools,LadyMary - AVAX,0.3,False,0.65096,366.74,0.00163,0.16,1777894223
All Pools,ZUBAX - USDT.e,0.3,False,0.64753,184.7,0.00162,0.32,1777894223
All Pools,LINK.e - REDWOLF,0.3,False,0.6436,82.41,0.00161,0.71,1777894223
All Pools,USDC - SDOG,0.3,False,0.64319,482.02,0.00161,0.12,1777894223
All Pools,VPND - AVAX,0.3,False,0.64108,25670.0,0.0016,0.0,1777894223
All Pools,FollowTheWhiteRabbit - LuciferMorningstar,0.3,False,0.63467,3665.68,0.00159,0.02,1777894223
All Pools,MU - DAI.e,0.3,False,0.63461,245.37,0.00159,0.24,1777894223
All Pools,AVAX - SHRAP,0.3,False,0.6304,17.63,0.00158,3.26,1777894223
All Pools,USDt - IMPACT2,0.3,False,0.62965,71.29,0.00157,0.81,1777894223
All Pools,GAINS - AVAX,0.3,False,0.61924,40.38,0.00155,1.4,1777894223
All Pools,HUSKY - JOE,0.3,False,0.60625,183.27,0.00152,0.3,1777894223
All Pools,Orange - AVAX,0.3,False,0.59197,87.95,0.00148,0.61,1777894223
All Pools,LadyMary - FollowTheWhiteRabbit,0.3,False,0.56163,655.43,0.0014,0.08,1777894223
All Pools,USDT.e - MU,0.3,False,0.5546,255.0,0.00139,0.2,1777894223
All Pools,JEWEL - USDC,0.3,False,0.55101,4460.97,0.00138,0.01,1777894223
All Pools,XAUt0 - ChristMark,0.3,False,0.55004,698.55,0.00138,0.07,1777894223
All Pools,Trinity - LuciferMorningstar,0.3,False,0.53756,353297368.0,0.00134,,1777894223
All Pools,AVAX - PENDLE,0.3,False,0.53102,7769.17,0.00133,0.01,1777894223
All Pools,USDC.e - WXT,0.3,False,0.51974,291.25,0.0013,0.16,1777894223
All Pools,WETH.e - USDC,0.3,False,0.51768,22.76,0.00129,2.08,1777894223
All Pools,AMPL - AVAX,0.3,False,0.51174,342.0,0.00128,0.14,1777894223
All Pools,HEFE - GAINS,0.3,False,0.50879,5.838,0.00127,7.95,1777894223
All Pools,SOL - USDC,0.3,False,0.50152,24.09,0.00125,1.9,1777894223
All Pools,BLS - USDt,0.3,False,0.487,119.93,0.00122,0.37,1777894223
All Pools,BTC.b - SPT,0.3,False,0.4801,39.57,0.0012,1.11,1777894223
All Pools,sAVAX - COQ,0.3,False,0.4751,94.54,0.00119,0.46,1777894223
All Pools,AVAX - ARENA,0.3,False,0.47463,80.74,0.00119,0.54,1777894223
All Pools,FERT - AVAX,0.3,False,0.4636,805.72,0.00116,0.05,1777894223
All Pools,Orange - DivineFeminine,0.3,False,0.45842,1115.4,0.00115,0.04,1777894223
All Pools,WETH.e - REDWOLF,0.3,False,0.45786,102.62,0.00114,0.41,1777894223
All Pools,Psychic - Now,0.3,False,0.45294,629.57,0.00113,0.07,1777894223
All Pools,MIM - MU,0.3,False,0.44627,253.69,0.00112,0.16,1777894223
All Pools,ZRO - USDC,0.3,False,0.43483,5.533,0.00109,7.17,1777894223
All Pools,WETH.e - SURE,0.3,False,0.43142,1088.41,0.00108,0.04,1777894223
All Pools,SHOE - AVAX,0.3,False,0.43129,669.09,0.00108,0.06,1777894223
All Pools,SHOE - BTC.b,0.3,False,0.43127,851.09,0.00108,0.05,1777894223
All Pools,USDt - RUX,0.3,False,0.41442,15969.0,0.00104,0.0,1777894223
All Pools,RUX - AVAX,0.3,False,0.4143,30.13,0.00104,1.25,1777894223
All Pools,MaryMagdalene - FollowTheWhiteRabbit,0.3,False,0.40605,208.56,0.00102,0.18,1777894223
All Pools,BrideOfChrist - AVAX,0.3,False,0.40213,89.67,0.00101,0.41,1777894223
All Pools,BLS - SHRAP,0.3,False,0.38621,9.951,,3.54,1777894223
All Pools,gOHM - SB,0.3,False,0.38097,15.45,,2.25,1777894223
All Pools,USDC - CHAM,0.3,False,0.37783,49.83,,0.69,1777894223
All Pools,UNI.e - REDWOLF,0.3,False,0.37595,10.4,,3.3,1777894223
All Pools,AVAX - TheGospelOfMary,0.3,False,0.37309,159.41,,0.21,1777894223
All Pools,HEFE - CANS,0.3,False,0.37304,4.27,,7.97,1777894223
All Pools,CQK - USDC,0.3,False,0.37272,34.96,,0.97,1777894223
All Pools,CQK - AVAX,0.3,False,0.37266,130.6,,0.26,1777894223
All Pools,BTC.b - IMPACT2,0.3,False,0.37011,1262.48,,0.03,1777894223
All Pools,Gladiator - USDC,0.3,False,0.36666,562.35,,0.06,1777894223
All Pools,COQ - JUICE,0.3,False,0.35002,48.71,,0.66,1777894223
All Pools,Anon - AVAX,0.3,False,0.34749,14.22,,2.23,1777894223
All Pools,USDC - USD+,0.3,False,0.34707,32.73,,0.97,1777894223
All Pools,ABC - AVAX,0.3,False,0.34651,1076.01,,0.03,1777894223
All Pools,AVAX - TOPIA,0.3,False,0.34549,522.47,,0.06,1777894223
All Pools,APIX - LAMBO,0.3,False,0.34158,563.43,,0.06,1777894223
All Pools,USDC - aXEN,0.3,False,0.34123,9.247,,3.37,1777894223
All Pools,IMPACT2 - EURC,0.3,False,0.34049,46.92,,0.66,1777894223
All Pools,BLUB - AVAX,0.3,False,0.33939,17031.0,,0.0,1777894223
All Pools,Gladiator - AMI,0.3,False,0.33302,369.91,,0.08,1777894223
All Pools,CGS - USDC.e,0.3,False,0.33209,158.01,,0.19,1777894223
All Pools,CGS - AVAX,0.3,False,0.33204,65.85,,0.46,1777894223
All Pools,USDC - yyAVAX,0.3,False,0.32055,14.15,,2.07,1777894223
All Pools,FollowTheWhiteRabbit - TheGospelOfMary,0.3,False,0.31619,158.96,,0.18,1777894223
All Pools,KIMBO - CANS,0.3,False,0.30532,389.26,,0.07,1777894223
All Pools,BOI - MU,0.3,False,0.30367,1.336,,20.74,1777894223
All Pools,BRO - COQ,0.3,False,0.30153,208.93,,0.13,1777894223
All Pools,BRO - AVAX,0.3,False,0.30091,140067.0,,,1777894223
All Pools,DFIAT - USDT.e,0.3,False,0.29867,27.98,,0.97,1777894223
All Pools,VEE - USDC,0.3,False,0.2969,32.04,,0.85,1777894223
All Pools,HUSKY - AMI,0.3,False,0.29518,86.26,,0.31,1777894223
All Pools,PTOP900 - TOPIA,0.3,False,0.29008,103.49,,0.26,1777894223
All Pools,SURE - DAI.e,0.3,False,0.2888,27.95,,0.94,1777894223
All Pools,USDC.e - SOL,0.3,False,0.27478,42.02,,0.6,1777894223
All Pools,AVVO - DAI.e,0.3,False,0.27469,39.24,,0.64,1777894223
All Pools,USDT.e - DUO,0.3,False,0.27347,56.99,,0.44,1777894223
All Pools,AVAX - DUO,0.3,False,0.27336,70.24,,0.36,1777894223
All Pools,BUSD - USDC,0.3,False,0.27285,7.729,,3.22,1777894223
All Pools,AVAX - XPOW,0.3,False,0.27277,39.65,,0.63,1777894223
All Pools,COQ - OX,0.3,False,0.26954,12313.0,,0.0,1777894223
All Pools,USDC.e - WISE,0.3,False,0.26387,45.79,,0.53,1777894223
All Pools,AVAX - WISE,0.3,False,0.26383,78.07,,0.31,1777894223
All Pools,BrideOfChrist - FollowTheWhiteRabbit,0.3,False,0.26252,734.86,,0.03,1777894223
All Pools,SLUSH - USDT.e,0.3,False,0.25895,59.68,,0.4,1777894223
All Pools,AVAX - APOW,0.3,False,0.25888,39.21,,0.6,1777894223
All Pools,SLUSH - AVAX,0.3,False,0.25886,58.23,,0.41,1777894223
All Pools,AVAI - AVAX,0.3,False,0.25805,29.06,,0.81,1777894223
All Pools,miMatic - USDC.e,0.3,False,0.25466,23.16,,1.0,1777894223
All Pools,BOI - AMI,0.3,False,0.25394,1.14,,20.33,1777894223
All Pools,AVAT - USDC,0.3,False,0.25233,40.29,,0.57,1777894223
All Pools,AftermathsKobe - AVAX,0.3,False,0.25059,295.96,,0.08,1777894223
All Pools,Psychic - AftermathsKobe,0.3,False,0.25005,323.92,,0.07,1777894223
All Pools,DivineFeminine - Gravity,0.3,False,0.2483,2345.79,,0.01,1777894223
All Pools,MIM - FORT,0.3,False,0.24803,17984.0,,0.0,1777894223
All Pools,AVAX - FORT,0.3,False,0.24801,38.76,,0.58,1777894223
All Pools,USDt - REDWOLF,0.3,False,0.23914,14.97,,1.46,1777894223
All Pools,DFIAT - AVAX,0.3,False,0.23489,7451.38,,0.0,1777894223
All Pools,MaryMagdalene - Gravity,0.3,False,0.23419,133.13,,0.16,1777894223
All Pools,COQ - NOCHILL,0.3,False,0.234,15.23,,1.4,1777894223
All Pools,TOPIA - PTOP800,0.3,False,0.23296,145.84,,0.15,1777894223
All Pools,USDt - MILO,0.3,False,0.23148,16.98,,1.24,1777894223
All Pools,AVAX - MILO,0.3,False,0.23142,1138.58,,0.02,1777894223
All Pools,AI - AVAX,0.3,False,0.22982,4299.43,,0.0,1777894223
All Pools,AVAX - CHAM,0.3,False,0.22682,32.72,,0.63,1777894223
All Pools,YEEHAW - BTC.b,0.3,False,0.22193,128.27,,0.16,1777894223
All Pools,GLOBA - AVAX,0.3,False,0.2194,50.87,,0.39,1777894223
All Pools,TSD - AVAX,0.3,False,0.21912,325.68,,0.06,1777894223
All Pools,VENG - AVAX,0.3,False,0.21857,60.41,,0.33,1777894223
All Pools,FollowTheWhiteRabbit - DivineFeminine,0.3,False,0.21041,684.16,,0.03,1777894223
All Pools,GLOBA - DAI.e,0.3,False,0.21006,52.06,,0.37,1777894223
All Pools,Hopi - AVAX,0.3,False,0.20294,216.94,,0.09,1777894223
All Pools,Hopi - Now,0.3,False,0.2028,720.76,,0.03,1777894223
All Pools,USDT.e - ZABU,0.3,False,0.20131,47.94,,0.38,1777894223
All Pools,AVAX - ELK,0.3,False,0.20046,69.69,,0.26,1777894223
All Pools,MIM - PAPA,0.3,False,0.19942,411.95,,0.04,1777894223
All Pools,PAPA - AVAX,0.3,False,0.19938,30.38,,0.6,1777894223
All Pools,YEEHAW - AVAX,0.3,False,0.1986,31.88,,0.57,1777894223
All Pools,wsOHM - AVAX,0.3,False,0.19592,21.96,,0.81,1777894223
All Pools,USDC - BVAX,0.3,False,0.18614,30.54,,0.56,1777894223
All Pools,MIM - wsOHM,0.3,False,0.18134,1094.84,,0.02,1777894223
All Pools,SUB - USDC,0.3,False,0.18119,13.26,,1.25,1777894223
All Pools,METAG - AVAX,0.3,False,0.18073,24.2,,0.68,1777894223
All Pools,Meaning - AVAX,0.3,False,0.17999,454.18,,0.04,1777894223
All Pools,Psychic - Meaning,0.3,False,0.17966,311.28,,0.05,1777894223
All Pools,- AMI,0.3,False,0.17547,13.19,,1.21,1777894223
All Pools,DéjàVu - Gravity,0.3,False,0.17525,210.0,,0.08,1777894223
All Pools,FollowTheWhiteRabbit - Priory,0.3,False,0.17407,932.01,,0.02,1777894223
All Pools,Priory - AVAX,0.3,False,0.17405,76.87,,0.21,1777894223
All Pools,DivineFeminine - AVAX,0.3,False,0.17288,6.243,,2.53,1777894223
All Pools,DCAU - MIM,0.3,False,0.17214,311.73,,0.05,1777894223
All Pools,Gold - Now,0.3,False,0.16939,905.03,,0.02,1777894223
All Pools,Gold - AVAX,0.3,False,0.16936,88.64,,0.17,1777894223
All Pools,AVAX - SPT,0.3,False,0.16876,16.39,,0.94,1777894223
All Pools,HEFE - AMI,0.3,False,0.16781,1.769,,8.66,1777894223
All Pools,SURE - USDC.e,0.3,False,0.16636,23.53,,0.65,1777894223
All Pools,USDt - DXN,0.3,False,0.16394,215.39,,0.07,1777894223
All Pools,Chemistry - AVAX,0.3,False,0.16337,89.21,,0.17,1777894223
All Pools,AVAT - AVAX,0.3,False,0.16326,21.33,,0.7,1777894223
All Pools,LUNA - LUNA,0.3,False,0.16299,2.494,,5.96,1777894223
All Pools,BrideOfChrist - BLACK,0.3,False,0.16229,33.47,,0.44,1777894223
All Pools,Trinity - Gravity,0.3,False,0.15626,2477.98,,0.01,1777894223
All Pools,LINDA - AVAX,0.3,False,0.1533,2092.76,,0.01,1777894223
All Pools,USDT.e - EXP,0.3,False,0.15189,44253150.0,,,1777894223
All Pools,AVAX - ZABU,0.3,False,0.1518,29.96,,0.46,1777894223
All Pools,USDT - ETH,0.3,False,0.14952,216.8,,0.06,1777894223
All Pools,MIM - USDC,0.3,False,0.14914,76.83,,0.18,1777894223
All Pools,USDt - XPOW,0.3,False,0.1484,20.1,,0.67,1777894223
All Pools,MELT - AVAX,0.3,False,0.14589,24.67,,0.54,1777894223
All Pools,$Crazy - AVAX,0.3,False,0.14483,1008.89,,0.01,1777894223
All Pools,Chemistry - Now,0.3,False,0.14346,909.7,,0.01,1777894223
All Pools,WarpSpeed - AVAX,0.3,False,0.14306,138.9,,0.09,1777894223
All Pools,Gravity - WarpSpeed,0.3,False,0.14303,85.28,,0.15,1777894223
All Pools,AVAX - LuciferMorningstar,0.3,False,0.14281,14.61,,0.89,1777894223
All Pools,TrumpTower - AVAX,0.3,False,0.14213,160.08,,0.08,1777894223
All Pools,TrumpTower - Gravity,0.3,False,0.1421,76.56,,0.17,1777894223
All Pools,AVAX - SDOG,0.3,False,0.1396,10.14,,1.26,1777894223
All Pools,MIM - BLANC,0.3,False,0.135,8373.28,,0.0,1777894223
All Pools,AVAX - BLANC,0.3,False,0.13498,21.75,,0.57,1777894223
All Pools,Matter - AVAX,0.3,False,0.13359,80.47,,0.15,1777894223
All Pools,Orange - Matter,0.3,False,0.13329,9059.83,,0.0,1777894223
All Pools,USDC - APOW,0.3,False,0.13106,20.09,,0.6,1777894223
All Pools,NOCHILL - KET,0.3,False,0.12866,16.34,,0.72,1777894223
All Pools,WLRS - USDC.e,0.3,False,0.12838,4524.55,,0.0,1777894223
All Pools,USDt - APOW,0.3,False,0.12784,20.08,,0.58,1777894223
All Pools,USDC - XPOW,0.3,False,0.12444,20.15,,0.56,1777894223
All Pools,TOMB - USDC,0.3,False,0.12333,10.59,,1.06,1777894223
All Pools,ElvisJackpot - BLACK,0.3,False,0.12213,17.93,,0.62,1777894223
All Pools,FLAKE - USDT.e,0.3,False,0.12095,50.54,,0.22,1777894223
All Pools,FLAKE - AVAX,0.3,False,0.12091,21.18,,0.52,1777894223
All Pools,AVAX - SNOB,0.3,False,0.12044,965.93,,0.01,1777894223
All Pools,YETI - AVAX,0.3,False,0.12008,3297.87,,0.0,1777894223
All Pools,miMatic - AVAX,0.3,False,0.1169,36.5,,0.29,1777894223
All Pools,AVAX - GAU,0.3,False,0.11419,9.117,,1.14,1777894223
All Pools,Beyond - AVAX,0.3,False,0.114,89.59,,0.12,1777894223
All Pools,Beyond - Orange,0.3,False,0.11378,4470.57,,0.0,1777894223
All Pools,REDWOLF - SOL,0.3,False,0.11161,75.19,,0.14,1777894223
All Pools,Solar - AVAX,0.3,False,0.10994,89.42,,0.11,1777894223
All Pools,Solar - Now,0.3,False,0.10987,912.88,,0.01,1777894223
All Pools,LIBRE - USDC.e,0.3,False,0.1089,14.88,,0.67,1777894223
All Pools,VELAI - AVAX,0.3,False,0.10813,0.32417,,30.44,1777894223
All Pools,RPEPE - AVAX,0.3,False,0.10797,6321.66,,0.0,1777894223
All Pools,METAG - USDt,0.3,False,0.10757,15.99,,0.61,1777894223
All Pools,Psychic - DéjàVu,0.3,False,0.1071,196.24,,0.05,1777894223
All Pools,COQ - BOOTY,0.3,False,0.10331,10.51,,0.9,1777894223
All Pools,XAUt0 - ElvisJackpot,0.3,False,0.10152,329.53,,0.03,1777894223
All Pools,Jjj - AVAX,0.3,False,0.10047,291.82,,0.03,1777894223
All Pools,Psychic - Jjj,0.3,False,0.10029,319.18,,0.03,1777894223
All Pools,Christmas - Merovingian,0.3,False,0.09712,118.19,,0.07,1777894223
All Pools,Christmas - AVAX,0.3,False,0.09709,249.74,,0.04,1777894223
All Pools,Now - Merovingian,0.3,False,0.09665,70.2,,0.13,1777894223
All Pools,Xmas - AVAX,0.3,False,0.09586,274.6,,0.03,1777894223
All Pools,Psychic - Xmas,0.3,False,0.09565,299.86,,0.03,1777894223
All Pools,JPYC - USDC.e,0.3,False,0.09463,4.803,,1.8,1777894223
All Pools,UST - USDC,0.3,False,0.0936,4.457,,1.92,1777894223
All Pools,ALOT - USDC.e,0.3,False,0.09312,9.247,,0.92,1777894223
All Pools,MAJIN - MU,0.3,False,0.09197,4.443,,1.89,1777894223
All Pools,Ducks - AVAX,0.3,False,0.09195,291.23,,0.03,1777894223
All Pools,YEEHAW - USDC,0.3,False,0.09192,12.76,,0.66,1777894223
All Pools,AVAX - STRAW,0.3,False,0.09191,15.66,,0.54,1777894223
All Pools,Psychic - Ducks,0.3,False,0.09178,318.78,,0.03,1777894223
All Pools,MELT - USDT.e,0.3,False,0.09123,30.69,,0.27,1777894223
All Pools,KRW - AVAX,0.3,False,0.09109,457.63,,0.02,1777894223
All Pools,JOE - KRW,0.3,False,0.09099,238.79,,0.03,1777894223
All Pools,JOE - ZABU,0.3,False,0.09038,18.37,,0.45,1777894223
All Pools,Trinity - LadyMary,0.3,False,0.09006,11267.0,,,1777894223
All Pools,MIM - GRAPE,0.3,False,0.08861,2414.86,,0.0,1777894223
All Pools,WLRS - GRAPE,0.3,False,0.08859,78.49,,0.1,1777894223
All Pools,DAI.e - STRAW,0.3,False,0.08796,34.09,,0.24,1777894223
All Pools,Gil - AVAX,0.3,False,0.08705,17.01,,0.47,1777894223
All Pools,HUSKY - MUG,0.3,False,0.08522,24.38,,0.32,1777894223
All Pools,SLIME - AVAX,0.3,False,0.08486,21518.0,,,1777894223
All Pools,SLIME - USDt,0.3,False,0.08485,7.316,,1.06,1777894223
All Pools,AVAX - MeaningOfNumbers,0.3,False,0.08388,291.46,,0.03,1777894223
All Pools,GAS - AVAX,0.3,False,0.08385,228.6,,0.03,1777894223
All Pools,Psychic - MeaningOfNumbers,0.3,False,0.08373,319.12,,0.02,1777894223
All Pools,BTC.b - USDC,0.3,False,0.08339,4.676,,1.63,1777894223
All Pools,Gil - DAI.e,0.3,False,0.08329,28.34,,0.27,1777894223
All Pools,aAvaLINK - AVAX,0.3,False,0.08291,9.506,,0.8,1777894223
All Pools,LINK.e - MU,0.3,False,0.08279,7.542,,1.0,1777894223
All Pools,USDt - NEMO,0.3,False,0.08239,96.24,,0.08,1777894223
All Pools,AVAX - NEMO,0.3,False,0.08238,7.743,,0.97,1777894223
All Pools,PTOP1300 - TOPIA,0.3,False,0.08188,96.25,,0.08,1777894223
All Pools,MAJIN - REDWOLF,0.3,False,0.08118,7.083,,1.05,1777894223
All Pools,AVAX - Prometheus,0.3,False,0.08028,284.81,,0.03,1777894223
All Pools,Psychic - Prometheus,0.3,False,0.08012,310.39,,0.02,1777894223
All Pools,CNR - USDC,0.3,False,0.07978,4.832,,1.51,1777894223
All Pools,BANKSY - USDC.e,0.3,False,0.07816,31.22,,0.23,1777894223
All Pools,BANKSY - AVAX,0.3,False,0.07814,23.2,,0.31,1777894223
All Pools,TECH - OX,0.3,False,0.07656,4907.46,,0.0,1777894223
All Pools,HEFE - HIGHER,0.3,False,0.07647,0.88544,,7.88,1777894223
All Pools,WINK - NOCHILL,0.3,False,0.07526,0.90008,,7.63,1777894223
All Pools,MEOW - AVAX,0.3,False,0.07519,10442.0,,,1777894223
All Pools,MaryMagdalene - BrideOfChrist,0.3,False,0.07492,120.94,,0.06,1777894223
All Pools,USDT.e - XAVA,0.3,False,0.07489,11.28,,0.61,1777894223
All Pools,BTC.b - MU,0.3,False,0.07421,11.34,,0.6,1777894223
All Pools,METAG - USDT.e,0.3,False,0.07317,49.18,,0.14,1777894223
All Pools,TruthClosure - BLACK,0.3,False,0.07212,26.0,,0.25,1777894223
All Pools,meGNX - AVAX,0.3,False,0.07144,17.5,,0.37,1777894223
All Pools,HIGHER - AVAX,0.3,False,0.07129,1.845,,3.53,1777894223
All Pools,WBTC.e - REDWOLF,0.3,False,0.07087,59.32,,0.11,1777894223
All Pools,COQ - AMI,0.3,False,0.07008,14.17,,0.45,1777894223
All Pools,Psychic - Stolen,0.3,False,0.06993,85.08,,0.08,1777894223
All Pools,AVAX - Nala,0.3,False,0.0691,25.66,,0.25,1777894223
All Pools,AVAX - BLACK,0.3,False,0.06864,6.069,,1.03,1777894223
All Pools,Mungo - AVAX,0.3,False,0.06843,41.12,,0.15,1777894223
All Pools,DéjàVu - Mungo,0.3,False,0.06835,184.23,,0.03,1777894223
All Pools,bECH - AVAX,0.3,False,0.06724,21.49,,0.29,1777894223
All Pools,MIM - AUSD,0.3,False,0.0661,34.94,,0.17,1777894223
All Pools,WDAO - MIM,0.3,False,0.06606,23.39,,0.26,1777894223
All Pools,WDAO - AVAX,0.3,False,0.06604,19.54,,0.31,1777894223
All Pools,UNIQOC - COQ,0.3,False,0.0641,54.69,,0.11,1777894223
All Pools,UNIQOC - AVAX,0.3,False,0.06395,1136.06,,0.01,1777894223
All Pools,SOB - LUNA,0.3,False,0.06387,1.339,,4.35,1777894223
All Pools,FITFI - USDC,0.3,False,0.06307,0.44794,,12.85,1777894223
All Pools,RoselineBloodline - AVAX,0.3,False,0.06221,44.08,,0.13,1777894223
All Pools,FollowTheWhiteRabbit - RoselineBloodline,0.3,False,0.06214,41.49,,0.14,1777894223
All Pools,Light - AVAX,0.3,False,0.06184,89.57,,0.06,1777894223
All Pools,USDC - AMI,0.3,False,0.06178,0.66873,,8.43,1777894223
All Pools,Light - Now,0.3,False,0.0617,914.43,,0.01,1777894223
All Pools,CNR - USDt,0.3,False,0.06005,4.848,,1.13,1777894223
All Pools,MIM - GG,0.3,False,0.05859,291.71,,0.02,1777894223
All Pools,AVAX - GG,0.3,False,0.05858,9.397,,0.57,1777894223
All Pools,MIM - SPELL,0.3,False,0.05845,7.554,,0.71,1777894223
All Pools,wMEMO - MIM,0.3,False,0.05757,20.57,,0.26,1777894223
All Pools,Gravity - TheGospelOfMary,0.3,False,0.05701,34.32,,0.15,1777894223
All Pools,Chrism - ChristMark,0.3,False,0.05587,181.85,,0.03,1777894223
All Pools,MIM - GG,0.3,False,0.05562,23.35,,0.22,1777894223
All Pools,GG - AVAX,0.3,False,0.05561,12.28,,0.41,1777894223
All Pools,Gravity - NaughtiusMaximus,0.3,False,0.05498,5.068,,0.99,1777894223
All Pools,MELT - USDC.e,0.3,False,0.05469,31.01,,0.16,1777894223
All Pools,HEFE - Always,0.3,False,0.05398,0.86792,,5.67,1777894223
All Pools,wsOHM - USDC.e,0.3,False,0.05364,42.26,,0.12,1777894223
All Pools,Stolen - AVAX,0.3,False,0.05342,17.62,,0.28,1777894223
All Pools,COQ - OSAK,0.3,False,0.05278,37.15,,0.13,1777894223
All Pools,OSAK - AVAX,0.3,False,0.05266,6178.56,,,1777894223
All Pools,AVAX - LYLY,0.3,False,0.05256,71.93,,0.07,1777894223
All Pools,AMI - JUICY,0.3,False,0.05198,0.92501,,5.13,1777894223
All Pools,Sanskrit - AVAX,0.3,False,0.05151,89.67,,0.05,1777894223
All Pools,NOCHILL - AMI,0.3,False,0.0514,6.029,,0.78,1777894223
All Pools,Sanskrit - Now,0.3,False,0.0514,915.64,,0.01,1777894223
All Pools,MIM - DAI.e,0.3,False,0.05118,52.24,,0.09,1777894223
All Pools,CommieSukey - AVAX,0.3,False,0.05112,292.41,,0.02,1777894223
All Pools,Psychic - CommieSukey,0.3,False,0.05102,319.11,,0.01,1777894223
All Pools,DUO - USDT.e,0.3,False,0.0507,7.274,,0.64,1777894223
All Pools,wMEMO - AVAX,0.3,False,0.05005,13.67,,0.33,1777894223
All Pools,USDR - USDC,0.3,False,0.04942,40.67,,0.11,1777894223
All Pools,AVAX - Mentor,0.3,False,0.0494,89.27,,0.05,1777894223
All Pools,Now - Mentor,0.3,False,0.04934,912.02,,0.0,1777894223
All Pools,TruthClosure - AVAX,0.3,False,0.04899,11.56,,0.39,1777894223
All Pools,JOE - ZUBAX,0.3,False,0.04876,9.091,,0.49,1777894223
All Pools,MPL - USDt,0.3,False,0.04844,30.55,,0.14,1777894223
All Pools,MPL - AVAX,0.3,False,0.04842,6.126,,0.72,1777894223
All Pools,AVAX - RedFolder,0.3,False,0.04801,291.2,,0.02,1777894223
All Pools,Psychic - RedFolder,0.3,False,0.04792,318.03,,0.01,1777894223
All Pools,USDC.e - WOLF,0.3,False,0.04738,8.766,,0.49,1777894223
All Pools,AVAX - WOLF,0.3,False,0.04737,73.72,,0.06,1777894223
All Pools,Silver - AVAX,0.3,False,0.04712,88.13,,0.05,1777894223
All Pools,Silver - Now,0.3,False,0.04703,916.04,,0.0,1777894223
All Pools,WINK - MU,0.3,False,0.04664,0.47296,,9.0,1777894223
All Pools,LoveIsTheKey - AVAX,0.3,False,0.04608,14.96,,0.28,1777894223
All Pools,Uncontractable - AVAX,0.3,False,0.04578,87.83,,0.05,1777894223
All Pools,Uncontractable - Now,0.3,False,0.04572,892.05,,0.0,1777894223
All Pools,MIM - NADO,0.3,False,0.04556,1162.92,,0.0,1777894223
All Pools,AVAX - NADO,0.3,False,0.04555,7.732,,0.54,1777894223
All Pools,KLO - USDT.e,0.3,False,0.04473,5.599,,0.73,1777894223
All Pools,AVAX - All,0.3,False,0.04472,293.23,,0.01,1777894223
All Pools,Psychic - All,0.3,False,0.04464,318.67,,0.01,1777894223
All Pools,Trinity - Nala,0.3,False,0.04388,40.99,,0.1,1777894223
All Pools,WBTC.e - USDC.e,0.3,False,0.04361,8.995,,0.44,1777894223
All Pools,MIM - LIFE,0.3,False,0.04345,66.88,,0.06,1777894223
All Pools,LIFE - AVAX,0.3,False,0.04345,7.209,,0.55,1777894223
All Pools,Psychic - Chrism,0.3,False,0.04345,62.69,,0.06,1777894223
All Pools,USDT.e - TMT,0.3,False,0.04322,25.99,,0.15,1777894223
All Pools,AVAX - TMT,0.3,False,0.04321,7.068,,0.56,1777894223
All Pools,MELT - USDC.e,0.3,False,0.04269,7.02,,0.55,1777894223
All Pools,MELT - AVAX,0.3,False,0.04268,1130.11,,0.0,1777894223
All Pools,COQ - JUICY,0.3,False,0.0423,0.71183,,5.42,1777894223
All Pools,AVAX - Wej,0.3,False,0.04226,291.43,,0.01,1777894223
All Pools,Psychic - Wej,0.3,False,0.04218,318.01,,0.01,1777894223
All Pools,Apollyon - AVAX,0.3,False,0.04211,36.38,,0.11,1777894223
All Pools,Apollyon - LuciferMorningstar,0.3,False,0.04206,235196665.0,,,1777894223
All Pools,Blue - AVAX,0.3,False,0.04106,261.79,,0.01,1777894223
All Pools,MIM - SBR,0.3,False,0.04103,39.61,,0.09,1777894223
All Pools,SBR - AVAX,0.3,False,0.04102,7.27,,0.51,1777894223
All Pools,Trinity - Stolen,0.3,False,0.04098,29.81,,0.13,1777894223
All Pools,ICUBE - USDT.e,0.3,False,0.04063,107.94,,0.03,1777894223
All Pools,ICUBE - AVAX,0.3,False,0.04061,6.333,,0.59,1777894223
All Pools,gOHM - wsOHM,0.3,False,0.04012,37.71,,0.1,1777894223
All Pools,BNB - AVAX,0.3,False,0.04007,4083.1,,,1777894223
All Pools,aAvaLINK - meGNX,0.3,False,0.03978,10.51,,0.35,1777894223
All Pools,LoveYou - Gravity,0.3,False,0.03873,57.21,,0.06,1777894223
All Pools,LoveYou - AVAX,0.3,False,0.03873,61.56,,0.06,1777894223
All Pools,Necromancer - AVAX,0.3,False,0.03845,89.54,,0.04,1777894223
All Pools,Now - Necromancer,0.3,False,0.03837,914.36,,0.0,1777894223
All Pools,USDC - MXNB,0.3,False,0.03766,27.43,,0.13,1777894223
All Pools,RUGPULL - MUG,0.3,False,0.03764,185.53,,0.02,1777894223
All Pools,FollowTheWhiteRabbit - StatueOfLiberty,0.3,False,0.03761,511.08,,0.01,1777894223
All Pools,StatueOfLiberty - AVAX,0.3,False,0.0376,14.7,,0.23,1777894223
All Pools,AMI - TOPIA,0.3,False,0.03758,221.86,,0.02,1777894223
All Pools,BNZ - WINK,0.3,False,0.03734,0.43455,,7.84,1777894223
All Pools,USDC - WSPP,0.3,False,0.03726,43.76,,0.08,1777894223
All Pools,AVAX - WSPP,0.3,False,0.03725,2.962,,1.15,1777894223
All Pools,BENIS - NOCHILL,0.3,False,0.03689,4.895,,0.69,1777894223
All Pools,Gravity - ChristMark,0.3,False,0.0363,15.6,,0.21,1777894223
All Pools,Void - AVAX,0.3,False,0.0361,87.89,,0.04,1777894223
All Pools,SURE - AVAX,0.3,False,0.03608,7.113,,0.46,1777894223
All Pools,Void - Now,0.3,False,0.03603,917.5,,0.0,1777894223
All Pools,USDT.e - BOREA,0.3,False,0.03567,26.46,,0.12,1777894223
All Pools,ArniStitch - AVAX,0.3,False,0.03565,290.75,,0.01,1777894223
All Pools,AVAX - BOREA,0.3,False,0.03564,6.646,,0.49,1777894223
All Pools,Psychic - ArniStitch,0.3,False,0.03559,318.24,,0.01,1777894223
All Pools,Four - AVAX,0.3,False,0.03542,74.28,,0.04,1777894223
All Pools,Yellow - BLACK,0.3,False,0.03537,4.862,,0.66,1777894223
All Pools,Hydrogen - AVAX,0.3,False,0.0351,261.74,,0.01,1777894223
All Pools,REDWOLF - SHRAP,0.3,False,0.03458,1.146,,2.75,1777894223
All Pools,DrainTheSwamp - AVAX,0.3,False,0.03457,37.46,,0.08,1777894223
All Pools,FITFI - USDC.e,0.3,False,0.03453,0.24142,,13.05,1777894223
All Pools,QI - LYLY,0.3,False,0.03447,2.707,,1.16,1777894223
All Pools,Chrism - BLACK,0.3,False,0.03389,2.409,,1.28,1777894223
All Pools,AVAX - MUG,0.3,False,0.03365,353.59,,0.01,1777894223
All Pools,ELE - AVAX,0.3,False,0.03337,122.8,,0.02,1777894223
All Pools,OH - AVAX,0.3,False,0.03315,93.39,,0.03,1777894223
All Pools,Blue - BLACK,0.3,False,0.03305,4.88,,0.62,1777894223
All Pools,Who - BLACK,0.3,False,0.03296,4.827,,0.62,1777894223
All Pools,Hydrogen - BLACK,0.3,False,0.03253,4.877,,0.61,1777894223
All Pools,LoveIsTheKey - BLACK,0.3,False,0.03218,7.973,,0.37,1777894223
All Pools,Stolen - BLACK,0.3,False,0.03202,5.43,,0.54,1777894223
All Pools,Go - BLACK,0.3,False,0.03195,4.825,,0.6,1777894223
All Pools,Go - AVAX,0.3,False,0.03194,139.39,,0.02,1777894223
All Pools,GOOD - GAINS,0.3,False,0.03192,3.741,,0.78,1777894223
All Pools,GOOD - AVAX,0.3,False,0.03177,152.63,,0.02,1777894223
All Pools,NineHundred - BLACK,0.3,False,0.03143,4.855,,0.59,1777894223
All Pools,ACS - USDC.e,0.3,False,0.03138,5.324,,0.54,1777894223
All Pools,RUG - USDT.e,0.3,False,0.03129,14.74,,0.19,1777894223
All Pools,Strength - BLACK,0.3,False,0.03105,4.831,,0.59,1777894223
All Pools,AVAX - Strength,0.3,False,0.03104,140.36,,0.02,1777894223
All Pools,wALGO - AVAX,0.3,False,0.03096,161.07,,0.02,1777894223
All Pools,wALGO - USDC,0.3,False,0.03095,2.81,,1.01,1777894223
All Pools,ORNG - JUICE,0.3,False,0.03085,2.765,,1.02,1777894223
All Pools,UST - UST,0.3,False,0.03078,1.872,,1.5,1777894223
All Pools,Milk - USDT.e,0.3,False,0.02966,14.43,,0.19,1777894223
All Pools,Milk - AVAX,0.3,False,0.02964,6.611,,0.41,1777894223
All Pools,AVAX - BlackAndGold,0.3,False,0.02962,292.93,,0.01,1777894223
All Pools,Psychic - BlackAndGold,0.3,False,0.02957,318.54,,0.01,1777894223
All Pools,LIRA - AVAX,0.3,False,0.02893,13.12,,0.2,1777894223
All Pools,AVAX - Propriety,0.3,False,0.02874,89.43,,0.03,1777894223
All Pools,Now - Propriety,0.3,False,0.02869,915.07,,0.0,1777894223
All Pools,BTC.b - GMX,0.3,False,0.0284,1.552,,1.67,1777894223
All Pools,USDT.e - GOT,0.3,False,0.02805,12.83,,0.2,1777894223
All Pools,AVAX - GOT,0.3,False,0.02804,5.232,,0.49,1777894223
All Pools,NaughtiusMaximus - Seventeen,0.3,False,0.02793,856.47,,0.0,1777894223
All Pools,BLACK - SantaGospel,0.3,False,0.02785,4.811,,0.53,1777894223
All Pools,AVAX - SantaGospel,0.3,False,0.02784,133.68,,0.02,1777894223
All Pools,AVAX - √Root,0.3,False,0.02762,89.62,,0.03,1777894223
All Pools,Now - √Root,0.3,False,0.02757,914.99,,0.0,1777894223
All Pools,SMRT - XAVA,0.3,False,0.02755,2.868,,0.88,1777894223
All Pools,AAVE.e - meGNX,0.3,False,0.02688,4.03,,0.61,1777894223
All Pools,KOVIN - AVAX,0.3,False,0.02667,3173.45,,,1777894223
All Pools,USDC.e - SPADE,0.3,False,0.02656,16.14,,0.15,1777894223
All Pools,AVAX - SPADE,0.3,False,0.02655,6.033,,0.4,1777894223
All Pools,3ULL - AVAX,0.3,False,0.02651,47.15,,0.05,1777894223
All Pools,AVAX - IMPACT,0.3,False,0.02648,6.217,,0.39,1777894223
All Pools,KrisKringle - Gravity,0.3,False,0.02626,77.95,,0.03,1777894223
All Pools,KrisKringle - AVAX,0.3,False,0.02625,26.03,,0.09,1777894223
All Pools,Yellow - AVAX,0.3,False,0.02607,264.0,,0.01,1777894223
All Pools,Trinity - Sinterklaas,0.3,False,0.02607,26.13,,0.09,1777894223
All Pools,AVAX - Sinterklaas,0.3,False,0.02607,139.05,,0.02,1777894223
All Pools,Orange - BLACK,0.3,False,0.02552,4.137,,0.56,1777894223
All Pools,Who - AVAX,0.3,False,0.02551,139.18,,0.02,1777894223
All Pools,Psychic - Nala,0.3,False,0.02528,267.34,,0.01,1777894223
All Pools,Gravity - HustleTappers,0.3,False,0.02526,24.08,,0.1,1777894223
All Pools,AVAX - HustleTappers,0.3,False,0.02525,55.32,,0.04,1777894223
All Pools,USDT.e - AVVO,0.3,False,0.02518,4.017,,0.57,1777894223
All Pools,USDt - IMPACT,0.3,False,0.02489,3.333,,0.68,1777894223
All Pools,WETH.e - USDR,0.3,False,0.02466,2.775,,0.81,1777894223
All Pools,NineHundred - AVAX,0.3,False,0.02455,139.87,,0.02,1777894223
All Pools,XIO - USDC,0.3,False,0.02451,24.35,,0.09,1777894223
All Pools,XIO - AVAX,0.3,False,0.02451,2.79,,0.8,1777894223
All Pools,AAVE.e - USDT.e,0.3,False,0.02414,2.586,,0.85,1777894223
All Pools,NOCHILL - REDWOLF,0.3,False,0.02413,3.492,,0.63,1777894223
All Pools,AVAX - Ouroboros,0.3,False,0.02387,21.63,,0.1,1777894223
All Pools,WhollySphere - Gravity,0.3,False,0.02358,22.97,,0.09,1777894223
All Pools,WhollySphere - AVAX,0.3,False,0.02357,50.56,,0.04,1777894223
All Pools,WOLF - USDT.e,0.3,False,0.02357,4.059,,0.53,1777894223
All Pools,WOLF - AVAX,0.3,False,0.02356,70.23,,0.03,1777894223
All Pools,SOB - AVAX,0.3,False,0.02352,554.85,,0.0,1777894223
All Pools,Gravity - McdonaldTrouped,0.3,False,0.02344,22.95,,0.09,1777894223
All Pools,McdonaldTrouped - AVAX,0.3,False,0.02343,50.48,,0.04,1777894223
All Pools,QI - REDWOLF,0.3,False,0.02334,1.576,,1.35,1777894223
All Pools,Wingdings - Gravity,0.3,False,0.02318,21.94,,0.1,1777894223
All Pools,Wingdings - AVAX,0.3,False,0.02318,50.63,,0.04,1777894223
All Pools,FollowTheWhiteRabbit - TruthClosure,0.3,False,0.02314,45.84,,0.05,1777894223
All Pools,AVAX - USDR,0.3,False,0.02304,2.947,,0.71,1777894223
All Pools,AVAX - Teste,0.3,False,0.02274,88.76,,0.02,1777894223
All Pools,Now - Teste,0.3,False,0.0227,917.82,,0.0,1777894223
All Pools,DrainTheSwamp - Gravity,0.3,False,0.02254,22.63,,0.09,1777894223
All Pools,USDC.e - RUG,0.3,False,0.02228,24.86,,0.08,1777894223
All Pools,PNG - REDWOLF,0.3,False,0.02223,4.273,,0.47,1777894223
All Pools,ARENA - MU,0.3,False,0.02193,3.315,,0.6,1777894223
All Pools,BSGG - AVAX,0.3,False,0.02156,3.84,,0.51,1777894223
All Pools,HIGHER - AMI,0.3,False,0.02147,3.287,,0.6,1777894223
All Pools,GMX - USDC,0.3,False,0.02101,0.90517,,2.12,1777894223
All Pools,MerryXmas - AVAX,0.3,False,0.0209,268.1,,0.01,1777894223
All Pools,Psychic - MerryXmas,0.3,False,0.02087,292.61,,0.01,1777894223
All Pools,AVAX - Always,0.3,False,0.0208,0.59149,,3.21,1777894223
All Pools,3ULL - USDt,0.3,False,0.02032,2.515,,0.74,1777894223
All Pools,CodexKennyMin - AVAX,0.3,False,0.02023,24.91,,0.07,1777894223
All Pools,XOMB - USDT.e,0.3,False,0.02023,2.415,,0.76,1777894223
All Pools,CodexKennyMin - FollowTheWhiteRabbit,0.3,False,0.02023,21.95,,0.08,1777894223
All Pools,Psychic - Blue,0.3,False,0.02022,81.53,,0.02,1777894223
All Pools,XOMB - AVAX,0.3,False,0.02022,21.38,,0.09,1777894223
All Pools,ARA - AVAX,0.3,False,0.02021,2.832,,0.65,1777894223
All Pools,BGLD - USDT.e,0.3,False,0.02019,16.93,,0.11,1777894223
All Pools,BGLD - AVAX,0.3,False,0.02019,4.356,,0.42,1777894223
All Pools,AVAX - SwiftTaylor,0.3,False,0.01992,14.62,,0.12,1777894223
All Pools,CNR - AVAX,0.3,False,0.01989,61.43,,0.03,1777894223
All Pools,FatherChristmas - AVAX,0.3,False,0.01983,53.42,,0.03,1777894223
All Pools,FatherChristmas - Gravity,0.3,False,0.01979,21.89,,0.08,1777894223
All Pools,Satoshi - Gravity,0.3,False,0.01975,55.09,,0.03,1777894223
All Pools,Satoshi - AVAX,0.3,False,0.01974,19.05,,0.09,1777894223
All Pools,MUMO - USDC,0.3,False,0.01967,8.281,,0.22,1777894223
All Pools,Gravity - Vaccinations,0.3,False,0.01963,61.86,,0.03,1777894223
All Pools,AVAX - Vaccinations,0.3,False,0.01963,18.31,,0.1,1777894223
All Pools,Gravity - Nakamoto,0.3,False,0.01954,62.02,,0.03,1777894223
All Pools,Nakamoto - AVAX,0.3,False,0.01954,18.31,,0.1,1777894223
All Pools,ZUM - NOCHILL,0.3,False,0.01945,1.243,,1.43,1777894223
All Pools,COQ - KOVIN,0.3,False,0.01937,12.98,,0.14,1777894223
All Pools,WETH.e - yyAVAX,0.3,False,0.0192,19.23,,0.09,1777894223
All Pools,MerryChristmas - Gravity,0.3,False,0.01913,62.07,,0.03,1777894223
All Pools,MerryChristmas - AVAX,0.3,False,0.01913,18.35,,0.1,1777894223
All Pools,BTC.b - MUMO,0.3,False,0.0191,4.821,,0.36,1777894223
All Pools,KIWI - USDt,0.3,False,0.01819,20.35,,0.08,1777894223
All Pools,COQ - LYLY,0.3,False,0.01807,15.28,,0.11,1777894223
All Pools,QI - USDC.e,0.3,False,0.01783,0.80912,,2.01,1777894223
All Pools,Four - Found,0.3,False,0.01773,1847.7,,,1777894223
All Pools,USDT.e - iBONE,0.3,False,0.01746,4.815,,0.33,1777894223
All Pools,AVAX - iBONE,0.3,False,0.01746,5.406,,0.29,1777894223
All Pools,ILoveYouWordSpell - AVAX,0.3,False,0.01745,18.18,,0.09,1777894223
All Pools,ILoveYouWordSpell - Gravity,0.3,False,0.01744,102.29,,0.02,1777894223
All Pools,SodomAndGomorrah - AVAX,0.3,False,0.01741,19.18,,0.08,1777894223
All Pools,Trinity - SodomAndGomorrah,0.3,False,0.0174,22.69,,0.07,1777894223
All Pools,WalkTheWalkNowJesus - Gravity,0.3,False,0.01719,25.44,,0.06,1777894223
All Pools,WalkTheWalkNowJesus - AVAX,0.3,False,0.01719,24.74,,0.06,1777894223
All Pools,COQ - MU,0.3,False,0.01711,4.575,,0.34,1777894223
All Pools,GRELF[ava] - AVAX,0.3,False,0.01701,1151.6,,0.0,1777894223
All Pools,Psychic - Hydrogen,0.3,False,0.0165,81.87,,0.02,1777894223
All Pools,COQ - REDWOLF,0.3,False,0.01647,12.39,,0.12,1777894223
All Pools,AVAX - LookingGlass,0.3,False,0.01639,16.19,,0.09,1777894223
All Pools,HCT - AVAX,0.3,False,0.01636,3.363,,0.44,1777894223
All Pools,Gravity - LookingGlass,0.3,False,0.01635,184.55,,0.01,1777894223
All Pools,KOKSAL - USDC,0.3,False,0.0163,4.74,,0.31,1777894223
All Pools,KOKSAL - AVAX,0.3,False,0.01629,3.5,,0.42,1777894223
All Pools,REDWOLF - ODDZ,0.3,False,0.0162,1.54,,0.96,1777894223
All Pools,ZH - JOE,0.3,False,0.01619,2.819,,0.52,1777894223
All Pools,ZH - USDC.e,0.3,False,0.01619,22.93,,0.06,1777894223
All Pools,JOE - QI,0.3,False,0.01618,0.93959,,1.57,1777894223
All Pools,AVAX - TT,0.3,False,0.0161,1.923,,0.76,1777894223
All Pools,Trinity - FourFourFour,0.3,False,0.01607,4.971,,0.29,1777894223
All Pools,WOLF - AVAX,0.3,False,0.01578,43338.0,,,1777894223
All Pools,Trinity - Yeshua,0.3,False,0.01563,34.61,,0.04,1777894223
All Pools,AVAX - Yeshua,0.3,False,0.01562,29.27,,0.05,1777894223
All Pools,WOLF - MU,0.3,False,0.01522,5.184,,0.27,1777894223
All Pools,DUA - USDC,0.3,False,0.01494,11.52,,0.12,1777894223
All Pools,AVAX - DUA,0.3,False,0.01494,2.056,,0.66,1777894223
All Pools,GAINS - COQ,0.3,False,0.01472,2.012,,0.67,1777894223
All Pools,GAINS - BOBS,0.3,False,0.01456,2.221,,0.6,1777894223
All Pools,AVAX - BOBS,0.3,False,0.01451,5455.47,,,1777894223
All Pools,NOCHILL - WAIFU,0.3,False,0.01443,160.1,,0.01,1777894223
All Pools,SUB - AVAX,0.3,False,0.01422,20.64,,0.06,1777894223
All Pools,Yule - Seventeen,0.3,False,0.01393,272.75,,0.0,1777894223
All Pools,LoveIsTheKey - FollowTheWhiteRabbit,0.3,False,0.01391,64.8,,0.02,1777894223
All Pools,AVAX - Wormwood,0.3,False,0.0138,17.02,,0.07,1777894223
All Pools,Gravity - Wormwood,0.3,False,0.0138,15.4,,0.08,1777894223
All Pools,AVAX - SantaClaus,0.3,False,0.01372,24.64,,0.05,1777894223
All Pools,Gravity - SantaClaus,0.3,False,0.01371,11.9,,0.11,1777894223
All Pools,AVAX - LoveWins,0.3,False,0.01352,7.769,,0.16,1777894223
All Pools,FollowTheWhiteRabbit - LoveWins,0.3,False,0.01352,151.86,,0.01,1777894223
All Pools,USDC.e - UST,0.3,False,0.01338,1.726,,0.71,1777894223
All Pools,XAVA - HON,0.3,False,0.01336,1.864,,0.65,1777894223
All Pools,MIM - RUG,0.3,False,0.01335,22.86,,0.05,1777894223
All Pools,GURS - NOCHILL,0.3,False,0.01332,1.955,,0.62,1777894223
All Pools,Gravity - Ouroboros,0.3,False,0.01324,30.47,,0.04,1777894223
All Pools,AVAX - ETH,0.3,False,0.01321,16.61,,0.07,1777894223
All Pools,aDXN - AVAX,0.3,False,0.0131,3.657,,0.33,1777894223
All Pools,ChristMark - ChristIAmYou,0.3,False,0.01294,26.53,,0.04,1777894223
All Pools,Trinity - SwiftTaylor,0.3,False,0.01292,17.72,,0.07,1777894223
All Pools,WETH.e - MU,0.3,False,0.01286,2.06,,0.57,1777894223
All Pools,TokenZ - USDC,0.3,False,0.01272,3.765,,0.31,1777894223
All Pools,TokenZ - AVAX,0.3,False,0.01271,2.383,,0.49,1777894223
All Pools,AVAX - GrinchKidAfflict,0.3,False,0.01267,43.2,,0.03,1777894223
All Pools,ValentinMidwifes - Gravity,0.3,False,0.01267,39.06,,0.03,1777894223
All Pools,Gravity - GrinchKidAfflict,0.3,False,0.01266,9.14,,0.13,1777894223
All Pools,GAINS - Degen,0.3,False,0.01254,2.008,,0.57,1777894223
All Pools,Degen - AVAX,0.3,False,0.0125,1994.07,,,1777894223
All Pools,USDC - COSMIC,0.3,False,0.01249,54.19,,0.02,1777894223
All Pools,AVAX - COSMIC,0.3,False,0.01248,1.243,,0.92,1777894223
All Pools,NOCHILL - MU,0.3,False,0.01225,2.162,,0.52,1777894223
All Pools,TRYB - USDC.e,0.3,False,0.01221,31.43,,0.04,1777894223
All Pools,AVAX - LODE,0.3,False,0.01208,1.023,,1.08,1777894223
All Pools,DrainTheSwamp - FollowTheWhiteRabbit,0.3,False,0.01203,11.02,,0.1,1777894223
All Pools,AVAX - BAVA,0.3,False,0.01171,11.49,,0.09,1777894223
All Pools,WETH.e - STATIK,0.3,False,0.0115,1.362,,0.77,1777894223
All Pools,AVAX - MUG,0.3,False,0.01145,1.211,,0.86,1777894223
All Pools,AVAX - QUASI,0.3,False,0.01123,585.66,,0.0,1777894223
All Pools,GAINS - QUASI,0.3,False,0.01118,1.389,,0.73,1777894223
All Pools,Wormhole - AVAX,0.3,False,0.01116,103.56,,0.01,1777894223
All Pools,Anon - USDC,0.3,False,0.01115,1.039,,0.98,1777894223
All Pools,Trinity - Wormhole,0.3,False,0.01115,6.19,,0.16,1777894223
All Pools,CAI - AMI,0.3,False,0.01103,0.51998,,1.94,1777894223
All Pools,Orem - AVAX,0.3,False,0.01095,103.66,,0.01,1777894223
All Pools,Trinity - Orem,0.3,False,0.01094,6.196,,0.16,1777894223
All Pools,COQ - MCV,0.3,False,0.01085,9.793,,0.1,1777894223
All Pools,MCV - AVAX,0.3,False,0.01082,399.26,,0.0,1777894223
All Pools,TickTock - AVAX,0.3,False,0.01076,89.57,,0.01,1777894223
All Pools,TickTock - Now,0.3,False,0.01074,914.81,,0.0,1777894223
All Pools,AVAX - DWC,0.3,False,0.01053,6046.13,,,1777894223
All Pools,HIGHER - HOWDY,0.3,False,0.0105,1.52,,0.63,1777894223
All Pools,JOE - USDt,0.3,False,0.01049,0.84027,,1.14,1777894223
All Pools,BNZ - AVAX,0.3,False,0.01045,61.96,,0.02,1777894223
All Pools,MU - COQAI,0.3,False,0.01042,6.507,,0.15,1777894223
All Pools,Psychic - Turtle,0.3,False,0.01041,60.45,,0.02,1777894223
All Pools,AVAX - OK,0.3,False,0.01014,1.947,,0.47,1777894223
All Pools,AVAX - NORTH,0.3,False,0.01013,2.107,,0.44,1777894223
All Pools,USDT.e - NORTH,0.3,False,0.01011,26.69,,0.03,1777894223
All Pools,aAvaLINK - LINK.e,0.3,False,0.01011,1.867,,0.49,1777894223
All Pools,FTOMB - AVAX,0.3,False,0.01005,10241.0,,,1777894223
All Pools,SHERPA - AVAX,0.3,False,0.00998,131.07,,0.01,1777894223
All Pools,DivineFeminine - ValentinMidwifes,0.3,False,0.00987,41.25,,0.02,1777894223
All Pools,CATWIF - MAJIN,0.3,False,0.00979,0.86543,,1.03,1777894223
All Pools,Psychic - Numbers,0.3,False,0.00963,60.44,,0.01,1777894223
All Pools,TRACTOR - AVAX,0.3,False,0.00959,14823.0,,,1777894223
All Pools,TRACTOR - USDT.e,0.3,False,0.00958,1.971,,0.44,1777894223
All Pools,LUNA - USDC,0.3,False,0.00957,1.396,,0.63,1777894223
All Pools,Psychic - Luck,0.3,False,0.00952,60.45,,0.01,1777894223
All Pools,Psychic - Mirror,0.3,False,0.00949,60.41,,0.01,1777894223
All Pools,APOW - MU,0.3,False,0.00934,3.482,,0.24,1777894223
All Pools,aDXN - aXEN,0.3,False,0.00934,0.62065,,1.37,1777894223
All Pools,Psychic - Yellow,0.3,False,0.00934,82.13,,0.01,1777894223
All Pools,AVAX - WOHM,0.3,False,0.00917,3.4,,0.25,1777894223
All Pools,MIM - WOHM,0.3,False,0.00915,86.85,,0.01,1777894223
All Pools,KIMBO - GAINS,0.3,False,0.00898,1.344,,0.61,1777894223
All Pools,MU - SOL,0.3,False,0.0089,1.329,,0.61,1777894223
All Pools,AVAX - TUSK,0.3,False,0.0088,2.48,,0.32,1777894223
All Pools,USDC.e - TUSK,0.3,False,0.00879,9.717,,0.08,1777894223
All Pools,WINK - AMI,0.3,False,0.00874,0.10804,,7.38,1777894223
All Pools,XETA - AVAX,0.3,False,0.00865,0.24636,,3.21,1777894223
All Pools,COQ - SNP,0.3,False,0.00855,26.66,,0.03,1777894223
All Pools,SYN - USDC.e,0.3,False,0.00854,1.224,,0.64,1777894223
All Pools,SNP - AVAX,0.3,False,0.00853,11.55,,0.07,1777894223
All Pools,GAINS - MEAT,0.3,False,0.00853,0.98045,,0.79,1777894223
All Pools,AVAX - HOST,0.3,False,0.00845,1.936,,0.4,1777894223
All Pools,Psychic - Bonfire,0.3,False,0.00831,60.44,,0.01,1777894223
All Pools,KOVIN - MU,0.3,False,0.00822,3.056,,0.25,1777894223
All Pools,XPOW - AVAX,0.3,False,0.00818,118.84,,0.01,1777894223
All Pools,XPOW - USDt,0.3,False,0.00817,1.392,,0.54,1777894223
All Pools,HOST - DAI.e,0.3,False,0.00808,2.99,,0.25,1777894223
All Pools,Psychic - WhoWhoWho,0.3,False,0.00805,60.41,,0.01,1777894223
All Pools,Psychic - Thick,0.3,False,0.00797,60.42,,0.01,1777894223
All Pools,SatoshiNakamoto - Psychic,0.3,False,0.00795,60.45,,0.01,1777894223
All Pools,Psychic - Alphabet,0.3,False,0.00793,60.46,,0.01,1777894223
All Pools,Psychic - Oracle,0.3,False,0.00791,60.45,,0.01,1777894223
All Pools,AAVE.e - USDC.e,0.3,False,0.00789,1.253,,0.57,1777894223
All Pools,Psychic - Codes,0.3,False,0.00777,60.45,,0.01,1777894223
All Pools,Psychic - PennyTrinity,0.3,False,0.00776,60.46,,0.01,1777894223
All Pools,Psychic - Penny,0.3,False,0.00771,60.45,,0.01,1777894223
All Pools,JOE - REDWOLF,0.3,False,0.0077,3.953,,0.18,1777894223
All Pools,AprilFoolsDay - AVAX,0.3,False,0.00768,103.5,,0.01,1777894223
All Pools,Trinity - AprilFoolsDay,0.3,False,0.00767,6.216,,0.11,1777894223
All Pools,AVAX - AXIAL,0.3,False,0.00764,1032.69,,,1777894223
All Pools,LUNA - USDt,0.3,False,0.00763,1.322,,0.53,1777894223
All Pools,Psychic - Verse,0.3,False,0.00752,60.42,,0.01,1777894223
All Pools,Eye - Psychic,0.3,False,0.00751,60.45,,0.01,1777894223
All Pools,Psychic - Who,0.3,False,0.00748,73.79,,0.01,1777894223
All Pools,Psychic - Gematria,0.3,False,0.00744,60.45,,0.01,1777894223
All Pools,COQ - ARENA,0.3,False,0.00736,1.237,,0.54,1777894223
All Pools,WITCH - AVAX,0.3,False,0.00728,2.756,,0.24,1777894223
All Pools,WITCH - USDC,0.3,False,0.00728,1.718,,0.39,1777894223
All Pools,Psychic - Crypt,0.3,False,0.00724,60.4,,0.01,1777894223
All Pools,Psychic - OneOneOne,0.3,False,0.00718,60.44,,0.01,1777894223
All Pools,Psychic - Architect,0.3,False,0.00716,60.45,,0.01,1777894223
All Pools,Psychic - daVinci,0.3,False,0.00714,60.44,,0.01,1777894223
All Pools,Psychic - Gematria,0.3,False,0.00713,60.45,,0.01,1777894223
All Pools,Psychic - RefZip,0.3,False,0.00712,60.44,,0.01,1777894223
All Pools,JOE - aXEN,0.3,False,0.00711,0.23991,,2.7,1777894223
All Pools,Psychic - Finish,0.3,False,0.00711,60.41,,0.01,1777894223
All Pools,Psychic - Qubit,0.3,False,0.0071,60.41,,0.01,1777894223
All Pools,Psychic - Blessings,0.3,False,0.00708,60.41,,0.01,1777894223
All Pools,Psychic - Solved,0.3,False,0.00708,60.45,,0.01,1777894223
All Pools,Psychic - IAmThatIAm,0.3,False,0.00706,60.45,,0.01,1777894223
All Pools,Psychic - Confusion,0.3,False,0.00705,60.45,,0.01,1777894223
All Pools,Psychic - TwinFlames,0.3,False,0.00703,61.13,,0.01,1777894223
All Pools,Psychic - TrumpCard,0.3,False,0.00699,60.46,,0.01,1777894223
All Pools,AVAX - GematrixDotOrg,0.3,False,0.00705,16.61,,0.04,1777894223
All Pools,Gravity - GematrixDotOrg,0.3,False,0.00703,13.01,,0.05,1777894223
All Pools,NotBrideOfChrist - AVAX,0.3,False,0.00702,69.06,,0.01,1777894223
All Pools,SaintGermain - BLACK,0.3,False,0.00701,2.52,,0.25,1777894223
All Pools,NotBrideOfChrist - SwiftTaylor,0.3,False,0.00701,52.12,,0.01,1777894223
All Pools,Choice - Psychic,0.3,False,0.00698,60.42,,0.01,1777894223
All Pools,Psychic - YouAndI,0.3,False,0.00694,60.44,,0.01,1777894223
All Pools,Psychic - NineHundred,0.3,False,0.00691,73.18,,0.01,1777894223
All Pools,Loyalty - Psychic,0.3,False,0.00686,60.41,,0.01,1777894223
All Pools,HOWDY - AVAX,0.3,False,0.00686,21212.0,,,1777894223
All Pools,STOMB - AVAX,0.3,False,0.00683,7896.49,,,1777894223
All Pools,Psychic - BiTonic,0.3,False,0.00681,60.45,,0.01,1777894223
All Pools,Psychic - TheArcher,0.3,False,0.00681,60.44,,0.01,1777894223
All Pools,MU - MUG,0.3,False,0.00679,2435.5,,,1777894223
All Pools,Psychic - Artemis,0.3,False,0.00678,60.39,,0.01,1777894223
All Pools,AVAX - EDG,0.3,False,0.00672,3.146,,0.19,1777894223
All Pools,MIM - EDG,0.3,False,0.0067,7.911,,0.08,1777894223
All Pools,LYD - REDWOLF,0.3,False,0.00661,4.782,,0.13,1777894223
All Pools,Psychic - Six,0.3,False,0.00657,60.45,,0.01,1777894223
All Pools,Psychic - Nine,0.3,False,0.00654,60.42,,0.01,1777894223
All Pools,Psychic - ElmoSunkGematria,0.3,False,0.00652,60.46,,0.01,1777894223
All Pools,Spider - Psychic,0.3,False,0.0065,60.4,,0.01,1777894223
All Pools,Psychic - Zero,0.3,False,0.00648,60.42,,0.01,1777894223
All Pools,USV - AVAX,0.3,False,0.0064,1.148,,0.51,1777894223
All Pools,AUSD - HUSKY,0.3,False,0.0064,0.76072,,0.77,1777894223
All Pools,Psychic - Lock,0.3,False,0.00631,60.43,,0.01,1777894223
All Pools,USDC.e - BAVA,0.3,False,0.0063,2.978,,0.19,1777894223
All Pools,ABC - AMI,0.3,False,0.00629,3.92,,0.15,1777894223
All Pools,SNTA - MIM,0.3,False,0.00622,0.99387,,0.57,1777894223
All Pools,Psychic - KekiusMaximus,0.3,False,0.0062,60.45,,0.01,1777894223
All Pools,Psychic - Time,0.3,False,0.00619,60.45,,0.01,1777894223
All Pools,Psychic - SevenSevenSeven,0.3,False,0.00617,60.45,,0.01,1777894223
All Pools,Psychic - BirthingCode,0.3,False,0.0061,60.45,,0.01,1777894223
All Pools,Flection - Psychic,0.3,False,0.00607,60.45,,0.01,1777894223
All Pools,Psychic - LordJesusChrist,0.3,False,0.00602,57.91,,0.01,1777894223
All Pools,Psychic - Diamonds,0.3,False,0.006,60.45,,0.01,1777894223
All Pools,SYN - REDWOLF,0.3,False,0.00594,2.621,,0.21,1777894223
All Pools,LUNA - USDC,0.3,False,0.00592,0.13175,,4.1,1777894223
All Pools,Psychic - Happy,0.3,False,0.0059,60.45,,0.01,1777894223
All Pools,USDC - OK,0.3,False,0.0059,1.187,,0.45,1777894223
All Pools,GMX - JOE,0.3,False,0.00584,0.42331,,1.26,1777894223
All Pools,AVAX - VYBE,0.3,False,0.00581,3.297,,0.16,1777894223
All Pools,AVAX - Gaza,0.3,False,0.0058,3.18,,0.17,1777894223
All Pools,MIM - VYBE,0.3,False,0.0058,3.773,,0.14,1777894223
All Pools,TEDDY - AVAX,0.3,False,0.00579,16.98,,0.03,1777894223
All Pools,Psychic - [In]finity,0.3,False,0.00579,60.42,,0.01,1777894223
All Pools,Trinity - Gaza,0.3,False,0.00579,3.771,,0.14,1777894223
All Pools,GMX - USDt,0.3,False,0.00576,0.3749,,1.4,1777894223
All Pools,HIGHER - NOCHILL,0.3,False,0.00572,0.34175,,1.53,1777894223
All Pools,WETH.e - JOE,0.3,False,0.00567,0.0375,,13.79,1777894223
All Pools,Psychic - Alice,0.3,False,0.00566,60.42,,0.01,1777894223
All Pools,Psychic - WhoWho,0.3,False,0.00566,60.45,,0.01,1777894223
All Pools,Psychic - Sequence,0.3,False,0.00564,60.45,,0.01,1777894223
All Pools,AVAI - USDC.e,0.3,False,0.00561,33.32,,0.02,1777894223
All Pools,MIM - SDOG,0.3,False,0.00561,316.33,,0.0,1777894223
All Pools,KIMBO - KOVIN,0.3,False,0.00559,5.271,,0.1,1777894223
All Pools,USDC.e - SMRT,0.3,False,0.00554,2.203,,0.23,1777894223
All Pools,DWC - MU,0.3,False,0.00554,3.487,,0.14,1777894223
All Pools,AI9000 - AVAX,0.3,False,0.00554,305.95,,0.0,1777894223
All Pools,CATWIF - MU,0.3,False,0.00552,3.636,,0.14,1777894223
All Pools,Psychic - Partment,0.3,False,0.00548,60.43,,0.01,1777894223
All Pools,AVAX - WISE,0.3,False,0.00544,2.8,,0.18,1777894223
All Pools,USDC.e - WISE,0.3,False,0.00543,7.132,,0.07,1777894223
All Pools,GAINS - KONG,0.3,False,0.00542,0.7524,,0.66,1777894223
All Pools,WETH.e - BTCBR,0.3,False,0.00538,0.06082,,8.07,1777894223
All Pools,Hollywood - Ouroboros,0.3,False,0.00531,13.04,,0.04,1777894223
All Pools,3ULL - USDC,0.3,False,0.00529,0.65091,,0.74,1777894223
All Pools,Psychic - Line,0.3,False,0.00524,61.2,,0.01,1777894223
All Pools,Psychic - Who,0.3,False,0.00522,60.45,,0.01,1777894223
All Pools,MEOW - MU,0.3,False,0.00521,1.558,,0.31,1777894223
All Pools,FiveTwelveThirteen - AVAX,0.3,False,0.00521,5.182,,0.09,1777894223
All Pools,ElkeNevusRome - AVAX,0.3,False,0.00521,12.99,,0.04,1777894223
All Pools,COQ - MICRO,0.3,False,0.0052,3.769,,0.13,1777894223
All Pools,ElkeNevusRome - Gravity,0.3,False,0.00519,4.957,,0.1,1777894223
All Pools,FiveTwelveThirteen - Gravity,0.3,False,0.00519,6.882,,0.07,1777894223
All Pools,ETHM - AVAX,0.3,False,0.00518,27.22,,0.02,1777894223
All Pools,AVAX - MICRO,0.3,False,0.00518,23.73,,0.02,1777894223
All Pools,USDC - LODE,0.3,False,0.00513,880.33,,,1777894223
All Pools,Psychic - Ups,0.3,False,0.00509,60.45,,0.01,1777894223
All Pools,WLRS - USDC,0.3,False,0.00501,4.01,,0.11,1777894223
All Pools,GAINS - DWC,0.3,False,0.005,0.97215,,0.47,1777894223
All Pools,GURS - ARENA,0.3,False,0.0049,7.407,,0.06,1777894223
All Pools,ACS - USDt,0.3,False,0.00489,0.96137,,0.46,1777894223
All Pools,GAINS - TECH,0.3,False,0.00481,0.6152,,0.71,1777894223
All Pools,TrueLove - AVAX,0.3,False,0.0048,12.85,,0.03,1777894223
All Pools,TrueLove - Gravity,0.3,False,0.00479,4.902,,0.09,1777894223
All Pools,WBTC.e - USDC,0.3,False,0.00476,0.20915,,2.07,1777894223
All Pools,NOCHILL - ARENA,0.3,False,0.00473,0.43609,,0.99,1777894223
All Pools,BEAM - MU,0.3,False,0.0047,1.074,,0.4,1777894223
All Pools,GAINS - BAWLS,0.3,False,0.00469,0.90971,,0.47,1777894223
All Pools,BAWLS - AVAX,0.3,False,0.00467,16.32,,0.03,1777894223
All Pools,RGOGLZ - AVAX,0.3,False,0.00464,4.053,,0.1,1777894223
All Pools,AMI - MU,0.3,False,0.00453,1.704,,0.24,1777894223
All Pools,ETHM - DAI.e,0.3,False,0.00447,0.67293,,0.61,1777894223
All Pools,AKA - AVAX,0.3,False,0.00445,2.279,,0.18,1777894223
All Pools,AKA - USDt,0.3,False,0.00444,2.949,,0.14,1777894223
All Pools,KR - AVAX,0.3,False,0.00442,1.696,,0.24,1777894223
All Pools,KR - USDC.e,0.3,False,0.0044,11.46,,0.04,1777894223
All Pools,DCAR - AVAX,0.3,False,0.00436,1.1,,0.36,1777894223
All Pools,DCAR - USDC,0.3,False,0.00434,56.21,,0.01,1777894223
All Pools,TT - DAI.e,0.3,False,0.0043,1.912,,0.21,1777894223
All Pools,GAINS - KOVIN,0.3,False,0.0042,0.63795,,0.6,1777894223
All Pools,Psychic - Number,0.3,False,0.00419,60.46,,0.01,1777894223
All Pools,Psychic - Vampire,0.3,False,0.00418,60.45,,0.01,1777894223
All Pools,Psychic - Aquarius,0.3,False,0.00417,60.42,,0.01,1777894223
All Pools,SYN - USDT.e,0.3,False,0.00399,0.6549,,0.56,1777894223
All Pools,Psychic - TrueStory,0.3,False,0.00397,60.45,,0.01,1777894223
All Pools,AVAX - PAR,0.3,False,0.00396,2.385,,0.15,1777894223
All Pools,MIM - PAR,0.3,False,0.00395,1.92,,0.19,1777894223
All Pools,Lightworker - AVAX,0.3,False,0.00395,2.73,,0.13,1777894223
All Pools,Gravity - Lightworker,0.3,False,0.00394,53.4,,0.01,1777894223
All Pools,Evergreen - AVAX,0.3,False,0.00393,25.23,,0.01,1777894223
All Pools,Evergreen - Gravity,0.3,False,0.00392,4.769,,0.07,1777894223
All Pools,Psychic - Seminole,0.3,False,0.00389,60.41,,0.01,1777894223
All Pools,YEEHAW - ARENA,0.3,False,0.00389,2.349,,0.15,1777894223
All Pools,Psychic - PoPo,0.3,False,0.00386,60.45,,0.01,1777894223
All Pools,Psychic - James,0.3,False,0.00382,60.46,,0.01,1777894223
All Pools,RUGPULL - AVAX,0.3,False,0.00381,2.951,,0.12,1777894223
All Pools,Psychic - FinityFinity,0.3,False,0.0038,60.46,,0.01,1777894223
All Pools,EHCNALAVA - AVAX,0.3,False,0.00379,1503.97,,,1777894223
All Pools,COQ - ZUM,0.3,False,0.00379,1.125,,0.31,1777894223
All Pools,KIMBO - EHCNALAVA,0.3,False,0.00379,2.832,,0.12,1777894223
All Pools,SYN - WETH.e,0.3,False,0.00373,0.67895,,0.5,1777894223
All Pools,Psychic - QuetzalCoatl,0.3,False,0.00373,60.45,,0.01,1777894223
All Pools,PNG - USDT.e,0.3,False,0.00372,0.89016,,0.38,1777894223
All Pools,Trinity - IfYouKnowYouKnow,0.3,False,0.00371,5.027,,0.07,1777894223
All Pools,KIMBO - COQ,0.3,False,0.00371,1.693,,0.2,1777894223
All Pools,WETH.e - meGNX,0.3,False,0.00367,6.635,,0.05,1777894223
All Pools,xJOE - AVAX,0.3,False,0.00365,2.784,,0.12,1777894223
All Pools,MIM - SMRT,0.3,False,0.00364,1.659,,0.2,1777894223
All Pools,TEMPO - AVAX,0.3,False,0.00362,1.074,,0.31,1777894223
All Pools,YETI - WINE,0.3,False,0.00362,1.46,,0.23,1777894223
All Pools,MIM - TEMPO,0.3,False,0.00361,6.738,,0.05,1777894223
All Pools,GATOR - AMI,0.3,False,0.00358,4.497,,0.07,1777894223
All Pools,SMRTr - USDT.e,0.3,False,0.00358,1.301,,0.25,1777894223
All Pools,JPYC - AVAX,0.3,False,0.00356,0.27475,,1.18,1777894223
All Pools,Psychic - Checkmate,0.3,False,0.00351,60.59,,0.01,1777894223
All Pools,GG - AVAX,0.3,False,0.00347,0.15949,,1.99,1777894223
All Pools,Psychic - Equal,0.3,False,0.00347,60.45,,0.01,1777894223
All Pools,ARENA - AMI,0.3,False,0.00346,1.391,,0.23,1777894223
All Pools,Psychic - Abracadabra,0.3,False,0.00345,60.43,,0.01,1777894223
All Pools,MIM - DUNEV3,0.3,False,0.00343,66822.0,,,1777894223
All Pools,BTCBR - USDC,0.3,False,0.00342,0.20325,,1.54,1777894223
All Pools,Psychic - PlotTwist,0.3,False,0.00341,61.8,,0.01,1777894223
All Pools,MIM - ICE,0.3,False,0.0033,0.99823,,0.3,1777894223
All Pools,STG - JOE,0.3,False,0.00326,0.16881,,1.76,1777894223
All Pools,EGG - AVAX,0.3,False,0.00326,1.696,,0.18,1777894223
All Pools,Psychic - KatzJoel,0.3,False,0.00325,60.42,,0.0,1777894223
All Pools,EGG - USDT.e,0.3,False,0.00324,1.988,,0.15,1777894223
All Pools,USDt - USDC.e,0.3,False,0.00323,14.2,,0.02,1777894223
All Pools,SB - DAI.e,0.3,False,0.00322,0.12846,,2.29,1777894223
All Pools,ELXR - USDC.e,0.3,False,0.00321,1095.47,,,1777894223
All Pools,Psychic - Hexagon,0.3,False,0.00318,60.45,,0.0,1777894223
All Pools,AI9000 - MU,0.3,False,0.00312,1.289,,0.22,1777894223
All Pools,NXPC - USDC,0.3,False,0.00309,0.71669,,0.39,1777894223
All Pools,CRAFT - USDC.e,0.3,False,0.00309,0.877,,0.32,1777894223
All Pools,JOE - aDXN,0.3,False,0.00301,0.83464,,0.33,1777894223
All Pools,EagleToken - AVAX,0.3,False,0.00293,2.113,,0.13,1777894223
All Pools,EagleToken - USDC.e,0.3,False,0.00292,2.217,,0.12,1777894223
All Pools,AVXT - AVAX,0.3,False,0.00291,52.56,,0.01,1777894223
All Pools,BUSD - USDT.e,0.3,False,0.00289,0.07836,,3.37,1777894223
All Pools,GRAPE - AVAX,0.3,False,0.00283,0.88474,,0.29,1777894223
All Pools,ValentinMidwifes - AVAX,0.3,False,0.00282,2.374,,0.11,1777894223
All Pools,USDC - MU,0.3,False,0.0028,0.34299,,0.74,1777894223
All Pools,GURS - HOWDY,0.3,False,0.00278,1.884,,0.13,1777894223
All Pools,USDC - TT,0.3,False,0.00276,2.002,,0.13,1777894223
All Pools,MU - KET,0.3,False,0.00269,1.328,,0.19,1777894223
All Pools,AVAX - SAGE,0.3,False,0.00265,0.88862,,0.27,1777894223
All Pools,USDC.e - SAGE,0.3,False,0.00264,2.179,,0.11,1777894223
All Pools,BLUB - AVAX,0.0,False,0.00257,47.68,0.0,0.0,1777894223
All Pools,DREGG - USDC.e,0.3,False,0.00253,3.054,,0.08,1777894223
All Pools,AVAX - CAKE,0.3,False,0.00249,0.71943,,0.32,1777894223
All Pools,USDT.e - CAKE,0.3,False,0.00248,48.59,,0.0,1777894223
All Pools,YAK - USDT.e,0.3,False,0.00247,0.55519,,0.41,1777894223
All Pools,KIMBO - UNIQOC,0.3,False,0.00246,0.72724,,0.31,1777894223
All Pools,ARENA - JUICY,0.3,False,0.00245,0.03363,,6.65,1777894223
All Pools,UNIQOC - MAJIN,0.3,False,0.00243,0.25535,,0.87,1777894223
All Pools,BTC.b - MUG,0.3,False,0.00241,0.89405,,0.25,1777894223
All Pools,AI9000 - USDt,0.3,False,0.0024,0.91015,,0.24,1777894223
All Pools,AVAX - WARP,0.3,False,0.0024,1.474,,0.15,1777894223
All Pools,EUROS - AVAX,0.3,False,0.00236,1.187,,0.18,1777894223
All Pools,MAXI - AVAX,0.3,False,0.00227,0.78382,,0.26,1777894223
All Pools,Psychic - Self,0.3,False,0.00222,62.43,,0.0,1777894223
All Pools,LINK.e - MUG,0.3,False,0.00222,0.25231,,0.8,1777894223
All Pools,YEEHAW - HIGHER,0.3,False,0.00219,0.45365,,0.44,1777894223
All Pools,KIMBO - AMI,0.3,False,0.00213,4.28,,0.05,1777894223
All Pools,sAVAX - USDC,0.3,False,0.00205,0.53113,,0.35,1777894223
All Pools,TT - USDT.e,0.3,False,0.00202,2.001,,0.09,1777894223
All Pools,USDt - TT,0.3,False,0.00201,2.006,,0.09,1777894223
All Pools,aAvaWAVAX - AVAX,0.3,False,0.00195,0.25764,,0.69,1777894223
All Pools,USDC.e - CHAM,0.3,False,0.00195,0.82488,,0.22,1777894223
All Pools,GATOR - ARENA,0.3,False,0.00195,1.963,,0.09,1777894223
All Pools,BEE - AVAX,0.3,False,0.00192,0.80389,,0.22,1777894223
All Pools,BEE - USDT.e,0.3,False,0.00192,32.37,,0.01,1777894223
All Pools,WETH.e - LINK.e,0.3,False,0.00186,0.14956,,1.14,1777894223
All Pools,LIRA - BUSD,0.3,False,0.00184,0.08264,,2.03,1777894223
All Pools,GGP - JUICY,0.3,False,0.0018,0.03429,,4.79,1777894223
All Pools,YAK - JOE,0.3,False,0.00178,1.235,,0.13,1777894223
All Pools,toi - AVAX,0.3,False,0.00178,0.93737,,0.17,1777894223
All Pools,MIM - toi,0.3,False,0.00178,3.438,,0.05,1777894223
All Pools,AVAX - WINE,0.3,False,0.00177,0.6683,,0.24,1777894223
All Pools,AVAX - DREX,0.3,False,0.00177,0.5968,,0.27,1777894223
All Pools,MIM - WINE,0.3,False,0.00177,3103.61,,,1777894223
All Pools,MIM - DREX,0.3,False,0.00176,37.55,,0.0,1777894223
All Pools,GAINS - Always,0.3,False,0.00174,0.10489,,1.51,1777894223
All Pools,JOE - CRA,0.3,False,0.00173,11.06,,0.01,1777894223
All Pools,MM - USDC.e,0.3,False,0.00168,0.60047,,0.25,1777894223
All Pools,HERESY - MEOW,0.3,False,0.00167,0.27698,,0.55,1777894223
All Pools,JOE - USDR,0.3,False,0.00167,0.72263,,0.21,1777894223
All Pools,LIFE - AVAX,0.3,False,0.00162,1.338,,0.11,1777894223
All Pools,MIM - LIFE,0.3,False,0.00162,0.94242,,0.16,1777894223
All Pools,AMI - EROL,0.3,False,0.0016,0.67596,,0.22,1777894223
All Pools,gOHM - JOE,0.3,False,0.00159,3.927,,0.04,1777894223
All Pools,BTC.b - IMPACT,0.3,False,0.00158,0.62691,,0.23,1777894223
All Pools,WBTC.e - MU,0.3,False,0.00157,0.72115,,0.2,1777894223
All Pools,AVAX - sSB,0.3,False,0.00156,0.50298,,0.28,1777894223
All Pools,AVAX - MTB,0.3,False,0.00156,0.95766,,0.15,1777894223
All Pools,REDEEMER - AMI,0.3,False,0.00156,0.01451,,9.79,1777894223
All Pools,USDC.e - sSB,0.3,False,0.00155,837.3,,,1777894223
All Pools,MIM - MTB,0.3,False,0.00155,2.213,,0.06,1777894223
All Pools,AVAX - RUG,0.3,False,0.00155,0.52979,,0.27,1777894223
All Pools,Always - KONG,0.3,False,0.00151,0.04356,,3.17,1777894223
All Pools,AVAX - ICE,0.3,False,0.00151,150.53,,,1777894223
All Pools,AVAX - NXUSD,0.3,False,0.0015,0.48978,,0.28,1777894223
All Pools,USDC.e - NXUSD,0.3,False,0.00149,1.659,,0.08,1777894223
All Pools,USDC.e - WARP,0.3,False,0.00149,0.86363,,0.16,1777894223
All Pools,MUMO - AVAX,0.3,False,0.00148,0.17957,,0.75,1777894223
All Pools,DB - AVAX,0.3,False,0.0014,2.202,,0.06,1777894223
All Pools,MIM - YAK,0.3,False,0.0014,0.42975,,0.3,1777894223
All Pools,MIM - DB,0.3,False,0.0014,0.67018,,0.19,1777894223
All Pools,WETH.e - ETHM,0.3,False,0.00138,0.49993,,0.25,1777894223
All Pools,ETHM - USDC.e,0.3,False,0.00138,0.47786,,0.26,1777894223
All Pools,CANS - AMI,0.3,False,0.00135,0.2276,,0.54,1777894223
All Pools,SLUSH - AVAX,0.3,False,0.00134,0.69962,,0.17,1777894223
All Pools,SLUSH - USDT.e,0.3,False,0.00133,1.325,,0.09,1777894223
All Pools,MEAT - MU,0.3,False,0.00131,0.49912,,0.24,1777894223
All Pools,HUSKY - SNOWY,0.3,False,0.00131,0.43616,,0.27,1777894223
All Pools,QI - SNOWY,0.3,False,0.0013,0.79948,,0.15,1777894223
All Pools,LYD - AVAX,0.3,False,0.00129,0.81763,,0.14,1777894223
All Pools,KANA - AVAX,0.3,False,0.00127,1133.06,,,1777894223
All Pools,Naughty - HIGHER,0.3,False,0.00127,0.44835,,0.26,1777894223
All Pools,KANA - USDC,0.3,False,0.00127,0.51195,,0.23,1777894223
All Pools,Trinity - IngersollLockwood,0.3,False,0.00127,1.125,,0.1,1777894223
All Pools,ALPHAZERO - USDT.e,0.3,False,0.00127,2.163,,0.05,1777894223
All Pools,Naughty - AVAX,0.3,False,0.00126,237.57,,,1777894223
All Pools,MAJIN - AMI,0.3,False,0.00124,0.15552,,0.73,1777894223
All Pools,CRA - USDC.e,0.3,False,0.00123,0.56683,,0.2,1777894223
All Pools,MUME - USDC,0.3,False,0.00123,0.08483,,1.32,1777894223
All Pools,UNI.e - AVAX,0.3,False,0.00122,0.03343,,3.33,1777894223
All Pools,aAvaWAVAX - meGNX,0.3,False,0.0012,4.013,,0.03,1777894223
All Pools,COQ - HOWDY,0.3,False,0.00119,0.56987,,0.19,1777894223
All Pools,HUSKY - aXEN,0.3,False,0.00118,0.0722,,1.49,1777894223
All Pools,tst1 - AVAX,0.3,False,0.00117,0.5779,,0.18,1777894223
All Pools,tst1 - USDT.e,0.3,False,0.00117,2.699,,0.04,1777894223
All Pools,weETH - AVAX,0.3,False,0.00117,0.38651,,0.28,1777894223
All Pools,HOOP - ROCO,0.3,False,0.00116,0.14525,,0.73,1777894223
All Pools,QI - USDC,0.3,False,0.00114,0.08825,,1.18,1777894223
All Pools,SUB - AVAX,0.3,False,0.00113,0.50672,,0.2,1777894223
All Pools,SUB - USDC,0.3,False,0.00113,69.79,,0.0,1777894223
All Pools,COQ - MEAT,0.3,False,0.00111,0.71708,,0.14,1777894223
All Pools,AUX - AVAX,0.3,False,0.00109,0.39238,,0.25,1777894223
All Pools,AUX - USDC,0.3,False,0.00109,688.53,,,1777894223
All Pools,AVAX - SYMBIOT,0.3,False,0.00107,0.32242,,0.3,1777894223
All Pools,NUG - AVAX,0.3,False,0.00105,0.38137,,0.25,1777894223
All Pools,SLOT - AVAX,0.3,False,0.00105,3931.44,,,1777894223
All Pools,NUG - USDC,0.3,False,0.00105,2.375,,0.04,1777894223
All Pools,SLOT - USDC.e,0.3,False,0.00105,0.48452,,0.2,1777894223
All Pools,LIRA - USDt,0.3,False,0.00103,0.07422,,1.27,1777894223
All Pools,DAI.e - SYMBIOT,0.3,False,0.00102,1.412,,0.07,1777894223
All Pools,TEDDY - USDC,0.3,False,0.00102,0.43319,,0.22,1777894223
All Pools,gOHM - USDT.e,0.3,False,0.00101,0.60714,,0.15,1777894223
All Pools,xJOE - wsOHM,0.3,False,0.00101,0.54225,,0.17,1777894223
All Pools,WET - AVAX,0.3,False,0.001,16.86,,0.01,1777894223
All Pools,WET - USDT.e,0.3,False,,0.44266,,0.21,1777894223
All Pools,PB - AVAX,0.3,False,,0.48872,,0.19,1777894223
All Pools,PB - MIM,0.3,False,,39.79,,0.0,1777894223
All Pools,AVAX - FTEST,0.3,False,,0.39764,,0.23,1777894223
All Pools,USDT.e - FTEST,0.3,False,,1.315,,0.07,1777894223
All Pools,WETH - AVAX,0.3,False,,1.334,,0.07,1777894223
All Pools,SYMBIOT - AVAX,0.3,False,,1.442,,0.06,1777894223
All Pools,AVAX - AKITA,0.3,False,,2514.48,,,1777894223
All Pools,MIM - AKITA,0.3,False,,0.25465,,0.35,1777894223
All Pools,WETH.e - SPELL,0.3,False,,0.28984,,0.3,1777894223
All Pools,SYMBIOT - DAI.e,0.3,False,,0.45795,,0.18,1777894223
All Pools,OH - USDC.e,0.3,False,,0.38833,,0.21,1777894223
All Pools,3ULL - USDT.e,0.3,False,,0.65066,,0.13,1777894223
All Pools,USDT.e - WARP,0.3,False,,0.90387,,0.09,1777894223
All Pools,ROCO - USDT.e,0.3,False,,0.08381,,0.97,1777894223
All Pools,MUi - WINK,0.3,False,,0.0152,,5.33,1777894223
All Pools,ARABBIT - AVAX,0.3,False,,0.56478,,0.14,1777894223
All Pools,MIM - ARABBIT,0.3,False,,1.294,,0.06,1777894223
All Pools,JOE - AVE,0.3,False,,1.801,,0.04,1777894223
All Pools,SolarDAO - AVAX,0.3,False,,0.39732,,0.2,1777894223
All Pools,LAMA - AVAX,0.3,False,,11730.0,,,1777894223
All Pools,SolarDAO - USDT.e,0.3,False,,2.07,,0.04,1777894223
All Pools,SMOKA - AVAX,0.3,False,,0.54597,,0.14,1777894223
All Pools,MIM - SMOKA,0.3,False,,1.138,,0.07,1777894223
All Pools,USDC - DAI.e,0.3,False,,2.014,,0.04,1777894223
All Pools,LAMA - JUICY,0.3,False,,0.01591,,4.86,1777894223
All Pools,AVAX - PLEB,0.3,False,,0.27035,,0.28,1777894223
All Pools,MIM - PLEB,0.3,False,,53.95,,0.0,1777894223
All Pools,COQ - BMC,0.3,False,,0.09524,,0.79,1777894223
All Pools,gOHM - USDC.e,0.3,False,,0.30916,,0.24,1777894223
All Pools,YUSD - USDC,0.3,False,,23.01,,0.0,1777894223
All Pools,BLZZ - AVAX,0.3,False,,7921.23,,,1777894223
All Pools,MUMO - MU,0.3,False,,0.61224,,0.12,1777894223
All Pools,AVAX - NUTS,0.3,False,,228.65,,,1777894223
All Pools,USDC - NUTS,0.3,False,,0.23179,,0.31,1777894223
All Pools,GAINS - MEOW,0.3,False,,0.21014,,0.34,1777894223
All Pools,BUSD - MU,0.3,False,,0.02592,,2.7,1777894223
All Pools,JEWEL - AVAX,0.3,False,,0.22066,,0.32,1777894223
All Pools,MIM - WBTC.e,0.3,False,,0.05614,,1.22,1777894223
All Pools,MUME - BUSD,0.3,False,,0.02851,,2.4,1777894223
All Pools,USDC.e - WET,0.3,False,,0.44385,,0.15,1777894223
All Pools,MU - GEC,0.3,False,,0.09057,,0.73,1777894223
All Pools,USDC.e - XAVA,0.3,False,,0.36087,,0.18,1777894223
All Pools,AVAX - HOST,0.3,False,,0.14348,,0.46,1777894223
All Pools,AVAX - RBEES,0.3,False,,0.69351,,0.09,1777894223
All Pools,USDC.e - RBEES,0.3,False,,0.4953,,0.13,1777894223
All Pools,DAI.e - HOST,0.3,False,,16.06,,0.0,1777894223
All Pools,XPOW - USDC,0.3,False,,0.04122,,1.5,1777894223
All Pools,CLAVIS - AVAX,0.3,False,,0.13317,,0.46,1777894223
All Pools,MIM - CLAVIS,0.3,False,,120.12,,,1777894223
All Pools,DMD - AVAX,0.3,False,,26.31,,0.0,1777894223
All Pools,FAR - AVAX,0.3,False,,0.45415,,0.13,1777894223
All Pools,FAR - USDC.e,0.3,False,,0.14978,,0.39,1777894223
All Pools,RENT - JOE,0.3,False,,3.591,,0.02,1777894223
All Pools,RENT - USDT.e,0.3,False,,0.18683,,0.31,1777894223
All Pools,MIM - ICY,0.3,False,,17.17,,0.0,1777894223
All Pools,DMD - DAI.e,0.3,False,,0.12954,,0.45,1777894223
All Pools,AVAX - STICK,0.3,False,,2176.1,,,1777894223
All Pools,ENGLISH - AVAX,0.3,False,,0.23511,,0.24,1777894223
All Pools,STICK - MU,0.3,False,,0.14693,,0.39,1777894223
All Pools,LINK.e - SPELL,0.3,False,,0.17401,,0.33,1777894223
All Pools,WETH.e - MUi,0.3,False,,0.03061,,1.82,1777894223
All Pools,AVAX - BANKSY V2,0.3,False,,0.3334,,0.16,1777894223
All Pools,USDT.e - BANKSY V2,0.3,False,,0.92011,,0.06,1777894223
All Pools,SNOW - AVAX,0.3,False,,0.19507,,0.27,1777894223
All Pools,WETH.e - MUMO,0.3,False,,0.22752,,0.23,1777894223
All Pools,MIM - SNOW,0.3,False,,0.64509,,0.08,1777894223
All Pools,LEXIP - AVAX,0.3,False,,0.42424,,0.12,1777894223
All Pools,MUMO - USDC.e,0.3,False,,0.13178,,0.39,1777894223
All Pools,MIM - LEXIP,0.3,False,,0.23802,,0.22,1777894223
All Pools,SN - AVAX,0.3,False,,0.12307,,0.4,1777894223
All Pools,MIM - SN,0.3,False,,100.59,,,1777894223
All Pools,WETH - MU,0.3,False,,0.09324,,0.53,1777894223
All Pools,AVAX - BANKSY,0.3,False,,0.22818,,0.22,1777894223
All Pools,BANKSY - AVAX,0.3,False,,0.19092,,0.26,1777894223
All Pools,USDC.e - BANKSY,0.3,False,,0.69058,,0.07,1777894223
All Pools,BANKSY - USDT.e,0.3,False,,0.68058,,0.07,1777894223
All Pools,WOLF - USDt,0.3,False,,0.11015,,0.44,1777894223
All Pools,ETHM - LINK.e,0.3,False,,0.11029,,0.42,1777894223
All Pools,xAVAX - AVAX,0.3,False,,0.72918,,0.06,1777894223
All Pools,xAVAX - USDC,0.3,False,,0.24587,,0.18,1777894223
All Pools,MUME - USDC.e,0.3,False,,0.55554,,0.08,1777894223
All Pools,KIMBO - MU,0.3,False,,0.09937,,0.45,1777894223
All Pools,BNB - MU,0.3,False,,0.08703,,0.52,1777894223
All Pools,CRA - USDT.e,0.3,False,,0.26696,,0.17,1777894223
All Pools,DAI.e - PEFI,0.3,False,,0.13208,,0.33,1777894223
All Pools,BLZZ - USDC.e,0.3,False,,0.08518,,0.51,1777894223
All Pools,sifu - USDT.e,0.3,False,,9.304,,0.0,1777894223
All Pools,MUi - MU,0.3,False,,0.08381,,0.49,1777894223
All Pools,xORDER - AVAX,0.3,False,,0.23492,,0.17,1777894223
All Pools,AVAX - TUS,0.3,False,,8207.34,,,1777894223
All Pools,YEEHAW - MU,0.3,False,,0.28748,,0.14,1777894223
All Pools,xORDER - USDC,0.3,False,,0.19305,,0.21,1777894223
All Pools,USDT.e - TUS,0.3,False,,0.12234,,0.33,1777894223
All Pools,HUSKY - SMRTr,0.3,False,,0.06929,,0.58,1777894223
All Pools,CRV - AVAX,0.3,False,,42.05,,,1777894223
All Pools,CRV - USDT.e,0.3,False,,0.12966,,0.31,1777894223
All Pools,GRT.e - AVAX,0.3,False,,7.316,,0.01,1777894223
All Pools,XPOW - USDt,0.3,False,,0.03712,,1.05,1777894223
All Pools,USDt - APOW,0.3,False,,0.15501,,0.25,1777894223
All Pools,USDC.e - SUSD,0.3,False,,506.32,,,1777894223
All Pools,LUEEGI - USDt,0.3,False,,0.0932,,0.4,1777894223
All Pools,TSD - USDC.e,0.3,False,,0.0964,,0.38,1777894223
All Pools,PIZZA - USDC.e,0.3,False,,0.08138,,0.45,1777894223
All Pools,AVE - AVAX,0.3,False,,4.218,,0.01,1777894223
All Pools,KITE - AVAX,0.3,False,,0.05699,,0.6,1777894223
All Pools,ONION - CORN,0.3,False,,34.27,,,1777894223
All Pools,AUSD - USDC,0.01,False,13219068.0,4181111.0,1321.98,11.54,1777897824
All Pools,AUSD - USDt,0.01,False,13091763.0,3416198.0,1309.25,13.99,1777897824
All Pools,AVAX - USDC,0.05,False,7837778.0,3901704.0,4167.79,38.99,1777897824
All Pools,BTC.b - USDC,0.05,False,412359.0,803689.0,216.7,9.84,1777897824
All Pools,USDC.e - O3,0.3,False,229593.0,343158044.0,573.98,0.06,1777897824
All Pools,USDt - USDC,0.005,False,153181.0,694974.0,10.82,0.57,1777897824
All Pools,AVAX - USDC,0.2,False,103819.0,204954.0,210.6,37.51,1777897824
All Pools,sAVAX - AVAX,0.01,False,73135.0,187461.0,7.383,1.44,1777897824
All Pools,GUN - AVAX,0.25,False,49325.0,127321.0,127.23,36.48,1777897824
All Pools,ARENA - AVAX,0.01,False,42118.0,177134.0,4.208,0.87,1777897824
All Pools,AVAX - BTC.b,0.05,False,40855.0,582705.0,21.65,1.36,1777897824
All Pools,GUN - AVAX,0.1,False,40756.0,39905.0,43.6,39.88,1777897824
All Pools,USDC - XAVA,0.3,False,38607.0,613301.0,96.52,5.74,1777897824
All Pools,DAI.e - USDC,0.02,False,35812.0,31038.0,9.191,10.81,1777897824
All Pools,XAUt0 - USDt,0.04,False,35170.0,38063.0,16.42,15.74,1777897824
All Pools,NXPC - AVAX,0.3,False,30338.0,239460.0,75.84,11.56,1777897824
All Pools,USDT.e - USDC,0.02,False,29543.0,48842.0,5.962,4.46,1777897824
All Pools,AVAX - USDt,0.2,False,25389.0,130797.0,51.33,14.32,1777897824
All Pools,USDT.e - USDt,0.02,False,21200.0,44292.0,4.266,3.52,1777897824
All Pools,AVAX - USDT.e,0.3,False,18526.0,552124.0,46.31,3.06,1777897824
All Pools,MIM - AVAX,0.3,False,16653.0,562272.0,41.63,2.7,1777897824
All Pools,AVAX - USDC,0.3,False,16305.0,406012.0,40.76,3.66,1777897824
All Pools,FOLKS - AVAX,0.25,False,14594.0,34289.0,37.28,39.69,1777897824
All Pools,USDt - USDC,0.01,False,13515.0,181716.0,1.082,0.22,1777897824
All Pools,USDC.e - AVAX,0.3,False,13364.0,429784.0,33.41,2.84,1777897824
All Pools,QI - AVAX,0.3,False,12816.0,243517.0,32.04,4.8,1777897824
All Pools,COQ - AVAX,0.3,False,11140.0,614731.0,27.85,1.65,1777897824
All Pools,JOE - AVAX,0.3,False,10791.0,523162.0,26.98,1.88,1777897824
All Pools,JOE - USDC.e,0.3,False,8684.19,338225.0,21.71,2.34,1777897824
All Pools,WBTC.e - BTC.b,0.03,False,8593.32,330333.0,2.651,0.29,1777897824
All Pools,EURC - USDC,0.03,False,7371.67,13070.0,2.354,6.58,1777897824
All Pools,WBTC - BTC.b,0.03,False,6704.2,82955.0,2.028,0.89,1777897824
All Pools,USDT.e - USDC,0.02,False,5334.82,886.97,0.58042,23.89,1777897824
All Pools,SolvBTC - BTC.b,0.04,False,4080.96,256720.0,2.055,0.29,1777897824
All Pools,DAI.e - USDC,0.02,False,3903.03,2552.09,1.058,15.13,1777897824
All Pools,JPYC - USDC,0.04,False,3556.54,4448.23,2.015,16.53,1777897824
All Pools,ORNG - AVAX,0.3,False,3438.08,27703.0,8.595,11.32,1777897824
All Pools,FLD - AVAX,0.3,False,3087.32,51864.0,7.718,5.43,1777897824
All Pools,BEAM - AVAX,0.25,False,2360.07,20240.0,5.938,10.71,1777897824
All Pools,XAVA - AVAX,0.8,False,2329.78,227171.0,18.73,3.01,1777897824
All Pools,WETH.e - AVAX,0.3,False,2253.29,496933.0,5.633,0.41,1777897824
All Pools,HEFE - AVAX,0.3,False,2146.2,21310.0,5.366,9.19,1777897824
All Pools,LINK.e - AVAX,0.3,False,2126.85,49121.0,5.317,3.95,1777897824
All Pools,BEAM - USDC,0.3,False,2114.56,72487.0,5.286,2.66,1777897824
All Pools,AAVE.e - AVAX,0.3,False,2111.94,300594.0,5.28,0.64,1777897824
All Pools,WBTC.e - AVAX,0.3,False,1980.62,172270.0,4.952,1.05,1777897824
All Pools,AUSD - AVAX,0.1,False,1958.95,39569.0,2.042,1.88,1777897824
All Pools,AVAX - avUSD,0.25,False,1933.83,2337.31,4.863,75.94,1777897824
All Pools,JOE - USDT.e,0.3,False,1899.15,67767.0,4.748,2.56,1777897824
All Pools,USDt - AVAX,0.3,False,1835.94,45039.0,4.59,3.72,1777897824
All Pools,BEAM - AVAX,0.3,False,1750.6,94191.0,4.376,1.7,1777897824
All Pools,ALOT - AVAX,0.3,False,1669.21,227411.0,4.173,0.67,1777897824
All Pools,XAVA - AVAX,0.25,False,1661.69,3183.25,4.334,49.69,1777897824
All Pools,BTC.b - AVAX,0.3,False,1658.48,141767.0,4.146,1.07,1777897824
All Pools,ZRO - AVAX,0.25,False,1443.95,2260.22,11.53,186.19,1777897824
All Pools,HUNDRED - USDC,0.3,False,1357.21,518636.0,3.393,0.24,1777897824
All Pools,JOE - USDC,0.3,False,1304.21,40306.0,3.261,2.95,1777897824
All Pools,USDt - USDC,0.02,False,1292.85,2235.3,0.28666,4.68,1777897824
All Pools,AVAX - JUICE,0.3,False,1252.23,15811.0,3.131,7.23,1777897824
All Pools,AVAX - DAI.e,0.3,False,1212.5,34170.0,3.031,3.24,1777897824
All Pools,LCPEDU - USDt,0.8,False,1002.83,9626335.0,16.08,0.06,1777897824
All Pools,NOCHILL - AVAX,0.3,False,989.76,88465.0,2.474,1.02,1777897824
All Pools,SIERRA - USDC,0.1,False,944.05,39690.0,0.94499,0.87,1777897824
All Pools,AVAX - ALVA,0.3,False,926.5,1285.79,2.316,65.75,1777897824
All Pools,SOL - AVAX,0.3,False,830.6,433783.0,2.076,0.17,1777897824
All Pools,WETH.e - USDC,0.15,False,791.02,10051.0,1.209,4.39,1777897824
All Pools,w3ULL - AVAX,0.3,False,733.72,64941.0,1.834,1.03,1777897824
All Pools,SHRAP - AVAX,0.8,False,713.12,12852.0,6.464,18.36,1777897824
All Pools,AVAX - XAVA,0.3,False,605.18,16000.0,1.513,3.45,1777897824
All Pools,JOE - AVAX,0.25,False,452.24,10722.0,1.139,3.88,1777897824
All Pools,AARB - AVAX,0.3,False,439.33,0.18189,1.098,220407.99,1777897824
All Pools,ARC - AVAX,0.3,False,439.02,0.18182,1.098,220329.44,1777897824
All Pools,SB - AVAX,0.3,False,421.54,6926.68,1.054,5.55,1777897824
All Pools,MUON - AVAX,0.3,False,376.27,47079.0,0.94067,0.73,1777897824
All Pools,AVAX - UST,0.3,False,324.72,9069.59,0.81181,3.27,1777897824
All Pools,UST - AVAX,0.3,False,300.61,7887.95,0.75153,3.48,1777897824
All Pools,HERESY - AVAX,0.3,False,297.97,21974.0,0.74492,1.24,1777897824
All Pools,WETH.e - USDC.e,0.3,False,260.27,12368.0,0.65066,1.92,1777897824
All Pools,QI - AVAX,0.25,False,245.99,15052.0,0.61712,1.5,1777897824
All Pools,gOHM - AVAX,0.3,False,238.64,139406.0,0.59659,0.16,1777897824
All Pools,MIM - SB,0.3,False,201.07,5726.97,0.50268,3.2,1777897824
All Pools,PTOP800 - USDC,0.1,False,197.55,655.41,0.19949,11.11,1777897824
All Pools,USDC.e - USDC,0.3,False,194.6,483738.0,0.48649,0.04,1777897824
All Pools,XETA - USDC,0.3,False,191.68,6442.09,0.4792,2.72,1777897824
All Pools,WBTC.e - BTC.b,0.03,False,190.96,687.38,0.08556,4.54,1777897824
All Pools,PTOP800 - AVAX,0.1,False,178.88,603.32,0.17998,10.89,1777897824
All Pools,XSEED - AVAX,0.3,False,173.49,12565.0,0.43372,1.26,1777897824
All Pools,STG - USDC,0.3,False,173.43,1470.67,0.43357,10.76,1777897824
All Pools,AVAX - JUICY,0.3,False,172.09,3027.08,0.43023,5.19,1777897824
All Pools,GMX - AVAX,0.3,False,155.6,4963.87,0.38899,2.86,1777897824
All Pools,PTOP1100 - USDC,0.1,False,135.79,666.46,0.13662,7.48,1777897824
All Pools,PTOP1100 - AVAX,0.1,False,135.03,363.32,0.13715,13.78,1777897824
All Pools,KIMBO - AVAX,0.3,False,117.71,64094.0,0.29426,0.17,1777897824
All Pools,LUNA - USDC.e,0.3,False,112.19,899.72,0.28046,11.38,1777897824
All Pools,PTOP1300 - AVAX,0.1,False,111.51,574.3,0.11192,7.11,1777897824
All Pools,PTOP1300 - USDC,0.1,False,111.13,345.09,0.11182,11.83,1777897824
All Pools,MIM - USDt,0.03,False,93.97,9.69,0.03108,117.05,1777897824
All Pools,PTOP1200 - AVAX,0.1,False,90.97,682.67,0.0911,4.87,1777897824
All Pools,PTOP1200 - USDC,0.1,False,90.36,197.07,0.09213,17.06,1777897824
All Pools,sAVAX - AVAX,0.3,False,89.59,241174.0,0.22397,0.03,1777897824
All Pools,APIX - USDt,0.3,False,86.51,6904.97,0.21627,1.14,1777897824
All Pools,EVO - AVAX,0.3,False,86.05,13694.0,0.21512,0.57,1777897824
All Pools,STG - AVAX,0.3,False,81.38,1463.38,0.20344,5.07,1777897824
All Pools,CAT - AVAX,0.3,False,74.19,1964.1,0.18547,3.45,1777897824
All Pools,PRIME - AVAX,0.4,False,74.09,108586.0,0.90649,0.3,1777897824
All Pools,JOE - AVAX,0.15,False,72.15,69210.0,0.11059,0.06,1777897824
All Pools,OSAK - AVAX,0.3,False,65.94,6059.81,0.16485,0.99,1777897824
All Pools,MAJIN - AVAX,0.3,False,65.34,4249.91,0.16335,1.4,1777897824
All Pools,FITFI - USDT.e,0.3,False,60.97,369.93,0.15243,15.04,1777897824
All Pools,CAPY - ARENA,0.3,False,58.98,31640.0,0.14746,0.17,1777897824
All Pools,GGP - AVAX,0.3,False,58.65,92274.0,0.14663,0.06,1777897824
All Pools,CAI - AVAX,0.3,False,56.94,1804.95,0.14235,2.88,1777897824
All Pools,CDK - AVAX,0.25,False,48.94,5704.07,0.19133,1.22,1777897824
All Pools,SOL - AVAX,0.1,False,47.91,1083.71,0.04794,1.61,1777897824
All Pools,AVAX - RISE,0.3,False,45.82,59694.0,0.11455,0.07,1777897824
All Pools,gOHM - FRAX,0.3,False,45.01,3576.65,0.11252,1.15,1777897824
All Pools,PNG - AVAX,0.3,False,38.84,1062.73,0.09709,3.33,1777897824
All Pools,APIX - USDC,0.3,False,38.2,3449.35,0.09549,1.01,1777897824
All Pools,FTR - AVAX,0.3,False,37.34,1288.43,0.09334,2.64,1777897824
All Pools,XPOW - AVAX,0.3,False,35.49,412.27,0.08872,7.85,1777897824
All Pools,APIX - ID,0.3,False,31.39,25451.0,0.07847,0.11,1777897824
All Pools,GUN - BLSEYE🎯,0.3,False,30.52,954.62,0.07629,2.92,1777897824
All Pools,BOOTY - AVAX,0.3,False,29.87,2115.47,0.07467,1.29,1777897824
All Pools,BLSEYE🎯 - AVAX,0.3,False,29.77,6009.88,0.07442,0.45,1777897824
All Pools,MIM - WETH.e,0.3,False,28.83,1466.78,0.07208,1.79,1777897824
All Pools,AVAX - FRAX,0.3,False,28.56,1019.86,0.0714,2.56,1777897824
All Pools,APIX - ARENA,0.3,False,28.36,2337.05,0.0709,1.11,1777897824
All Pools,USDC.e - USDC,0.02,False,26.46,17000.0,0.00305,0.01,1777897824
All Pools,YAK - AVAX,0.3,False,24.7,110656.0,0.06175,0.02,1777897824
All Pools,CATCH - AVAX,0.3,False,24.42,305.91,0.06105,7.28,1777897824
All Pools,PTOP800 - BTC.b,0.1,False,24.13,1002.18,0.02886,1.05,1777897824
All Pools,ROCO - AVAX,0.3,False,23.13,1275.71,0.05782,1.65,1777897824
All Pools,SECOND - AVAX,0.3,False,23.06,1778.0,0.05765,1.18,1777897824
All Pools,SECOND - USDC,0.3,False,23.06,7249.03,0.05764,0.29,1777897824
All Pools,ggAVAX - AVAX,0.04,False,22.03,370.08,0.00233,0.23,1777897824
All Pools,Balln - AVAX,0.3,False,21.13,4240.12,0.05283,0.45,1777897824
All Pools,RGOGLZ - USDC,0.3,False,21.11,1590.9,0.05277,1.21,1777897824
All Pools,KLO - AVAX,0.3,False,20.94,14669.0,0.05235,0.13,1777897824
All Pools,GENI - USDC,0.3,False,19.69,1479.52,0.04923,1.21,1777897824
All Pools,GUN - AVAX,0.3,False,19.46,446.76,0.04866,3.98,1777897824
All Pools,AVAX - GEC,0.3,False,19.45,35939.0,0.04863,0.05,1777897824
All Pools,USDC.e - DAI.e,0.3,False,19.07,22782.0,0.04767,0.08,1777897824
All Pools,USDt - ncash,0.3,False,18.44,1129.8,0.0461,1.49,1777897824
All Pools,UST - USDC.e,0.3,False,17.09,771.21,0.04273,2.02,1777897824
All Pools,USDC.e - USDT.e,0.3,False,17.03,40400.0,0.04259,0.04,1777897824
All Pools,AVAX - APOW,0.3,False,16.86,25620.0,0.04215,0.06,1777897824
All Pools,HATCHY - AVAX,0.3,False,16.68,9711.5,0.04169,0.16,1777897824
All Pools,USDV - AVAX,0.25,False,16.19,1825.77,0.06333,1.27,1777897824
All Pools,DCAU - AVAX,0.3,False,16.07,1274.3,0.04017,1.15,1777897824
All Pools,Psychic - AVAX,0.3,False,16.02,1172.49,0.04006,1.25,1777897824
All Pools,BOI - AVAX,0.3,False,15.96,84.59,0.03991,17.22,1777897824
All Pools,DCAU - USDT.e,0.3,False,15.41,5348.28,0.03853,0.26,1777897824
All Pools,HAREM - AVAX,0.3,False,14.91,126.89,0.03729,10.73,1777897824
All Pools,XPOW - APOW,0.3,False,14.79,1028.14,0.03698,1.31,1777897824
All Pools,HUSKY - AVAX,0.3,False,14.75,3674.21,0.03689,0.37,1777897824
All Pools,BUSD - AVAX,0.3,False,14.7,420.72,0.03675,3.19,1777897824
All Pools,UST - USDC,0.3,False,14.59,487.22,0.03648,2.73,1777897824
All Pools,sAVAX - JACK,0.3,False,14.35,293212.0,0.03587,0.0,1777897824
All Pools,AVAX - STICK,0.3,False,14.27,2137.38,0.03568,0.61,1777897824
All Pools,YUSD - AVAX,0.3,False,13.63,134.63,0.03408,9.24,1777897824
All Pools,ORNG - MOOM,0.3,False,13.53,399.9,0.03382,3.09,1777897824
All Pools,SVETA - AVAX,0.3,False,13.01,1395.31,0.03252,0.85,1777897824
All Pools,XROSS - ORNG,0.3,False,12.93,482.74,0.03233,2.44,1777897824
All Pools,AVAX - CLY,0.3,False,12.42,59044.0,0.03106,0.02,1777897824
All Pools,GURS - AVAX,0.3,False,12.34,7694.3,0.03086,0.15,1777897824
All Pools,ORNG - JUCI,0.3,False,12.33,498.99,0.03082,2.25,1777897824
All Pools,AVAX - DOMI,0.3,False,12.05,17255.0,0.03012,0.06,1777897824
All Pools,DATCM - ORNG,0.3,False,11.14,483.02,0.02784,2.1,1777897824
All Pools,DAI.e - USDt,0.25,False,10.87,21062.0,0.02598,0.05,1777897824
All Pools,Ush - AVAX,0.3,False,10.84,2831.01,0.02709,0.35,1777897824
All Pools,SHRAP - DOMI,0.3,False,10.61,290.4,0.02654,3.34,1777897824
All Pools,MYST - AVAX,0.3,False,10.6,906.4,0.02649,1.07,1777897824
All Pools,Psychic - XAUt0,0.3,False,10.57,6919.63,0.02643,0.14,1777897824
All Pools,AVAX - HON,0.3,False,10.56,90513.0,0.0264,0.01,1777897824
All Pools,agEUR - USDC,0.3,False,10.35,63.79,0.02588,14.81,1777897824
All Pools,TECH - AVAX,0.3,False,10.35,14238.0,0.02588,0.07,1777897824
All Pools,PTOP1000 - AVAX,0.1,False,10.31,622.5,0.01032,0.61,1777897824
All Pools,YOU - ORNG,0.3,False,10.23,3224.08,0.02557,0.29,1777897824
All Pools,SYN - AVAX,0.3,False,9.992,2776.86,0.02498,0.33,1777897824
All Pools,ZRO - AVAX,0.3,False,9.958,197.12,0.02489,4.61,1777897824
All Pools,AVAXAI - USDC,0.3,False,9.725,1722.56,0.02431,0.52,1777897824
All Pools,AVAX - PEFI,0.3,False,9.322,4507.1,0.0233,0.19,1777897824
All Pools,WINK - AVAX,0.3,False,8.949,80.38,0.02237,10.16,1777897824
All Pools,ORNG - SAI,0.3,False,8.81,298.54,0.02203,2.69,1777897824
All Pools,JPYC - USDC,0.3,False,8.644,351.59,0.02161,2.24,1777897824
All Pools,AVAX - SQRCAT,0.3,False,8.594,5955.04,0.02148,0.13,1777897824
All Pools,MDG - USDT.e,0.3,False,8.547,18085.0,0.02137,0.04,1777897824
All Pools,MDG - USDC.e,0.3,False,8.547,9807.05,0.02137,0.08,1777897824
All Pools,ORNG - FLUX,0.3,False,8.147,359.41,0.02037,2.07,1777897824
All Pools,MEAT - AVAX,0.3,False,8.14,5399.85,0.02035,0.14,1777897824
All Pools,BLSEYE🎯 - ARENA,0.3,False,8.07,1169.25,0.02018,0.63,1777897824
All Pools,LINK.e - USDT.e,0.3,False,7.551,236.98,0.01888,2.91,1777897824
All Pools,AVAX - ELK,0.3,False,7.204,1711.61,0.01801,0.38,1777897824
All Pools,CATWIF - AVAX,0.3,False,7.006,3277.93,0.01752,0.2,1777897824
All Pools,USV - DAI.e,0.3,False,6.89,4271.13,0.01723,0.15,1777897824
All Pools,avUSD - sAVAX,0.3,False,6.593,265.32,0.01648,2.27,1777897824
All Pools,FITFI - AVAX,0.3,False,6.572,39.04,0.01643,15.36,1777897824
All Pools,MAI - AVAX,0.3,False,6.57,1818.88,0.01643,0.33,1777897824
All Pools,LINK.e - USDC.e,0.3,False,5.261,197.63,0.01315,2.43,1777897824
All Pools,SWIFT - USDC.e,0.3,False,4.903,537.17,0.01226,0.83,1777897824
All Pools,MYST - USDC,0.3,False,4.173,255.23,0.01043,1.49,1777897824
All Pools,SWIFT - WETH.e,0.3,False,4.142,1626.04,0.01035,0.23,1777897824
All Pools,USDT.e - DAI.e,0.3,False,4.034,7333.14,0.01009,0.05,1777897824
All Pools,PNG - JOE,0.3,False,4.029,172.36,0.01007,2.13,1777897824
All Pools,ISA - USDC.e,0.3,False,3.969,487.88,0.00992,0.74,1777897824
All Pools,APOW - AVAX,0.3,False,3.882,1076.29,0.0097,0.33,1777897824
All Pools,LUNA - AVAX,0.3,False,3.793,22.6,0.00948,15.31,1777897824
All Pools,ISA - AVAX,0.3,False,3.699,1457.31,0.00925,0.23,1777897824
All Pools,WETH - USDC.e,0.3,False,3.531,228.18,0.00883,1.41,1777897824
All Pools,USDT.e - CLY,0.3,False,3.463,260.48,0.00866,1.21,1777897824
All Pools,LIQR - AVAX,0.3,False,3.413,51943.0,0.00853,0.01,1777897824
All Pools,YAK - USDC.e,0.3,False,3.178,219.47,0.00794,1.32,1777897824
All Pools,FollowTheWhiteRabbit - BLACK,0.3,False,3.07,1188.5,0.00767,0.24,1777897824
All Pools,WETH.e - USDT.e,0.3,False,3.04,168.11,0.0076,1.65,1777897824
All Pools,DPS - USDC,0.3,False,3.011,1938.52,0.00753,0.14,1777897824
All Pools,DPS - AVAX,0.3,False,3.011,222.19,0.00753,1.24,1777897824
All Pools,MIM - USDC.e,0.3,False,2.792,2003.71,0.00698,0.13,1777897824
All Pools,KINGSHIT - AVAX,0.3,False,2.786,4999.8,0.00697,0.05,1777897824
All Pools,TINU - AVAX,0.3,False,2.724,1354.23,0.00681,0.18,1777897824
All Pools,REDWOLF - USDC,0.3,False,2.706,203.53,0.00676,1.21,1777897824
All Pools,BTC.b - TOPIA,0.3,False,2.643,308.06,0.00661,0.78,1777897824
All Pools,Gravity - AVAX,0.3,False,2.636,340.73,0.00659,0.71,1777897824
All Pools,LUNA - USDC.e,0.3,False,2.636,326.9,0.00659,0.74,1777897824
All Pools,Gravity - BLACK,0.3,False,2.534,1077.65,0.00633,0.21,1777897824
All Pools,USDC - SOCK,0.3,False,2.52,481.94,0.0063,0.48,1777897824
All Pools,AVAX - SOCK,0.3,False,2.519,3294.55,0.0063,0.07,1777897824
All Pools,AVAX - aXEN,0.3,False,2.498,77.96,0.00625,2.92,1777897824
All Pools,AVAX - FRAX,0.3,False,2.418,271.33,0.00605,0.81,1777897824
All Pools,Psychic - BLACK,0.3,False,2.356,463.31,0.00589,0.46,1777897824
All Pools,WETH.e - ONION,0.3,False,2.346,273.83,0.00586,0.78,1777897824
All Pools,AVAX - TIME,0.3,False,2.315,1210.37,0.00579,0.17,1777897824
All Pools,pAVAX - AVAX,0.3,False,2.305,1713.28,0.00576,0.12,1777897824
All Pools,REDWOLF - AVAX,0.3,False,2.235,503.1,0.00559,0.41,1777897824
All Pools,Trinity - BLACK,0.3,False,2.2,567.82,0.0055,0.35,1777897824
All Pools,FollowTheWhiteRabbit - AVAX,0.3,False,2.189,166.0,0.00547,1.2,1777897824
All Pools,Trinity - AVAX,0.3,False,2.159,1038.77,0.0054,0.19,1777897824
All Pools,MAGICK - USDC,0.3,False,2.129,239.94,0.00532,0.81,1777897824
All Pools,MAGICK - AVAX,0.3,False,2.129,354.26,0.00532,0.55,1777897824
All Pools,FXS - AVAX,0.3,False,2.128,439.54,0.00532,0.44,1777897824
All Pools,LORD - AVAX,0.3,False,2.109,1957.69,0.00527,0.1,1777897824
All Pools,USDT.e - ONION,0.3,False,2.066,770.46,0.00516,0.24,1777897824
All Pools,HOST - DAI.e,0.3,False,2.054,2586.54,0.00513,0.07,1777897824
All Pools,67 - AVAX,0.3,False,2.022,26.22,0.00505,7.04,1777897824
All Pools,APOW - USDC,0.3,False,2.01,168.21,0.00502,1.09,1777897824
All Pools,AVAX - SPELL,0.3,False,1.975,2768.87,0.00494,0.07,1777897824
All Pools,USDC.e - MU,0.3,False,1.919,13487.0,0.0048,0.01,1777897824
All Pools,MIM - LF,0.3,False,1.894,905.35,0.00473,0.19,1777897824
All Pools,LF - AVAX,0.3,False,1.894,291.31,0.00473,0.59,1777897824
All Pools,AVAX - USDT,0.3,False,1.887,2013.18,0.00472,0.09,1777897824
All Pools,APOW - USDt,0.3,False,1.876,167.77,0.00469,1.02,1777897824
All Pools,Now - AVAX,0.3,False,1.801,268.83,0.0045,0.61,1777897824
All Pools,USDC.e - AVVO,0.3,False,1.724,250.0,0.00431,0.63,1777897824
All Pools,AVAX - ONION,0.3,False,1.694,181.84,0.00424,0.85,1777897824
All Pools,GENI - AVAX,0.3,False,1.686,74.15,0.00421,2.07,1777897824
All Pools,PIZZA - AVAX,0.3,False,1.684,518.43,0.00421,0.3,1777897824
All Pools,TRESR - AVAX,0.3,False,1.657,14964.0,0.00414,0.01,1777897824
All Pools,BEAR - AVAX,0.3,False,1.619,7312.45,0.00405,0.02,1777897824
All Pools,AVAX - AMI,0.3,False,1.604,541.17,0.00401,0.27,1777897824
All Pools,COQ - BLSEYE🎯,0.3,False,1.573,215.21,0.00393,0.67,1777897824
All Pools,USDt - USDT.e,0.3,False,1.541,20410.0,0.00385,0.01,1777897824
All Pools,USDC - SHRAP,0.3,False,1.532,28.03,0.00383,4.99,1777897824
All Pools,BLSEYE🎯 - BEAM,0.3,False,1.51,344.64,0.00378,0.4,1777897824
All Pools,Now - BLACK,0.3,False,1.463,447.27,0.00366,0.3,1777897824
All Pools,AVAX - LUCKY,0.3,False,1.463,4107.37,0.00366,0.03,1777897824
All Pools,USDC.e - ONION,0.3,False,1.44,386.02,0.0036,0.34,1777897824
All Pools,SMRTr - AVAX,0.3,False,1.345,36572.0,0.00336,0.0,1777897824
All Pools,WBTC.e - USDT.e,0.3,False,1.343,173.58,0.00336,0.71,1777897824
All Pools,SMRTr - USDC.e,0.3,False,1.341,125.37,0.00335,0.98,1777897824
All Pools,MIM - PEFI,0.3,False,1.32,204.94,0.0033,0.59,1777897824
All Pools,DAI.e - ONION,0.3,False,1.315,352.06,0.00329,0.34,1777897824
All Pools,BANKSY - USDT.e,0.3,False,1.292,1545.64,0.00323,0.08,1777897824
All Pools,BANKSY - AVAX,0.3,False,1.292,171.82,0.00323,0.69,1777897824
All Pools,JOE - USDT,0.3,False,1.278,365.43,0.00319,0.32,1777897824
All Pools,KIWI - AVAX,0.3,False,1.266,115.72,0.00316,1.0,1777897824
All Pools,XAUt0 - Gravity,0.3,False,1.251,400.83,0.00313,0.28,1777897824
All Pools,KIWI - USDC,0.3,False,1.248,309.3,0.00312,0.37,1777897824
All Pools,LUNA - AVAX,0.3,False,1.235,143.1,0.00309,0.79,1777897824
All Pools,BLSEYE🎯 - MEOW,0.3,False,1.199,674.44,0.003,0.16,1777897824
All Pools,DREGG - AVAX,0.3,False,1.193,179.14,0.00298,0.61,1777897824
All Pools,DREGG - USDT.e,0.3,False,1.191,543.36,0.00298,0.2,1777897824
All Pools,AVAX - NaughtiusMaximus,0.3,False,1.183,446.49,0.00296,0.24,1777897824
All Pools,XAUt0 - NaughtiusMaximus,0.3,False,1.155,1059.61,0.00289,0.1,1777897824
All Pools,AVAX - IMPACT2,0.3,False,1.137,169.02,0.00284,0.61,1777897824
All Pools,AVAX - MU,0.3,False,1.045,89.09,0.00261,1.07,1777897824
All Pools,XAUt0 - Now,0.3,False,1.021,716.34,0.00255,0.13,1777897824
All Pools,rloop - AVAX,0.3,False,0.99149,6287.47,0.00248,0.01,1777897824
All Pools,LUEEGI - AVAX,0.3,False,0.98903,1596.06,0.00247,0.06,1777897824
All Pools,WBTC.e - ONION,0.3,False,0.98618,407.82,0.00247,0.22,1777897824
All Pools,DCAU - USDC,0.3,False,0.97141,152.17,0.00243,0.58,1777897824
All Pools,AVAX - SMRT,0.3,False,0.96444,2346.19,0.00241,0.04,1777897824
All Pools,ROY - AVAX,0.3,False,0.96256,4992.09,0.00241,0.02,1777897824
All Pools,AVAX - AVVO,0.3,False,0.93141,301.71,0.00233,0.28,1777897824
All Pools,USDT.e - SMRT,0.3,False,0.92769,106.71,0.00232,0.79,1777897824
All Pools,JOE - EXP,0.3,False,0.90657,13399273.0,0.00227,,1777897824
All Pools,UST - USDT.e,0.3,False,0.9028,43.71,0.00226,1.88,1777897824
All Pools,Trinity - Psychic,0.3,False,0.86937,541.59,0.00217,0.15,1777897824
All Pools,HOST - AVAX,0.3,False,0.84364,106.1,0.00211,0.73,1777897824
All Pools,USDC - GAU,0.3,False,0.83907,12169.0,0.0021,0.01,1777897824
All Pools,ACS - AVAX,0.3,False,0.83623,207.48,0.00209,0.37,1777897824
All Pools,AVAX - $SICKO,0.3,False,0.83496,9.992,0.00209,7.63,1777897824
All Pools,MAXI - DAI.e,0.3,False,0.80965,233.96,0.00202,0.32,1777897824
All Pools,MONEY - AVAX,0.3,False,0.79145,627.48,0.00198,0.12,1777897824
All Pools,MM - USDC,0.3,False,0.77746,83.86,0.00194,0.85,1777897824
All Pools,MM - AVAX,0.3,False,0.77477,133.92,0.00194,0.53,1777897824
All Pools,PTOP1100 - TOPIA,0.3,False,0.77027,150.55,0.00193,0.47,1777897824
All Pools,GUN - AMI,0.3,False,0.76944,22.47,0.00192,3.13,1777897824
All Pools,YETI - AVAX,0.3,False,0.75916,942.77,0.0019,0.07,1777897824
All Pools,SWIFT - AVAX,0.3,False,0.75193,306.73,0.00188,0.22,1777897824
All Pools,USDC - SPT,0.3,False,0.75107,40.64,0.00188,1.69,1777897824
All Pools,MIM - TIME,0.3,False,0.73904,122.29,0.00185,0.55,1777897824
All Pools,KALM - USDC,0.3,False,0.73338,84.54,0.00183,0.79,1777897824
All Pools,KALM - AVAX,0.3,False,0.73313,126.38,0.00183,0.53,1777897824
All Pools,AVAX - ChristMark,0.3,False,0.72406,360.4,0.00181,0.18,1777897824
All Pools,AVAX - KONG,0.3,False,0.69187,7531.61,0.00173,0.01,1777897824
All Pools,SYMBIOT - AVAX,0.3,False,0.67626,91.4,0.00169,0.68,1777897824
All Pools,CANS - AVAX,0.3,False,0.67093,12.9,0.00168,4.75,1777897824
All Pools,STATIK - AVAX,0.3,False,0.67054,44.41,0.00168,1.38,1777897824
All Pools,AVAX - ZUBAX,0.3,False,0.66941,116.94,0.00167,0.52,1777897824
All Pools,50 - USDC,0.3,False,0.66117,119.8,0.00165,0.5,1777897824
All Pools,COQ - COQAI,0.3,False,0.66105,28190.0,0.00165,0.0,1777897824
All Pools,50 - AVAX,0.3,False,0.66094,75.93,0.00165,0.79,1777897824
All Pools,SYMBIOT - DAI.e,0.3,False,0.65782,467.13,0.00164,0.13,1777897824
All Pools,Gladiator - AVAX,0.3,False,0.65765,3.698,0.00164,16.23,1777897824
All Pools,AAVE.e - REDWOLF,0.3,False,0.65552,161.9,0.00164,0.37,1777897824
All Pools,LadyMary - AVAX,0.3,False,0.65096,367.29,0.00163,0.16,1777897824
All Pools,ZUBAX - USDT.e,0.3,False,0.64753,184.75,0.00162,0.32,1777897824
All Pools,LINK.e - REDWOLF,0.3,False,0.6436,82.35,0.00161,0.71,1777897824
All Pools,USDC - SDOG,0.3,False,0.64319,482.02,0.00161,0.12,1777897824
All Pools,VPND - AVAX,0.3,False,0.64108,25709.0,0.0016,0.0,1777897824
All Pools,MU - DAI.e,0.3,False,0.63461,245.71,0.00159,0.24,1777897824
All Pools,USDt - IMPACT2,0.3,False,0.62965,71.33,0.00157,0.81,1777897824
All Pools,FollowTheWhiteRabbit - LuciferMorningstar,0.3,False,0.62279,3665.68,0.00156,0.02,1777897824
All Pools,GAINS - AVAX,0.3,False,0.62228,40.68,0.00156,1.4,1777897824
All Pools,HUSKY - JOE,0.3,False,0.60625,183.43,0.00152,0.3,1777897824
All Pools,Orange - AVAX,0.3,False,0.58484,88.08,0.00146,0.61,1777897824
All Pools,AVAX - SHRAP,0.3,False,0.58036,17.65,0.00145,3.0,1777897824
All Pools,LadyMary - FollowTheWhiteRabbit,0.3,False,0.56163,655.43,0.0014,0.08,1777897824
All Pools,USDT.e - MU,0.3,False,0.5546,255.19,0.00139,0.2,1777897824
All Pools,MaryMagdalene - AVAX,0.3,False,0.5515,226.62,0.00138,0.22,1777897824
All Pools,JEWEL - USDC,0.3,False,0.55101,4460.97,0.00138,0.01,1777897824
All Pools,XAUt0 - ChristMark,0.3,False,0.55004,698.45,0.00138,0.07,1777897824
All Pools,Trinity - LuciferMorningstar,0.3,False,0.53756,353297368.0,0.00134,,1777897824
All Pools,AVAX - PENDLE,0.3,False,0.53102,7780.85,0.00133,0.01,1777897824
All Pools,WETH.e - USDC,0.3,False,0.51768,22.79,0.00129,2.07,1777897824
All Pools,SOL - USDC,0.3,False,0.51253,24.12,0.00128,1.94,1777897824
All Pools,AMPL - AVAX,0.3,False,0.51174,342.54,0.00128,0.14,1777897824
All Pools,HEFE - GAINS,0.3,False,0.50879,5.877,0.00127,7.9,1777897824
All Pools,AVAX - ARENA,0.3,False,0.49194,80.99,0.00123,0.55,1777897824
All Pools,BLS - USDt,0.3,False,0.487,119.99,0.00122,0.37,1777897824
All Pools,BTC.b - SPT,0.3,False,0.4801,39.51,0.0012,1.11,1777897824
All Pools,sAVAX - COQ,0.3,False,0.4751,94.6,0.00119,0.46,1777897824
All Pools,FERT - AVAX,0.3,False,0.4636,806.95,0.00116,0.05,1777897824
All Pools,Orange - DivineFeminine,0.3,False,0.45842,1115.4,0.00115,0.04,1777897824
All Pools,WETH.e - REDWOLF,0.3,False,0.45786,102.82,0.00114,0.41,1777897824
All Pools,Psychic - Now,0.3,False,0.45294,629.57,0.00113,0.07,1777897824
All Pools,COQ - OSAK,0.3,False,0.43559,36.35,0.00109,1.09,1777897824
All Pools,WETH.e - SURE,0.3,False,0.43142,1096.58,0.00108,0.04,1777897824
All Pools,SHOE - AVAX,0.3,False,0.43129,670.09,0.00108,0.06,1777897824
All Pools,SHOE - BTC.b,0.3,False,0.43127,851.25,0.00108,0.05,1777897824
All Pools,USDt - RUX,0.3,False,0.41442,15977.0,0.00104,0.0,1777897824
All Pools,RUX - AVAX,0.3,False,0.4143,30.18,0.00104,1.25,1777897824
All Pools,USDC.e - WXT,0.3,False,0.38892,291.48,,0.12,1777897824
All Pools,gOHM - SB,0.3,False,0.38097,15.45,,2.25,1777897824
All Pools,USDC - CHAM,0.3,False,0.37783,49.83,,0.69,1777897824
All Pools,UNI.e - REDWOLF,0.3,False,0.37595,10.41,,3.3,1777897824
All Pools,AVAX - TheGospelOfMary,0.3,False,0.37309,159.65,,0.21,1777897824
All Pools,HEFE - CANS,0.3,False,0.37304,4.278,,7.96,1777897824
All Pools,CQK - USDC,0.3,False,0.37272,34.96,,0.97,1777897824
All Pools,CQK - AVAX,0.3,False,0.37266,130.79,,0.26,1777897824
All Pools,BTC.b - IMPACT2,0.3,False,0.37011,1262.72,,0.03,1777897824
All Pools,Gladiator - USDC,0.3,False,0.36666,562.35,,0.06,1777897824
All Pools,MIM - MU,0.3,False,0.36455,254.05,,0.13,1777897824
All Pools,ZRO - USDC,0.3,False,0.35166,5.559,,5.77,1777897824
All Pools,COQ - JUICE,0.3,False,0.35002,48.67,,0.66,1777897824
All Pools,USDC - USD+,0.3,False,0.34707,32.73,,0.97,1777897824
All Pools,ABC - AVAX,0.3,False,0.34651,1077.65,,0.03,1777897824
All Pools,AVAX - TOPIA,0.3,False,0.34549,523.26,,0.06,1777897824
All Pools,BLS - SHRAP,0.3,False,0.34533,9.945,,3.17,1777897824
All Pools,BrideOfChrist - AVAX,0.3,False,0.34523,89.8,,0.35,1777897824
All Pools,APIX - LAMBO,0.3,False,0.34158,563.7,,0.06,1777897824
All Pools,USDC - aXEN,0.3,False,0.34123,9.247,,3.37,1777897824
All Pools,IMPACT2 - EURC,0.3,False,0.34049,46.87,,0.66,1777897824
All Pools,BLUB - AVAX,0.3,False,0.33939,17056.0,,0.0,1777897824
All Pools,Anon - AVAX,0.3,False,0.33563,14.26,,2.15,1777897824
All Pools,Gladiator - AMI,0.3,False,0.33302,369.66,,0.08,1777897824
All Pools,CGS - USDC.e,0.3,False,0.33209,158.14,,0.19,1777897824
All Pools,CGS - AVAX,0.3,False,0.33204,65.95,,0.46,1777897824
All Pools,USDC - yyAVAX,0.3,False,0.32735,14.21,,2.1,1777897824
All Pools,FollowTheWhiteRabbit - TheGospelOfMary,0.3,False,0.31619,158.96,,0.18,1777897824
All Pools,KIMBO - CANS,0.3,False,0.30532,389.26,,0.07,1777897824
All Pools,BRO - COQ,0.3,False,0.30254,208.93,,0.13,1777897824
All Pools,BRO - AVAX,0.3,False,0.30091,140362.0,,,1777897824
All Pools,DFIAT - USDT.e,0.3,False,0.29867,27.99,,0.97,1777897824
All Pools,VEE - USDC,0.3,False,0.2969,32.04,,0.85,1777897824
All Pools,HUSKY - AMI,0.3,False,0.29518,86.2,,0.31,1777897824
All Pools,PTOP900 - TOPIA,0.3,False,0.29008,102.98,,0.26,1777897824
All Pools,SURE - DAI.e,0.3,False,0.28962,28.16,,0.94,1777897824
All Pools,USDC.e - SOL,0.3,False,0.27478,42.05,,0.6,1777897824
All Pools,AVVO - DAI.e,0.3,False,0.27469,39.29,,0.64,1777897824
All Pools,USDT.e - DUO,0.3,False,0.27347,57.01,,0.44,1777897824
All Pools,AVAX - DUO,0.3,False,0.27336,70.35,,0.35,1777897824
All Pools,BUSD - USDC,0.3,False,0.27285,7.729,,3.22,1777897824
All Pools,AVAX - XPOW,0.3,False,0.27277,39.71,,0.63,1777897824
All Pools,USDC.e - WISE,0.3,False,0.26387,45.82,,0.53,1777897824
All Pools,AVAX - WISE,0.3,False,0.26383,78.19,,0.31,1777897824
All Pools,COQ - OX,0.3,False,0.26341,12313.0,,0.0,1777897824
All Pools,BrideOfChrist - FollowTheWhiteRabbit,0.3,False,0.26252,734.86,,0.03,1777897824
All Pools,SLUSH - USDT.e,0.3,False,0.25895,59.69,,0.4,1777897824
All Pools,AVAX - APOW,0.3,False,0.25888,39.27,,0.6,1777897824
All Pools,SLUSH - AVAX,0.3,False,0.25886,58.32,,0.41,1777897824
All Pools,AVAI - AVAX,0.3,False,0.25805,29.11,,0.81,1777897824
All Pools,miMatic - USDC.e,0.3,False,0.25466,23.18,,1.0,1777897824
All Pools,AVAT - USDC,0.3,False,0.25233,40.29,,0.57,1777897824
All Pools,AftermathsKobe - AVAX,0.3,False,0.25059,296.4,,0.08,1777897824
All Pools,Psychic - AftermathsKobe,0.3,False,0.25005,323.92,,0.07,1777897824
All Pools,DivineFeminine - Gravity,0.3,False,0.2483,2345.79,,0.01,1777897824
All Pools,MIM - FORT,0.3,False,0.24803,18000.0,,0.0,1777897824
All Pools,AVAX - FORT,0.3,False,0.24801,38.82,,0.58,1777897824
All Pools,MaryMagdalene - FollowTheWhiteRabbit,0.3,False,0.24239,208.56,,0.11,1777897824
All Pools,USDt - REDWOLF,0.3,False,0.23914,14.99,,1.46,1777897824
All Pools,YEEHAW - AVAX,0.3,False,0.23889,31.86,,0.68,1777897824
All Pools,DFIAT - AVAX,0.3,False,0.23489,7462.73,,0.0,1777897824
All Pools,MaryMagdalene - Gravity,0.3,False,0.23419,133.13,,0.16,1777897824
All Pools,COQ - NOCHILL,0.3,False,0.234,15.22,,1.4,1777897824
All Pools,TOPIA - PTOP800,0.3,False,0.23296,146.17,,0.15,1777897824
All Pools,USDt - MILO,0.3,False,0.23148,16.99,,1.24,1777897824
All Pools,AVAX - MILO,0.3,False,0.23142,1140.32,,0.02,1777897824
All Pools,AI - AVAX,0.3,False,0.22982,4305.98,,0.0,1777897824
All Pools,AVAX - CHAM,0.3,False,0.22682,32.77,,0.63,1777897824
All Pools,YEEHAW - BTC.b,0.3,False,0.22193,128.01,,0.16,1777897824
All Pools,GLOBA - AVAX,0.3,False,0.2194,50.95,,0.39,1777897824
All Pools,TSD - AVAX,0.3,False,0.21912,326.16,,0.06,1777897824
All Pools,VENG - AVAX,0.3,False,0.21857,60.5,,0.33,1777897824
All Pools,AVAX - SPT,0.3,False,0.21559,16.39,,1.2,1777897824
All Pools,FollowTheWhiteRabbit - DivineFeminine,0.3,False,0.21041,684.16,,0.03,1777897824
All Pools,GLOBA - DAI.e,0.3,False,0.21006,52.13,,0.37,1777897824
All Pools,Hopi - AVAX,0.3,False,0.20294,217.26,,0.09,1777897824
All Pools,Hopi - Now,0.3,False,0.2028,720.76,,0.03,1777897824
All Pools,USDT.e - ZABU,0.3,False,0.20131,47.96,,0.38,1777897824
All Pools,AVAX - ELK,0.3,False,0.20046,69.8,,0.26,1777897824
All Pools,MIM - PAPA,0.3,False,0.19942,412.34,,0.04,1777897824
All Pools,PAPA - AVAX,0.3,False,0.19938,30.42,,0.6,1777897824
All Pools,wsOHM - AVAX,0.3,False,0.19592,22.0,,0.81,1777897824
All Pools,BOI - MU,0.3,False,0.19248,1.336,,13.14,1777897824
All Pools,USDC - BVAX,0.3,False,0.18614,30.54,,0.56,1777897824
All Pools,MIM - wsOHM,0.3,False,0.18134,1095.86,,0.02,1777897824
All Pools,SUB - USDC,0.3,False,0.18119,13.26,,1.25,1777897824
All Pools,METAG - AVAX,0.3,False,0.18073,24.23,,0.68,1777897824
All Pools,Meaning - AVAX,0.3,False,0.17999,454.86,,0.04,1777897824
All Pools,Psychic - Meaning,0.3,False,0.17966,311.28,,0.05,1777897824
All Pools,- AMI,0.3,False,0.17547,13.19,,1.21,1777897824
All Pools,DéjàVu - Gravity,0.3,False,0.17525,210.0,,0.08,1777897824
All Pools,FollowTheWhiteRabbit - Priory,0.3,False,0.17407,932.01,,0.02,1777897824
All Pools,Priory - AVAX,0.3,False,0.17405,76.98,,0.21,1777897824
All Pools,DivineFeminine - AVAX,0.3,False,0.17288,6.252,,2.52,1777897824
All Pools,DCAU - MIM,0.3,False,0.17214,313.8,,0.05,1777897824
All Pools,Gold - Now,0.3,False,0.16939,905.03,,0.02,1777897824
All Pools,Gold - AVAX,0.3,False,0.16936,88.77,,0.17,1777897824
All Pools,HEFE - AMI,0.3,False,0.16781,1.771,,8.65,1777897824
All Pools,SURE - USDC.e,0.3,False,0.16636,23.7,,0.64,1777897824
All Pools,USDt - DXN,0.3,False,0.16394,215.49,,0.07,1777897824
All Pools,Chemistry - AVAX,0.3,False,0.16337,89.35,,0.17,1777897824
All Pools,AVAT - AVAX,0.3,False,0.16326,21.36,,0.7,1777897824
All Pools,LUNA - LUNA,0.3,False,0.16299,2.521,,5.9,1777897824
All Pools,BOI - AMI,0.3,False,0.1609,1.139,,12.89,1777897824
All Pools,Trinity - Gravity,0.3,False,0.15626,2477.98,,0.01,1777897824
All Pools,LINDA - AVAX,0.3,False,0.1533,2095.94,,0.01,1777897824
All Pools,USDT.e - EXP,0.3,False,0.15189,44253150.0,,,1777897824
All Pools,AVAX - ZABU,0.3,False,0.1518,30.01,,0.46,1777897824
All Pools,USDT - ETH,0.3,False,0.14952,216.8,,0.06,1777897824
All Pools,COQ - BOOTY,0.3,False,0.14938,10.41,,1.31,1777897824
All Pools,MIM - USDC,0.3,False,0.14914,76.9,,0.18,1777897824
All Pools,USDt - XPOW,0.3,False,0.1484,20.1,,0.67,1777897824
All Pools,MELT - AVAX,0.3,False,0.14589,24.71,,0.54,1777897824
All Pools,$Crazy - AVAX,0.3,False,0.14483,1010.42,,0.01,1777897824
All Pools,Chemistry - Now,0.3,False,0.14346,909.7,,0.01,1777897824
All Pools,WarpSpeed - AVAX,0.3,False,0.14306,139.11,,0.09,1777897824
All Pools,Gravity - WarpSpeed,0.3,False,0.14303,85.28,,0.15,1777897824
All Pools,TrumpTower - AVAX,0.3,False,0.14213,160.32,,0.08,1777897824
All Pools,TrumpTower - Gravity,0.3,False,0.1421,76.56,,0.17,1777897824
All Pools,AVAX - SDOG,0.3,False,0.1396,10.15,,1.25,1777897824
All Pools,MIM - BLANC,0.3,False,0.135,8381.11,,0.0,1777897824
All Pools,AVAX - BLANC,0.3,False,0.13498,21.78,,0.57,1777897824
All Pools,Matter - AVAX,0.3,False,0.13359,80.59,,0.15,1777897824
All Pools,Orange - Matter,0.3,False,0.13329,9059.83,,0.0,1777897824
All Pools,USDC - APOW,0.3,False,0.13106,20.09,,0.6,1777897824
All Pools,AVAX - LuciferMorningstar,0.3,False,0.1309,14.63,,0.82,1777897824
All Pools,NOCHILL - KET,0.3,False,0.12866,16.34,,0.72,1777897824
All Pools,WLRS - USDC.e,0.3,False,0.12838,4528.08,,0.0,1777897824
All Pools,USDt - APOW,0.3,False,0.12784,20.09,,0.58,1777897824
All Pools,USDC - XPOW,0.3,False,0.12444,20.15,,0.56,1777897824
All Pools,TOMB - USDC,0.3,False,0.12333,10.59,,1.06,1777897824
All Pools,FLAKE - USDT.e,0.3,False,0.12095,50.55,,0.22,1777897824
All Pools,FLAKE - AVAX,0.3,False,0.12091,21.22,,0.52,1777897824
All Pools,AVAX - SNOB,0.3,False,0.12044,967.4,,0.01,1777897824
All Pools,YETI - AVAX,0.3,False,0.12008,3302.83,,0.0,1777897824
All Pools,miMatic - AVAX,0.3,False,0.1169,36.56,,0.29,1777897824
All Pools,AVAX - GAU,0.3,False,0.11419,9.131,,1.14,1777897824
All Pools,Beyond - AVAX,0.3,False,0.114,89.72,,0.12,1777897824
All Pools,Beyond - Orange,0.3,False,0.11378,4470.57,,0.0,1777897824
All Pools,Solar - AVAX,0.3,False,0.10994,89.55,,0.11,1777897824
All Pools,Solar - Now,0.3,False,0.10987,912.88,,0.01,1777897824
All Pools,LIBRE - USDC.e,0.3,False,0.1089,14.89,,0.67,1777897824
All Pools,VELAI - AVAX,0.3,False,0.10813,0.32466,,30.39,1777897824
All Pools,RPEPE - AVAX,0.3,False,0.10797,6331.28,,0.0,1777897824
All Pools,METAG - USDt,0.3,False,0.10757,16.0,,0.61,1777897824
All Pools,Psychic - DéjàVu,0.3,False,0.1071,196.24,,0.05,1777897824
All Pools,BrideOfChrist - BLACK,0.3,False,0.10525,33.47,,0.29,1777897824
All Pools,Jjj - AVAX,0.3,False,0.10047,292.24,,0.03,1777897824
All Pools,Psychic - Jjj,0.3,False,0.10029,319.18,,0.03,1777897824
All Pools,MAJIN - REDWOLF,0.3,False,0.0999,7.088,,1.29,1777897824
All Pools,Christmas - Merovingian,0.3,False,0.09712,118.19,,0.07,1777897824
All Pools,Christmas - AVAX,0.3,False,0.09709,250.1,,0.04,1777897824
All Pools,ALOT - USDC.e,0.3,False,0.09706,9.312,,0.95,1777897824
All Pools,Now - Merovingian,0.3,False,0.09665,70.2,,0.13,1777897824
All Pools,Xmas - AVAX,0.3,False,0.09586,274.99,,0.03,1777897824
All Pools,Psychic - Xmas,0.3,False,0.09565,299.86,,0.03,1777897824
All Pools,JPYC - USDC.e,0.3,False,0.09463,4.807,,1.8,1777897824
All Pools,ElvisJackpot - BLACK,0.3,False,0.09457,17.93,,0.48,1777897824
All Pools,UST - USDC,0.3,False,0.0936,4.46,,1.92,1777897824
All Pools,MAJIN - MU,0.3,False,0.09197,4.446,,1.89,1777897824
All Pools,Ducks - AVAX,0.3,False,0.09195,291.65,,0.03,1777897824
All Pools,YEEHAW - USDC,0.3,False,0.09192,12.74,,0.66,1777897824
All Pools,AVAX - STRAW,0.3,False,0.09191,15.68,,0.53,1777897824
All Pools,Psychic - Ducks,0.3,False,0.09178,318.78,,0.03,1777897824
All Pools,MELT - USDT.e,0.3,False,0.09123,30.69,,0.27,1777897824
All Pools,KRW - AVAX,0.3,False,0.09109,458.3,,0.02,1777897824
All Pools,JOE - KRW,0.3,False,0.09099,239.0,,0.03,1777897824
All Pools,JOE - ZABU,0.3,False,0.09038,18.38,,0.45,1777897824
All Pools,Trinity - LadyMary,0.3,False,0.09006,11267.0,,,1777897824
All Pools,MIM - GRAPE,0.3,False,0.08861,2397.01,,0.0,1777897824
All Pools,WLRS - GRAPE,0.3,False,0.08859,77.83,,0.1,1777897824
All Pools,DAI.e - STRAW,0.3,False,0.08796,34.13,,0.24,1777897824
All Pools,Gil - AVAX,0.3,False,0.08705,17.04,,0.47,1777897824
All Pools,HUSKY - MUG,0.3,False,0.08522,24.38,,0.32,1777897824
All Pools,SLIME - AVAX,0.3,False,0.08486,21550.0,,,1777897824
All Pools,SLIME - USDt,0.3,False,0.08485,7.319,,1.06,1777897824
All Pools,AVAX - MeaningOfNumbers,0.3,False,0.08388,291.88,,0.03,1777897824
All Pools,GAS - AVAX,0.3,False,0.08385,228.94,,0.03,1777897824
All Pools,Psychic - MeaningOfNumbers,0.3,False,0.08373,319.12,,0.02,1777897824
All Pools,BTC.b - USDC,0.3,False,0.08339,4.677,,1.63,1777897824
All Pools,Gil - DAI.e,0.3,False,0.08329,28.37,,0.27,1777897824
All Pools,aAvaLINK - AVAX,0.3,False,0.08291,9.52,,0.79,1777897824
All Pools,LINK.e - MU,0.3,False,0.08279,7.537,,1.0,1777897824
All Pools,USDt - NEMO,0.3,False,0.08239,96.28,,0.08,1777897824
All Pools,AVAX - NEMO,0.3,False,0.08238,7.754,,0.97,1777897824
All Pools,PTOP1300 - TOPIA,0.3,False,0.08188,96.25,,0.08,1777897824
All Pools,COQ - AMI,0.3,False,0.08087,14.15,,0.52,1777897824
All Pools,AVAX - Prometheus,0.3,False,0.08028,285.22,,0.03,1777897824
All Pools,Psychic - Prometheus,0.3,False,0.08012,310.39,,0.02,1777897824
All Pools,CNR - USDC,0.3,False,0.07978,4.832,,1.51,1777897824
All Pools,BANKSY - USDC.e,0.3,False,0.07816,31.24,,0.23,1777897824
All Pools,BANKSY - AVAX,0.3,False,0.07814,23.23,,0.31,1777897824
All Pools,TECH - OX,0.3,False,0.07656,4907.46,,0.0,1777897824
All Pools,HEFE - HIGHER,0.3,False,0.07647,0.88701,,7.87,1777897824
All Pools,MEOW - AVAX,0.3,False,0.07519,10457.0,,,1777897824
All Pools,MaryMagdalene - BrideOfChrist,0.3,False,0.07492,120.94,,0.06,1777897824
All Pools,USDT.e - XAVA,0.3,False,0.07489,11.3,,0.6,1777897824
All Pools,BTC.b - MU,0.3,False,0.07421,11.35,,0.6,1777897824
All Pools,XAUt0 - ElvisJackpot,0.3,False,0.07387,329.43,,0.02,1777897824
All Pools,METAG - USDT.e,0.3,False,0.07317,49.19,,0.14,1777897824
All Pools,HIGHER - AVAX,0.3,False,0.07129,1.848,,3.52,1777897824
All Pools,WBTC.e - REDWOLF,0.3,False,0.07087,59.42,,0.11,1777897824
All Pools,AVAX - Nala,0.3,False,0.0691,25.7,,0.25,1777897824
All Pools,Mungo - AVAX,0.3,False,0.06843,41.18,,0.15,1777897824
All Pools,DéjàVu - Mungo,0.3,False,0.06835,184.23,,0.03,1777897824
All Pools,bECH - AVAX,0.3,False,0.06724,21.52,,0.29,1777897824
All Pools,SOB - LUNA,0.3,False,0.06628,1.331,,4.54,1777897824
All Pools,MIM - AUSD,0.3,False,0.0661,34.98,,0.17,1777897824
All Pools,WDAO - MIM,0.3,False,0.06606,23.41,,0.26,1777897824
All Pools,WDAO - AVAX,0.3,False,0.06604,19.56,,0.31,1777897824
All Pools,UNIQOC - AVAX,0.3,False,0.06419,1138.4,,0.01,1777897824
All Pools,UNIQOC - COQ,0.3,False,0.0641,54.69,,0.11,1777897824
All Pools,USDC - AMI,0.3,False,0.06343,0.66829,,8.66,1777897824
All Pools,FITFI - USDC,0.3,False,0.06307,0.44787,,12.85,1777897824
All Pools,TruthClosure - BLACK,0.3,False,0.06255,26.0,,0.22,1777897824
All Pools,RoselineBloodline - AVAX,0.3,False,0.06221,44.14,,0.13,1777897824
All Pools,FollowTheWhiteRabbit - RoselineBloodline,0.3,False,0.06214,41.49,,0.14,1777897824
All Pools,Light - AVAX,0.3,False,0.06184,89.69,,0.06,1777897824
All Pools,Psychic - Stolen,0.3,False,0.06179,85.08,,0.07,1777897824
All Pools,Light - Now,0.3,False,0.0617,914.43,,0.01,1777897824
All Pools,CNR - USDt,0.3,False,0.06005,4.85,,1.13,1777897824
All Pools,MIM - GG,0.3,False,0.05859,291.98,,0.02,1777897824
All Pools,AVAX - GG,0.3,False,0.05858,9.411,,0.57,1777897824
All Pools,MIM - SPELL,0.3,False,0.05845,7.603,,0.7,1777897824
All Pools,wMEMO - MIM,0.3,False,0.05757,20.59,,0.26,1777897824
All Pools,Gravity - TheGospelOfMary,0.3,False,0.05701,34.32,,0.15,1777897824
All Pools,Chrism - ChristMark,0.3,False,0.05587,181.85,,0.03,1777897824
All Pools,MIM - GG,0.3,False,0.05562,23.37,,0.22,1777897824
All Pools,GG - AVAX,0.3,False,0.05561,12.3,,0.41,1777897824
All Pools,Gravity - NaughtiusMaximus,0.3,False,0.05498,5.068,,0.99,1777897824
All Pools,MELT - USDC.e,0.3,False,0.05469,31.04,,0.16,1777897824
All Pools,HEFE - Always,0.3,False,0.05398,0.86946,,5.66,1777897824
All Pools,wsOHM - USDC.e,0.3,False,0.05364,42.29,,0.12,1777897824
All Pools,Stolen - AVAX,0.3,False,0.05342,17.65,,0.28,1777897824
All Pools,AVAX - BLACK,0.3,False,0.0522,6.078,,0.78,1777897824
All Pools,AMI - JUICY,0.3,False,0.05198,0.9244,,5.13,1777897824
All Pools,Sanskrit - AVAX,0.3,False,0.05151,89.8,,0.05,1777897824
All Pools,NOCHILL - AMI,0.3,False,0.0514,6.025,,0.78,1777897824
All Pools,Sanskrit - Now,0.3,False,0.0514,915.64,,0.01,1777897824
All Pools,UST - UST,0.3,False,0.05138,1.903,,2.46,1777897824
All Pools,meGNX - AVAX,0.3,False,0.05128,17.53,,0.27,1777897824
All Pools,MIM - DAI.e,0.3,False,0.05118,52.36,,0.09,1777897824
All Pools,CommieSukey - AVAX,0.3,False,0.05112,292.83,,0.02,1777897824
All Pools,Psychic - CommieSukey,0.3,False,0.05102,319.11,,0.01,1777897824
All Pools,DUO - USDT.e,0.3,False,0.0507,7.276,,0.64,1777897824
All Pools,wMEMO - AVAX,0.3,False,0.05005,13.69,,0.33,1777897824
All Pools,USDR - USDC,0.3,False,0.04942,40.67,,0.11,1777897824
All Pools,AVAX - Mentor,0.3,False,0.0494,89.4,,0.05,1777897824
All Pools,Now - Mentor,0.3,False,0.04934,912.02,,0.0,1777897824
All Pools,JOE - ZUBAX,0.3,False,0.04876,9.099,,0.49,1777897824
All Pools,MPL - USDt,0.3,False,0.04844,30.56,,0.14,1777897824
All Pools,MPL - AVAX,0.3,False,0.04842,6.135,,0.72,1777897824
All Pools,AVAX - RedFolder,0.3,False,0.04801,291.63,,0.02,1777897824
All Pools,Psychic - RedFolder,0.3,False,0.04792,318.03,,0.01,1777897824
All Pools,USDC.e - WOLF,0.3,False,0.04738,8.773,,0.49,1777897824
All Pools,AVAX - WOLF,0.3,False,0.04737,73.82,,0.06,1777897824
All Pools,Silver - AVAX,0.3,False,0.04712,88.25,,0.05,1777897824
All Pools,Silver - Now,0.3,False,0.04703,916.04,,0.0,1777897824
All Pools,AVAX - LYLY,0.3,False,0.04689,72.04,,0.06,1777897824
All Pools,Uncontractable - AVAX,0.3,False,0.04578,87.96,,0.05,1777897824
All Pools,Uncontractable - Now,0.3,False,0.04572,892.05,,0.0,1777897824
All Pools,MIM - NADO,0.3,False,0.04556,1164.01,,0.0,1777897824
All Pools,AVAX - NADO,0.3,False,0.04555,7.744,,0.54,1777897824
All Pools,REDWOLF - SOL,0.3,False,0.04551,75.23,,0.06,1777897824
All Pools,KLO - USDT.e,0.3,False,0.04473,5.601,,0.73,1777897824
All Pools,AVAX - All,0.3,False,0.04472,293.66,,0.01,1777897824
All Pools,Psychic - All,0.3,False,0.04464,318.67,,0.01,1777897824
All Pools,WINK - NOCHILL,0.3,False,0.04423,0.90008,,4.48,1777897824
All Pools,Trinity - Nala,0.3,False,0.04388,40.99,,0.1,1777897824
All Pools,WBTC.e - USDC.e,0.3,False,0.04361,9.012,,0.44,1777897824
All Pools,MIM - LIFE,0.3,False,0.04345,66.94,,0.06,1777897824
All Pools,LIFE - AVAX,0.3,False,0.04345,7.219,,0.55,1777897824
All Pools,Psychic - Chrism,0.3,False,0.04345,62.69,,0.06,1777897824
All Pools,USDT.e - TMT,0.3,False,0.04322,26.0,,0.15,1777897824
All Pools,AVAX - TMT,0.3,False,0.04321,7.079,,0.56,1777897824
All Pools,MELT - USDC.e,0.3,False,0.04269,7.025,,0.55,1777897824
All Pools,MELT - AVAX,0.3,False,0.04268,1131.77,,0.0,1777897824
All Pools,COQ - JUICY,0.3,False,0.0423,0.71141,,5.43,1777897824
All Pools,AVAX - Wej,0.3,False,0.04226,291.85,,0.01,1777897824
All Pools,Psychic - Wej,0.3,False,0.04218,318.01,,0.01,1777897824
All Pools,Apollyon - AVAX,0.3,False,0.04211,36.44,,0.11,1777897824
All Pools,Apollyon - LuciferMorningstar,0.3,False,0.04206,235196665.0,,,1777897824
All Pools,Blue - AVAX,0.3,False,0.04106,262.18,,0.01,1777897824
All Pools,MIM - SBR,0.3,False,0.04103,39.65,,0.09,1777897824
All Pools,SBR - AVAX,0.3,False,0.04102,7.281,,0.51,1777897824
All Pools,Trinity - Stolen,0.3,False,0.04098,29.81,,0.13,1777897824
All Pools,ICUBE - USDT.e,0.3,False,0.04063,107.97,,0.03,1777897824
All Pools,ICUBE - AVAX,0.3,False,0.04061,6.342,,0.58,1777897824
All Pools,gOHM - wsOHM,0.3,False,0.04012,37.71,,0.1,1777897824
All Pools,BNB - AVAX,0.3,False,0.04007,4089.1,,,1777897824
All Pools,aAvaLINK - meGNX,0.3,False,0.03978,10.51,,0.35,1777897824
All Pools,TruthClosure - AVAX,0.3,False,0.03942,11.58,,0.31,1777897824
All Pools,LoveYou - Gravity,0.3,False,0.03873,57.21,,0.06,1777897824
All Pools,LoveYou - AVAX,0.3,False,0.03873,61.65,,0.06,1777897824
All Pools,Necromancer - AVAX,0.3,False,0.03845,89.67,,0.04,1777897824
All Pools,Now - Necromancer,0.3,False,0.03837,914.36,,0.0,1777897824
All Pools,LoveIsTheKey - AVAX,0.3,False,0.03787,14.98,,0.23,1777897824
All Pools,USDC - MXNB,0.3,False,0.03766,27.43,,0.13,1777897824
All Pools,RUGPULL - MUG,0.3,False,0.03764,185.53,,0.02,1777897824
All Pools,FollowTheWhiteRabbit - StatueOfLiberty,0.3,False,0.03761,511.08,,0.01,1777897824
All Pools,StatueOfLiberty - AVAX,0.3,False,0.0376,14.72,,0.23,1777897824
All Pools,AMI - TOPIA,0.3,False,0.03758,221.71,,0.02,1777897824
All Pools,USDC - WSPP,0.3,False,0.03726,43.76,,0.08,1777897824
All Pools,AVAX - WSPP,0.3,False,0.03725,2.966,,1.15,1777897824
All Pools,SURE - AVAX,0.3,False,0.03694,7.167,,0.47,1777897824
All Pools,BENIS - NOCHILL,0.3,False,0.03689,4.895,,0.69,1777897824
All Pools,Gravity - ChristMark,0.3,False,0.0363,15.6,,0.21,1777897824
All Pools,Void - AVAX,0.3,False,0.0361,88.02,,0.04,1777897824
All Pools,Void - Now,0.3,False,0.03603,917.5,,0.0,1777897824
All Pools,USDT.e - BOREA,0.3,False,0.03567,26.47,,0.12,1777897824
All Pools,ArniStitch - AVAX,0.3,False,0.03565,291.17,,0.01,1777897824
All Pools,AVAX - BOREA,0.3,False,0.03564,6.655,,0.49,1777897824
All Pools,Psychic - ArniStitch,0.3,False,0.03559,318.24,,0.01,1777897824
All Pools,Four - AVAX,0.3,False,0.03542,74.39,,0.04,1777897824
All Pools,Hydrogen - AVAX,0.3,False,0.0351,262.12,,0.01,1777897824
All Pools,DrainTheSwamp - AVAX,0.3,False,0.03457,37.51,,0.08,1777897824
All Pools,FITFI - USDC.e,0.3,False,0.03453,0.24157,,13.04,1777897824
All Pools,Chrism - BLACK,0.3,False,0.03389,2.409,,1.28,1777897824
All Pools,AVAX - MUG,0.3,False,0.03365,354.1,,0.01,1777897824
All Pools,REDWOLF - SHRAP,0.3,False,0.03363,1.146,,2.68,1777897824
All Pools,ELE - AVAX,0.3,False,0.03337,122.98,,0.02,1777897824
All Pools,OH - AVAX,0.3,False,0.03315,93.53,,0.03,1777897824
All Pools,Hydrogen - BLACK,0.3,False,0.03253,4.877,,0.61,1777897824
All Pools,GOOD - GAINS,0.3,False,0.03192,3.763,,0.77,1777897824
All Pools,GOOD - AVAX,0.3,False,0.03177,152.85,,0.02,1777897824
All Pools,ACS - USDC.e,0.3,False,0.03138,5.328,,0.54,1777897824
All Pools,RUG - USDT.e,0.3,False,0.03129,14.74,,0.19,1777897824
All Pools,wALGO - AVAX,0.3,False,0.03096,161.31,,0.02,1777897824
All Pools,wALGO - USDC,0.3,False,0.03095,2.81,,1.01,1777897824
All Pools,ORNG - JUICE,0.3,False,0.03085,2.759,,1.02,1777897824
All Pools,Milk - USDT.e,0.3,False,0.02966,14.44,,0.19,1777897824
All Pools,Milk - AVAX,0.3,False,0.02964,6.621,,0.41,1777897824
All Pools,AVAX - BlackAndGold,0.3,False,0.02962,293.36,,0.01,1777897824
All Pools,Psychic - BlackAndGold,0.3,False,0.02957,318.54,,0.01,1777897824
All Pools,LIRA - AVAX,0.3,False,0.02893,13.14,,0.2,1777897824
All Pools,QI - LYLY,0.3,False,0.02881,2.709,,0.97,1777897824
All Pools,AVAX - Propriety,0.3,False,0.02874,89.56,,0.03,1777897824
All Pools,Now - Propriety,0.3,False,0.02869,915.07,,0.0,1777897824
All Pools,BTC.b - GMX,0.3,False,0.0284,1.554,,1.67,1777897824
All Pools,USDT.e - GOT,0.3,False,0.02805,12.84,,0.2,1777897824
All Pools,AVAX - GOT,0.3,False,0.02804,5.24,,0.49,1777897824
All Pools,NaughtiusMaximus - Seventeen,0.3,False,0.02793,856.47,,0.0,1777897824
All Pools,AVAX - √Root,0.3,False,0.02762,89.75,,0.03,1777897824
All Pools,Now - √Root,0.3,False,0.02757,914.99,,0.0,1777897824
All Pools,SMRT - XAVA,0.3,False,0.02755,2.87,,0.88,1777897824
All Pools,Blue - BLACK,0.3,False,0.02695,4.88,,0.5,1777897824
All Pools,KOVIN - AVAX,0.3,False,0.02667,3178.09,,,1777897824
All Pools,USDC.e - SPADE,0.3,False,0.02656,16.16,,0.15,1777897824
All Pools,AVAX - SPADE,0.3,False,0.02655,6.042,,0.4,1777897824
All Pools,3ULL - AVAX,0.3,False,0.02651,47.22,,0.05,1777897824
All Pools,AVAX - IMPACT,0.3,False,0.02648,6.226,,0.39,1777897824
All Pools,KrisKringle - Gravity,0.3,False,0.02626,77.95,,0.03,1777897824
All Pools,KrisKringle - AVAX,0.3,False,0.02625,26.06,,0.09,1777897824
All Pools,Yellow - AVAX,0.3,False,0.02607,264.39,,0.01,1777897824
All Pools,Trinity - Sinterklaas,0.3,False,0.02607,26.13,,0.09,1777897824
All Pools,Yellow - BLACK,0.3,False,0.02607,4.862,,0.49,1777897824
All Pools,AVAX - Sinterklaas,0.3,False,0.02607,139.25,,0.02,1777897824
All Pools,Strength - BLACK,0.3,False,0.02601,4.831,,0.49,1777897824
All Pools,AVAX - Strength,0.3,False,0.026,140.57,,0.02,1777897824
All Pools,Go - BLACK,0.3,False,0.02597,4.825,,0.49,1777897824
All Pools,Go - AVAX,0.3,False,0.02596,139.6,,0.02,1777897824
All Pools,Who - AVAX,0.3,False,0.02551,139.39,,0.02,1777897824
All Pools,Who - BLACK,0.3,False,0.02551,4.827,,0.48,1777897824
All Pools,USDC.e - UST,0.3,False,0.02536,1.755,,1.32,1777897824
All Pools,Psychic - Nala,0.3,False,0.02528,267.34,,0.01,1777897824
All Pools,Gravity - HustleTappers,0.3,False,0.02526,24.08,,0.1,1777897824
All Pools,AVAX - HustleTappers,0.3,False,0.02525,55.4,,0.04,1777897824
All Pools,USDT.e - AVVO,0.3,False,0.02518,4.018,,0.57,1777897824
All Pools,USDt - IMPACT,0.3,False,0.02489,3.334,,0.68,1777897824
All Pools,WETH.e - USDR,0.3,False,0.02466,2.779,,0.81,1777897824
All Pools,NineHundred - AVAX,0.3,False,0.02455,140.07,,0.02,1777897824
All Pools,NineHundred - BLACK,0.3,False,0.02454,4.855,,0.46,1777897824
All Pools,XIO - USDC,0.3,False,0.02451,24.35,,0.09,1777897824
All Pools,XIO - AVAX,0.3,False,0.02451,2.794,,0.8,1777897824
All Pools,AAVE.e - USDT.e,0.3,False,0.02414,2.584,,0.85,1777897824
All Pools,NOCHILL - REDWOLF,0.3,False,0.02413,3.493,,0.63,1777897824
All Pools,LoveIsTheKey - BLACK,0.3,False,0.02398,7.973,,0.27,1777897824
All Pools,Stolen - BLACK,0.3,False,0.02391,5.43,,0.4,1777897824
All Pools,AVAX - Ouroboros,0.3,False,0.02387,21.66,,0.1,1777897824
All Pools,WhollySphere - Gravity,0.3,False,0.02358,22.97,,0.09,1777897824
All Pools,WhollySphere - AVAX,0.3,False,0.02357,50.63,,0.04,1777897824
All Pools,WOLF - USDT.e,0.3,False,0.02357,4.06,,0.53,1777897824
All Pools,WOLF - AVAX,0.3,False,0.02356,70.33,,0.03,1777897824
All Pools,SOB - AVAX,0.3,False,0.02352,548.99,,0.0,1777897824
All Pools,Gravity - McdonaldTrouped,0.3,False,0.02344,22.95,,0.09,1777897824
All Pools,McdonaldTrouped - AVAX,0.3,False,0.02343,50.56,,0.04,1777897824
All Pools,Wingdings - Gravity,0.3,False,0.02318,21.94,,0.1,1777897824
All Pools,Wingdings - AVAX,0.3,False,0.02318,50.7,,0.04,1777897824
All Pools,FollowTheWhiteRabbit - TruthClosure,0.3,False,0.02314,45.84,,0.05,1777897824
All Pools,AVAX - USDR,0.3,False,0.02304,2.951,,0.71,1777897824
All Pools,AVAX - Teste,0.3,False,0.02274,88.89,,0.02,1777897824
All Pools,Now - Teste,0.3,False,0.0227,917.82,,0.0,1777897824
All Pools,DrainTheSwamp - Gravity,0.3,False,0.02254,22.63,,0.09,1777897824
All Pools,USDC.e - RUG,0.3,False,0.02228,24.87,,0.08,1777897824
All Pools,PNG - REDWOLF,0.3,False,0.02223,4.275,,0.47,1777897824
All Pools,BLACK - SantaGospel,0.3,False,0.02211,4.811,,0.42,1777897824
All Pools,AVAX - SantaGospel,0.3,False,0.0221,133.87,,0.02,1777897824
All Pools,ARENA - MU,0.3,False,0.02193,3.321,,0.6,1777897824
All Pools,BSGG - AVAX,0.3,False,0.02156,3.846,,0.51,1777897824
All Pools,HIGHER - AMI,0.3,False,0.02147,3.284,,0.6,1777897824
All Pools,BNZ - WINK,0.3,False,0.02108,0.43455,,4.43,1777897824
All Pools,GMX - USDC,0.3,False,0.02101,0.90609,,2.12,1777897824
All Pools,MerryXmas - AVAX,0.3,False,0.0209,268.49,,0.01,1777897824
All Pools,Psychic - MerryXmas,0.3,False,0.02087,292.61,,0.01,1777897824
All Pools,AVAX - Always,0.3,False,0.0208,0.59235,,3.2,1777897824
All Pools,WINK - MU,0.3,False,0.02036,0.47319,,3.93,1777897824
All Pools,3ULL - USDt,0.3,False,0.02032,2.517,,0.74,1777897824
All Pools,CodexKennyMin - AVAX,0.3,False,0.02023,24.94,,0.07,1777897824
All Pools,XOMB - USDT.e,0.3,False,0.02023,2.415,,0.76,1777897824
All Pools,CodexKennyMin - FollowTheWhiteRabbit,0.3,False,0.02023,21.95,,0.08,1777897824
All Pools,XOMB - AVAX,0.3,False,0.02022,21.41,,0.09,1777897824
All Pools,ARA - AVAX,0.3,False,0.02021,2.836,,0.65,1777897824
All Pools,BGLD - USDT.e,0.3,False,0.02019,16.94,,0.11,1777897824
All Pools,BGLD - AVAX,0.3,False,0.02019,4.362,,0.42,1777897824
All Pools,AVAX - SwiftTaylor,0.3,False,0.01992,14.65,,0.12,1777897824
All Pools,CNR - AVAX,0.3,False,0.01989,61.52,,0.03,1777897824
All Pools,FatherChristmas - AVAX,0.3,False,0.01983,53.5,,0.03,1777897824
All Pools,FatherChristmas - Gravity,0.3,False,0.01979,21.89,,0.08,1777897824
All Pools,Satoshi - Gravity,0.3,False,0.01975,55.09,,0.03,1777897824
All Pools,Satoshi - AVAX,0.3,False,0.01974,19.08,,0.09,1777897824
All Pools,MUMO - USDC,0.3,False,0.01967,8.281,,0.22,1777897824
All Pools,Gravity - Vaccinations,0.3,False,0.01963,61.86,,0.03,1777897824
All Pools,AVAX - Vaccinations,0.3,False,0.01963,18.33,,0.1,1777897824
All Pools,QI - REDWOLF,0.3,False,0.01959,1.578,,1.13,1777897824
All Pools,Gravity - Nakamoto,0.3,False,0.01954,62.02,,0.03,1777897824
All Pools,Nakamoto - AVAX,0.3,False,0.01954,18.34,,0.1,1777897824
All Pools,COQ - REDWOLF,0.3,False,0.01948,12.39,,0.14,1777897824
All Pools,ZUM - NOCHILL,0.3,False,0.01945,1.243,,1.43,1777897824
All Pools,COQ - KOVIN,0.3,False,0.01937,12.98,,0.14,1777897824
All Pools,WETH.e - yyAVAX,0.3,False,0.0192,19.34,,0.09,1777897824
All Pools,MerryChristmas - Gravity,0.3,False,0.01913,62.07,,0.03,1777897824
All Pools,MerryChristmas - AVAX,0.3,False,0.01913,18.37,,0.09,1777897824
All Pools,BTC.b - MUMO,0.3,False,0.0191,4.823,,0.36,1777897824
All Pools,Orange - BLACK,0.3,False,0.01839,4.137,,0.41,1777897824
All Pools,KIWI - USDt,0.3,False,0.01819,20.36,,0.08,1777897824
All Pools,COQ - LYLY,0.3,False,0.01807,15.27,,0.11,1777897824
All Pools,Four - Found,0.3,False,0.01773,1847.7,,,1777897824
All Pools,USDT.e - iBONE,0.3,False,0.01746,4.816,,0.33,1777897824
All Pools,AVAX - iBONE,0.3,False,0.01746,5.414,,0.29,1777897824
All Pools,ILoveYouWordSpell - AVAX,0.3,False,0.01745,18.21,,0.09,1777897824
All Pools,ILoveYouWordSpell - Gravity,0.3,False,0.01744,102.29,,0.02,1777897824
All Pools,SodomAndGomorrah - AVAX,0.3,False,0.01741,19.21,,0.08,1777897824
All Pools,Trinity - SodomAndGomorrah,0.3,False,0.0174,22.69,,0.07,1777897824
All Pools,WalkTheWalkNowJesus - Gravity,0.3,False,0.01719,25.44,,0.06,1777897824
All Pools,WalkTheWalkNowJesus - AVAX,0.3,False,0.01719,24.78,,0.06,1777897824
All Pools,COQ - MU,0.3,False,0.01711,4.574,,0.34,1777897824
All Pools,GRELF[ava] - AVAX,0.3,False,0.01701,1153.41,,0.0,1777897824
All Pools,Psychic - Hydrogen,0.3,False,0.0165,81.87,,0.02,1777897824
All Pools,AVAX - LookingGlass,0.3,False,0.01639,16.22,,0.09,1777897824
All Pools,HCT - AVAX,0.3,False,0.01636,3.369,,0.44,1777897824
All Pools,Gravity - LookingGlass,0.3,False,0.01635,184.55,,0.01,1777897824
All Pools,KOKSAL - USDC,0.3,False,0.0163,4.74,,0.31,1777897824
All Pools,KOKSAL - AVAX,0.3,False,0.01629,3.505,,0.42,1777897824
All Pools,REDWOLF - ODDZ,0.3,False,0.0162,1.54,,0.96,1777897824
All Pools,ZH - JOE,0.3,False,0.01619,2.824,,0.52,1777897824
All Pools,ZH - USDC.e,0.3,False,0.01619,22.97,,0.06,1777897824
All Pools,AVAX - TT,0.3,False,0.0161,1.926,,0.76,1777897824
All Pools,WOLF - AVAX,0.3,False,0.01578,43406.0,,,1777897824
All Pools,QI - USDC.e,0.3,False,0.01574,0.81057,,1.77,1777897824
All Pools,Trinity - Yeshua,0.3,False,0.01563,34.61,,0.04,1777897824
All Pools,AVAX - Yeshua,0.3,False,0.01562,29.32,,0.05,1777897824
All Pools,WETH.e - MU,0.3,False,0.01524,2.064,,0.67,1777897824
All Pools,WOLF - MU,0.3,False,0.01522,5.186,,0.27,1777897824
All Pools,DUA - USDC,0.3,False,0.01494,11.52,,0.12,1777897824
All Pools,AVAX - DUA,0.3,False,0.01494,2.059,,0.66,1777897824
All Pools,GAINS - COQ,0.3,False,0.01472,2.023,,0.66,1777897824
All Pools,GAINS - BOBS,0.3,False,0.01456,2.234,,0.59,1777897824
All Pools,AVAX - BOBS,0.3,False,0.01451,5464.13,,,1777897824
All Pools,NOCHILL - WAIFU,0.3,False,0.01443,160.1,,0.01,1777897824
All Pools,JOE - QI,0.3,False,0.01425,0.94246,,1.38,1777897824
All Pools,SUB - AVAX,0.3,False,0.01422,20.68,,0.06,1777897824
All Pools,Psychic - Blue,0.3,False,0.0141,81.53,,0.02,1777897824
All Pools,Yule - Seventeen,0.3,False,0.01393,272.75,,0.0,1777897824
All Pools,LoveIsTheKey - FollowTheWhiteRabbit,0.3,False,0.01391,64.8,,0.02,1777897824
All Pools,AVAX - Wormwood,0.3,False,0.0138,17.04,,0.07,1777897824
All Pools,Gravity - Wormwood,0.3,False,0.0138,15.4,,0.08,1777897824
All Pools,AVAX - SantaClaus,0.3,False,0.01372,24.68,,0.05,1777897824
All Pools,Gravity - SantaClaus,0.3,False,0.01371,11.9,,0.11,1777897824
All Pools,AVAX - LoveWins,0.3,False,0.01352,7.781,,0.16,1777897824
All Pools,FollowTheWhiteRabbit - LoveWins,0.3,False,0.01352,151.86,,0.01,1777897824
All Pools,XAVA - HON,0.3,False,0.01336,1.866,,0.65,1777897824
All Pools,MIM - RUG,0.3,False,0.01335,22.89,,0.05,1777897824
All Pools,GURS - NOCHILL,0.3,False,0.01332,1.955,,0.62,1777897824
All Pools,Gravity - Ouroboros,0.3,False,0.01324,30.47,,0.04,1777897824
All Pools,AVAX - ETH,0.3,False,0.01321,16.64,,0.07,1777897824
All Pools,aDXN - AVAX,0.3,False,0.0131,3.663,,0.33,1777897824
All Pools,Trinity - FourFourFour,0.3,False,0.01306,4.971,,0.24,1777897824
All Pools,ChristMark - ChristIAmYou,0.3,False,0.01294,26.53,,0.04,1777897824
All Pools,Trinity - SwiftTaylor,0.3,False,0.01292,17.72,,0.07,1777897824
All Pools,TokenZ - USDC,0.3,False,0.01272,3.765,,0.31,1777897824
All Pools,TokenZ - AVAX,0.3,False,0.01271,2.387,,0.49,1777897824
All Pools,CAI - AMI,0.3,False,0.01268,0.51569,,2.24,1777897824
All Pools,AVAX - GrinchKidAfflict,0.3,False,0.01267,43.27,,0.03,1777897824
All Pools,ValentinMidwifes - Gravity,0.3,False,0.01267,39.06,,0.03,1777897824
All Pools,Gravity - GrinchKidAfflict,0.3,False,0.01266,9.14,,0.13,1777897824
All Pools,GAINS - Degen,0.3,False,0.01254,2.02,,0.57,1777897824
All Pools,Degen - AVAX,0.3,False,0.0125,1997.24,,,1777897824
All Pools,USDC - COSMIC,0.3,False,0.01249,54.19,,0.02,1777897824
All Pools,AVAX - COSMIC,0.3,False,0.01248,1.245,,0.91,1777897824
All Pools,NOCHILL - MU,0.3,False,0.01225,2.163,,0.52,1777897824
All Pools,TRYB - USDC.e,0.3,False,0.01221,31.48,,0.04,1777897824
All Pools,AVAX - LODE,0.3,False,0.01208,1.026,,1.07,1777897824
All Pools,DrainTheSwamp - FollowTheWhiteRabbit,0.3,False,0.01203,11.02,,0.1,1777897824
All Pools,AVAX - BAVA,0.3,False,0.01171,11.5,,0.09,1777897824
All Pools,WETH.e - STATIK,0.3,False,0.0115,1.364,,0.77,1777897824
All Pools,AVAX - MUG,0.3,False,0.01145,1.213,,0.86,1777897824
All Pools,Anon - USDC,0.3,False,0.01142,1.04,,1.0,1777897824
All Pools,AVAX - QUASI,0.3,False,0.01123,586.59,,0.0,1777897824
All Pools,GAINS - QUASI,0.3,False,0.01118,1.398,,0.73,1777897824
All Pools,Wormhole - AVAX,0.3,False,0.01116,103.72,,0.01,1777897824
All Pools,Trinity - Wormhole,0.3,False,0.01115,6.19,,0.16,1777897824
All Pools,Orem - AVAX,0.3,False,0.01095,103.82,,0.01,1777897824
All Pools,Trinity - Orem,0.3,False,0.01094,6.196,,0.16,1777897824
All Pools,COQ - MCV,0.3,False,0.01085,9.787,,0.1,1777897824
All Pools,MCV - AVAX,0.3,False,0.01082,399.9,,0.0,1777897824
All Pools,TickTock - AVAX,0.3,False,0.01076,89.71,,0.01,1777897824
All Pools,TickTock - Now,0.3,False,0.01074,914.81,,0.0,1777897824
All Pools,AVAX - DWC,0.3,False,0.01053,6007.54,,,1777897824
All Pools,HIGHER - HOWDY,0.3,False,0.0105,1.52,,0.63,1777897824
All Pools,JOE - USDt,0.3,False,0.01049,0.8415,,1.14,1777897824
All Pools,BNZ - AVAX,0.3,False,0.01045,62.06,,0.02,1777897824
All Pools,MU - COQAI,0.3,False,0.01042,6.509,,0.15,1777897824
All Pools,Psychic - Turtle,0.3,False,0.01041,60.45,,0.02,1777897824
All Pools,AVAX - OK,0.3,False,0.01014,1.951,,0.47,1777897824
All Pools,AVAX - NORTH,0.3,False,0.01013,2.11,,0.44,1777897824
All Pools,USDT.e - NORTH,0.3,False,0.01011,26.7,,0.03,1777897824
All Pools,aAvaLINK - LINK.e,0.3,False,0.01011,1.865,,0.49,1777897824
All Pools,FTOMB - AVAX,0.3,False,0.01005,10257.0,,,1777897824
All Pools,SHERPA - AVAX,0.3,False,0.00998,131.27,,0.01,1777897824
All Pools,DivineFeminine - ValentinMidwifes,0.3,False,0.00987,41.25,,0.02,1777897824
All Pools,CATWIF - MAJIN,0.3,False,0.00979,0.85734,,1.04,1777897824
All Pools,Psychic - Numbers,0.3,False,0.00963,60.44,,0.01,1777897824
All Pools,TRACTOR - AVAX,0.3,False,0.00959,14847.0,,,1777897824
All Pools,TRACTOR - USDT.e,0.3,False,0.00958,1.971,,0.44,1777897824
All Pools,LUNA - USDC,0.3,False,0.00957,1.402,,0.62,1777897824
All Pools,Psychic - Luck,0.3,False,0.00952,60.45,,0.01,1777897824
All Pools,Psychic - Mirror,0.3,False,0.00949,60.41,,0.01,1777897824
All Pools,APOW - MU,0.3,False,0.00934,3.484,,0.24,1777897824
All Pools,aDXN - aXEN,0.3,False,0.00934,0.62065,,1.37,1777897824
All Pools,AVAX - WOHM,0.3,False,0.00917,3.405,,0.25,1777897824
All Pools,MIM - WOHM,0.3,False,0.00915,86.93,,0.01,1777897824
All Pools,KIMBO - GAINS,0.3,False,0.00898,1.352,,0.61,1777897824
All Pools,MU - SOL,0.3,False,0.0089,1.329,,0.61,1777897824
All Pools,AVAX - TUSK,0.3,False,0.0088,2.484,,0.32,1777897824
All Pools,USDC.e - TUSK,0.3,False,0.00879,9.724,,0.08,1777897824
All Pools,XETA - AVAX,0.3,False,0.00865,0.24675,,3.2,1777897824
All Pools,COQ - SNP,0.3,False,0.00855,26.64,,0.03,1777897824
All Pools,SYN - USDC.e,0.3,False,0.00854,1.225,,0.64,1777897824
All Pools,SNP - AVAX,0.3,False,0.00853,11.56,,0.07,1777897824
All Pools,GAINS - MEAT,0.3,False,0.00853,0.98614,,0.79,1777897824
All Pools,AVAX - HOST,0.3,False,0.00845,1.939,,0.4,1777897824
All Pools,Psychic - Bonfire,0.3,False,0.00831,60.44,,0.01,1777897824
All Pools,KOVIN - MU,0.3,False,0.00822,3.058,,0.25,1777897824
All Pools,XPOW - AVAX,0.3,False,0.00818,119.03,,0.01,1777897824
All Pools,XPOW - USDt,0.3,False,0.00817,1.393,,0.53,1777897824
All Pools,HOST - DAI.e,0.3,False,0.00808,2.994,,0.25,1777897824
All Pools,Psychic - WhoWhoWho,0.3,False,0.00805,60.41,,0.01,1777897824
All Pools,Psychic - Thick,0.3,False,0.00797,60.42,,0.01,1777897824
All Pools,SatoshiNakamoto - Psychic,0.3,False,0.00795,60.45,,0.01,1777897824
All Pools,Psychic - Alphabet,0.3,False,0.00793,60.46,,0.01,1777897824
All Pools,Psychic - Oracle,0.3,False,0.00791,60.45,,0.01,1777897824
All Pools,AAVE.e - USDC.e,0.3,False,0.00789,1.253,,0.57,1777897824
All Pools,Psychic - Codes,0.3,False,0.00777,60.45,,0.01,1777897824
All Pools,Psychic - PennyTrinity,0.3,False,0.00776,60.46,,0.01,1777897824
All Pools,Psychic - Penny,0.3,False,0.00771,60.45,,0.01,1777897824
All Pools,JOE - REDWOLF,0.3,False,0.0077,3.959,,0.18,1777897824
All Pools,AprilFoolsDay - AVAX,0.3,False,0.00768,103.66,,0.01,1777897824
All Pools,Trinity - AprilFoolsDay,0.3,False,0.00767,6.216,,0.11,1777897824
All Pools,AVAX - AXIAL,0.3,False,0.00764,1034.31,,,1777897824
All Pools,LUNA - USDt,0.3,False,0.00763,1.328,,0.52,1777897824
All Pools,Psychic - Verse,0.3,False,0.00752,60.42,,0.01,1777897824
All Pools,Eye - Psychic,0.3,False,0.00751,60.45,,0.01,1777897824
All Pools,Psychic - Gematria,0.3,False,0.00744,60.45,,0.01,1777897824
All Pools,COQ - ARENA,0.3,False,0.00736,1.238,,0.54,1777897824
All Pools,WITCH - AVAX,0.3,False,0.00728,2.76,,0.24,1777897824
All Pools,WITCH - USDC,0.3,False,0.00728,1.718,,0.39,1777897824
All Pools,Psychic - Crypt,0.3,False,0.00724,60.4,,0.01,1777897824
All Pools,Psychic - OneOneOne,0.3,False,0.00718,60.44,,0.01,1777897824
All Pools,Psychic - Architect,0.3,False,0.00716,60.45,,0.01,1777897824
All Pools,Psychic - daVinci,0.3,False,0.00714,60.44,,0.01,1777897824
All Pools,Psychic - Gematria,0.3,False,0.00713,60.45,,0.01,1777897824
All Pools,Psychic - RefZip,0.3,False,0.00712,60.44,,0.01,1777897824
All Pools,JOE - aXEN,0.3,False,0.00711,0.24012,,2.7,1777897824
All Pools,Psychic - Finish,0.3,False,0.00711,60.41,,0.01,1777897824
All Pools,Psychic - Qubit,0.3,False,0.0071,60.41,,0.01,1777897824
All Pools,Psychic - Blessings,0.3,False,0.00708,60.41,,0.01,1777897824
All Pools,Psychic - Solved,0.3,False,0.00708,60.45,,0.01,1777897824
All Pools,Psychic - IAmThatIAm,0.3,False,0.00706,60.45,,0.01,1777897824
All Pools,Psychic - Confusion,0.3,False,0.00705,60.45,,0.01,1777897824
All Pools,AVAX - GematrixDotOrg,0.3,False,0.00705,16.64,,0.04,1777897824
All Pools,Gravity - GematrixDotOrg,0.3,False,0.00703,13.01,,0.05,1777897824
All Pools,Psychic - TwinFlames,0.3,False,0.00703,61.13,,0.01,1777897824
All Pools,NotBrideOfChrist - AVAX,0.3,False,0.00702,69.17,,0.01,1777897824
All Pools,SaintGermain - BLACK,0.3,False,0.00701,2.52,,0.25,1777897824
All Pools,NotBrideOfChrist - SwiftTaylor,0.3,False,0.00701,52.12,,0.01,1777897824
All Pools,Psychic - TrumpCard,0.3,False,0.00699,60.46,,0.01,1777897824
All Pools,Choice - Psychic,0.3,False,0.00698,60.42,,0.01,1777897824
All Pools,Psychic - YouAndI,0.3,False,0.00694,60.44,,0.01,1777897824
All Pools,Loyalty - Psychic,0.3,False,0.00686,60.41,,0.01,1777897824
All Pools,HOWDY - AVAX,0.3,False,0.00686,21245.0,,,1777897824
All Pools,STOMB - AVAX,0.3,False,0.00683,7908.89,,,1777897824
All Pools,Psychic - BiTonic,0.3,False,0.00681,60.45,,0.01,1777897824
All Pools,Psychic - TheArcher,0.3,False,0.00681,60.44,,0.01,1777897824
All Pools,MU - MUG,0.3,False,0.00679,2436.65,,,1777897824
All Pools,Psychic - Artemis,0.3,False,0.00678,60.39,,0.01,1777897824
All Pools,USDC - MU,0.3,False,0.00674,0.34316,,1.79,1777897824
All Pools,AVAX - EDG,0.3,False,0.00672,3.151,,0.19,1777897824
All Pools,MIM - EDG,0.3,False,0.0067,7.919,,0.08,1777897824
All Pools,AAVE.e - meGNX,0.3,False,0.00666,4.026,,0.15,1777897824
All Pools,LYD - REDWOLF,0.3,False,0.00661,4.784,,0.13,1777897824
All Pools,Psychic - Six,0.3,False,0.00657,60.45,,0.01,1777897824
All Pools,Psychic - Nine,0.3,False,0.00654,60.42,,0.01,1777897824
All Pools,GAINS - DWC,0.3,False,0.00653,0.9701,,0.61,1777897824
All Pools,Psychic - ElmoSunkGematria,0.3,False,0.00652,60.46,,0.01,1777897824
All Pools,Spider - Psychic,0.3,False,0.0065,60.4,,0.01,1777897824
All Pools,Psychic - Zero,0.3,False,0.00648,60.42,,0.01,1777897824
All Pools,USV - AVAX,0.3,False,0.0064,1.15,,0.51,1777897824
All Pools,AUSD - HUSKY,0.3,False,0.0064,0.7604,,0.77,1777897824
All Pools,WBTC.e - USDC,0.3,False,0.00633,0.20939,,2.76,1777897824
All Pools,Psychic - Lock,0.3,False,0.00631,60.43,,0.01,1777897824
All Pools,USDC.e - BAVA,0.3,False,0.0063,2.98,,0.19,1777897824
All Pools,ABC - AMI,0.3,False,0.00629,3.917,,0.15,1777897824
All Pools,SNTA - MIM,0.3,False,0.00622,0.99572,,0.57,1777897824
All Pools,Psychic - KekiusMaximus,0.3,False,0.0062,60.45,,0.01,1777897824
All Pools,GAINS - BAWLS,0.3,False,0.00619,0.91797,,0.62,1777897824
All Pools,Psychic - Time,0.3,False,0.00619,60.45,,0.01,1777897824
All Pools,Psychic - SevenSevenSeven,0.3,False,0.00617,60.45,,0.01,1777897824
All Pools,BAWLS - AVAX,0.3,False,0.00617,16.4,,0.03,1777897824
All Pools,Psychic - BirthingCode,0.3,False,0.0061,60.45,,0.01,1777897824
All Pools,Flection - Psychic,0.3,False,0.00607,60.45,,0.01,1777897824
All Pools,Psychic - LordJesusChrist,0.3,False,0.00602,57.91,,0.01,1777897824
All Pools,Psychic - Diamonds,0.3,False,0.006,60.45,,0.01,1777897824
All Pools,SYN - REDWOLF,0.3,False,0.00594,2.622,,0.21,1777897824
All Pools,LUNA - USDC,0.3,False,0.00592,0.13263,,4.08,1777897824
All Pools,Psychic - Happy,0.3,False,0.0059,60.45,,0.01,1777897824
All Pools,USDC - OK,0.3,False,0.0059,1.187,,0.45,1777897824
All Pools,GMX - JOE,0.3,False,0.00584,0.42412,,1.26,1777897824
All Pools,AVAX - VYBE,0.3,False,0.00581,3.302,,0.16,1777897824
All Pools,AVAX - Gaza,0.3,False,0.0058,3.185,,0.17,1777897824
All Pools,MIM - VYBE,0.3,False,0.0058,3.776,,0.14,1777897824
All Pools,TEDDY - AVAX,0.3,False,0.00579,17.01,,0.03,1777897824
All Pools,Psychic - [In]finity,0.3,False,0.00579,60.42,,0.01,1777897824
All Pools,Trinity - Gaza,0.3,False,0.00579,3.771,,0.14,1777897824
All Pools,GMX - USDt,0.3,False,0.00576,0.3755,,1.4,1777897824
All Pools,HIGHER - NOCHILL,0.3,False,0.00572,0.34175,,1.53,1777897824
All Pools,WETH.e - JOE,0.3,False,0.00567,0.03759,,13.76,1777897824
All Pools,Psychic - Alice,0.3,False,0.00566,60.42,,0.01,1777897824
All Pools,Psychic - WhoWho,0.3,False,0.00566,60.45,,0.01,1777897824
All Pools,Psychic - Sequence,0.3,False,0.00564,60.45,,0.01,1777897824
All Pools,AVAI - USDC.e,0.3,False,0.00561,33.34,,0.02,1777897824
All Pools,MIM - SDOG,0.3,False,0.00561,316.63,,0.0,1777897824
All Pools,AVAX - WINE,0.3,False,0.0056,0.66479,,0.77,1777897824
All Pools,KIMBO - KOVIN,0.3,False,0.00559,5.271,,0.1,1777897824
All Pools,USDC.e - SMRT,0.3,False,0.00554,2.204,,0.23,1777897824
All Pools,DWC - MU,0.3,False,0.00554,3.461,,0.15,1777897824
All Pools,AI9000 - AVAX,0.3,False,0.00554,306.43,,0.0,1777897824
All Pools,CATWIF - MU,0.3,False,0.00552,3.603,,0.14,1777897824
All Pools,Psychic - Partment,0.3,False,0.00548,60.43,,0.01,1777897824
All Pools,AVAX - WISE,0.3,False,0.00544,2.804,,0.18,1777897824
All Pools,USDC.e - WISE,0.3,False,0.00543,7.138,,0.07,1777897824
All Pools,GAINS - KONG,0.3,False,0.00542,0.75678,,0.65,1777897824
All Pools,WETH.e - BTCBR,0.3,False,0.00538,0.0609,,8.06,1777897824
All Pools,Hollywood - Ouroboros,0.3,False,0.00531,13.04,,0.04,1777897824
All Pools,3ULL - USDC,0.3,False,0.00529,0.65091,,0.74,1777897824
All Pools,Psychic - Line,0.3,False,0.00524,61.2,,0.01,1777897824
All Pools,Psychic - Who,0.3,False,0.00522,60.45,,0.01,1777897824
All Pools,MEOW - MU,0.3,False,0.00521,1.558,,0.31,1777897824
All Pools,FiveTwelveThirteen - AVAX,0.3,False,0.00521,5.19,,0.09,1777897824
All Pools,ElkeNevusRome - AVAX,0.3,False,0.00521,13.02,,0.04,1777897824
All Pools,COQ - MICRO,0.3,False,0.0052,3.766,,0.13,1777897824
All Pools,ElkeNevusRome - Gravity,0.3,False,0.00519,4.957,,0.1,1777897824
All Pools,FiveTwelveThirteen - Gravity,0.3,False,0.00519,6.882,,0.07,1777897824
All Pools,ETHM - AVAX,0.3,False,0.00518,27.26,,0.02,1777897824
All Pools,AVAX - MICRO,0.3,False,0.00518,23.77,,0.02,1777897824
All Pools,USDC - LODE,0.3,False,0.00513,880.33,,,1777897824
All Pools,Psychic - Ups,0.3,False,0.00509,60.45,,0.01,1777897824
All Pools,WLRS - USDC,0.3,False,0.00501,4.01,,0.11,1777897824
All Pools,WINK - AMI,0.3,False,0.00499,0.10797,,4.22,1777897824
All Pools,GURS - ARENA,0.3,False,0.0049,7.418,,0.06,1777897824
All Pools,ACS - USDt,0.3,False,0.00489,0.96237,,0.46,1777897824
All Pools,GAINS - TECH,0.3,False,0.00481,0.61879,,0.71,1777897824
All Pools,TrueLove - AVAX,0.3,False,0.0048,12.87,,0.03,1777897824
All Pools,TrueLove - Gravity,0.3,False,0.00479,4.902,,0.09,1777897824
All Pools,BEAM - MU,0.3,False,0.0047,1.077,,0.4,1777897824
All Pools,RGOGLZ - AVAX,0.3,False,0.00464,4.086,,0.1,1777897824
All Pools,AMI - MU,0.3,False,0.00453,1.704,,0.24,1777897824
All Pools,ETHM - DAI.e,0.3,False,0.00447,0.6738,,0.61,1777897824
All Pools,AKA - AVAX,0.3,False,0.00445,2.283,,0.18,1777897824
All Pools,AKA - USDt,0.3,False,0.00444,2.952,,0.14,1777897824
All Pools,KR - AVAX,0.3,False,0.00442,1.698,,0.24,1777897824
All Pools,KR - USDC.e,0.3,False,0.0044,11.47,,0.04,1777897824
All Pools,DCAR - AVAX,0.3,False,0.00436,1.101,,0.36,1777897824
All Pools,DCAR - USDC,0.3,False,0.00434,56.21,,0.01,1777897824
All Pools,TT - DAI.e,0.3,False,0.0043,1.914,,0.21,1777897824
All Pools,GAINS - KOVIN,0.3,False,0.0042,0.6417,,0.6,1777897824
All Pools,Psychic - Number,0.3,False,0.00419,60.46,,0.01,1777897824
All Pools,Psychic - Vampire,0.3,False,0.00418,60.45,,0.01,1777897824
All Pools,Psychic - Aquarius,0.3,False,0.00417,60.42,,0.01,1777897824
All Pools,SYN - USDT.e,0.3,False,0.00399,0.65507,,0.56,1777897824
All Pools,Psychic - TrueStory,0.3,False,0.00397,60.45,,0.01,1777897824
All Pools,AVAX - PAR,0.3,False,0.00396,2.389,,0.15,1777897824
All Pools,MIM - PAR,0.3,False,0.00395,1.922,,0.19,1777897824
All Pools,Lightworker - AVAX,0.3,False,0.00395,2.734,,0.13,1777897824
All Pools,GRAPE - AVAX,0.3,False,0.00394,0.87872,,0.41,1777897824
All Pools,Gravity - Lightworker,0.3,False,0.00394,53.4,,0.01,1777897824
All Pools,Evergreen - AVAX,0.3,False,0.00393,25.27,,0.01,1777897824
All Pools,Evergreen - Gravity,0.3,False,0.00392,4.769,,0.07,1777897824
All Pools,Psychic - Seminole,0.3,False,0.00389,60.41,,0.01,1777897824
All Pools,YEEHAW - ARENA,0.3,False,0.00389,2.348,,0.15,1777897824
All Pools,Psychic - PoPo,0.3,False,0.00386,60.45,,0.01,1777897824
All Pools,Psychic - James,0.3,False,0.00382,60.46,,0.01,1777897824
All Pools,RUGPULL - AVAX,0.3,False,0.00381,2.956,,0.12,1777897824
All Pools,Psychic - FinityFinity,0.3,False,0.0038,60.46,,0.01,1777897824
All Pools,EHCNALAVA - AVAX,0.3,False,0.00379,1506.36,,,1777897824
All Pools,COQ - ZUM,0.3,False,0.00379,1.125,,0.31,1777897824
All Pools,KIMBO - EHCNALAVA,0.3,False,0.00379,2.832,,0.12,1777897824
All Pools,SYN - WETH.e,0.3,False,0.00373,0.67988,,0.5,1777897824
All Pools,Psychic - QuetzalCoatl,0.3,False,0.00373,60.45,,0.01,1777897824
All Pools,Trinity - IfYouKnowYouKnow,0.3,False,0.00371,5.027,,0.07,1777897824
All Pools,KIMBO - COQ,0.3,False,0.00371,1.692,,0.2,1777897824
All Pools,WETH.e - meGNX,0.3,False,0.00367,6.644,,0.05,1777897824
All Pools,xJOE - AVAX,0.3,False,0.00365,2.789,,0.12,1777897824
All Pools,MIM - SMRT,0.3,False,0.00364,1.66,,0.2,1777897824
All Pools,TEMPO - AVAX,0.3,False,0.00362,1.076,,0.31,1777897824
All Pools,YETI - WINE,0.3,False,0.00362,1.45,,0.23,1777897824
All Pools,MIM - TEMPO,0.3,False,0.00361,6.745,,0.05,1777897824
All Pools,GATOR - AMI,0.3,False,0.00358,4.491,,0.07,1777897824
All Pools,SMRTr - USDT.e,0.3,False,0.00358,1.302,,0.25,1777897824
All Pools,PNG - USDT.e,0.3,False,0.00358,0.89036,,0.37,1777897824
All Pools,JPYC - AVAX,0.3,False,0.00356,0.27519,,1.18,1777897824
All Pools,Psychic - Checkmate,0.3,False,0.00351,60.59,,0.01,1777897824
All Pools,GG - AVAX,0.3,False,0.00347,0.15974,,1.98,1777897824
All Pools,Psychic - Equal,0.3,False,0.00347,60.45,,0.01,1777897824
All Pools,ARENA - AMI,0.3,False,0.00346,1.392,,0.23,1777897824
All Pools,Psychic - Abracadabra,0.3,False,0.00345,60.43,,0.01,1777897824
All Pools,MIM - DUNEV3,0.3,False,0.00343,66822.0,,,1777897824
All Pools,BTCBR - USDC,0.3,False,0.00342,0.20325,,1.54,1777897824
All Pools,Psychic - PlotTwist,0.3,False,0.00341,61.8,,0.01,1777897824
All Pools,MIM - ICE,0.3,False,0.0033,0.99916,,0.3,1777897824
All Pools,STG - JOE,0.3,False,0.00326,0.16951,,1.76,1777897824
All Pools,EGG - AVAX,0.3,False,0.00326,1.699,,0.17,1777897824
All Pools,Psychic - KatzJoel,0.3,False,0.00325,60.42,,0.0,1777897824
All Pools,EGG - USDT.e,0.3,False,0.00324,1.989,,0.15,1777897824
All Pools,USDt - USDC.e,0.3,False,0.00323,14.23,,0.02,1777897824
All Pools,SB - DAI.e,0.3,False,0.00322,0.12862,,2.28,1777897824
All Pools,ELXR - USDC.e,0.3,False,0.00321,1096.32,,,1777897824
All Pools,Psychic - Hexagon,0.3,False,0.00318,60.45,,0.0,1777897824
All Pools,NOCHILL - ARENA,0.3,False,0.00313,0.43675,,0.65,1777897824
All Pools,WBTC.e - MU,0.3,False,0.00312,0.72225,,0.39,1777897824
All Pools,AI9000 - MU,0.3,False,0.00312,1.289,,0.22,1777897824
All Pools,NXPC - USDC,0.3,False,0.00309,0.71885,,0.39,1777897824
All Pools,CRAFT - USDC.e,0.3,False,0.00309,0.87768,,0.32,1777897824
All Pools,JOE - aDXN,0.3,False,0.00301,0.83537,,0.33,1777897824
All Pools,CATWIF - REDWOLF,0.3,False,0.00299,0.97203,,0.28,1777897824
All Pools,EagleToken - AVAX,0.3,False,0.00293,2.117,,0.13,1777897824
All Pools,EagleToken - USDC.e,0.3,False,0.00292,2.218,,0.12,1777897824
All Pools,AVXT - AVAX,0.3,False,0.00291,52.66,,0.01,1777897824
All Pools,BUSD - USDT.e,0.3,False,0.00289,0.07838,,3.37,1777897824
All Pools,ValentinMidwifes - AVAX,0.3,False,0.00282,2.379,,0.11,1777897824
All Pools,GURS - HOWDY,0.3,False,0.00278,1.884,,0.13,1777897824
All Pools,USDC - TT,0.3,False,0.00276,2.002,,0.13,1777897824
All Pools,UST - WINE,0.3,False,0.00274,0.88439,,0.28,1777897824
All Pools,MU - KET,0.3,False,0.00269,1.329,,0.19,1777897824
All Pools,AVAX - SAGE,0.3,False,0.00265,0.89041,,0.27,1777897824
All Pools,USDC.e - SAGE,0.3,False,0.00264,2.181,,0.11,1777897824
All Pools,BLUB - AVAX,0.0,False,0.00257,47.78,0.0,0.0,1777897824
All Pools,DREGG - USDC.e,0.3,False,0.00253,3.056,,0.08,1777897824
All Pools,AVAX - CAKE,0.3,False,0.00249,0.72088,,0.31,1777897824
All Pools,USDT.e - CAKE,0.3,False,0.00248,48.6,,0.0,1777897824
All Pools,YAK - USDT.e,0.3,False,0.00247,0.55533,,0.41,1777897824
All Pools,KIMBO - UNIQOC,0.3,False,0.00246,0.72767,,0.31,1777897824
All Pools,ARENA - JUICY,0.3,False,0.00245,0.03369,,6.64,1777897824
All Pools,UNIQOC - MAJIN,0.3,False,0.00243,0.25556,,0.87,1777897824
All Pools,BTC.b - MUG,0.3,False,0.00241,0.8943,,0.25,1777897824
All Pools,AI9000 - USDt,0.3,False,0.0024,0.9111,,0.24,1777897824
All Pools,AVAX - WARP,0.3,False,0.0024,1.477,,0.15,1777897824
All Pools,EUROS - AVAX,0.3,False,0.00236,1.189,,0.18,1777897824
All Pools,MAXI - AVAX,0.3,False,0.00227,0.78543,,0.26,1777897824
All Pools,Psychic - Self,0.3,False,0.00222,62.43,,0.0,1777897824
All Pools,LINK.e - MUG,0.3,False,0.00222,0.25201,,0.8,1777897824
All Pools,YEEHAW - HIGHER,0.3,False,0.00219,0.45265,,0.44,1777897824
All Pools,COQ - COFI,0.3,False,0.00217,1.863,,0.11,1777897824
All Pools,AVAX - COFI,0.3,False,0.00217,614.07,,,1777897824
All Pools,KIMBO - AMI,0.3,False,0.00213,4.278,,0.05,1777897824
All Pools,sAVAX - USDC,0.3,False,0.00205,0.53177,,0.35,1777897824
All Pools,TT - USDT.e,0.3,False,0.00202,2.002,,0.09,1777897824
All Pools,USDt - TT,0.3,False,0.00201,2.008,,0.09,1777897824
All Pools,aAvaWAVAX - AVAX,0.3,False,0.00195,0.25833,,0.69,1777897824
All Pools,USDC.e - CHAM,0.3,False,0.00195,0.82553,,0.22,1777897824
All Pools,GATOR - ARENA,0.3,False,0.00195,1.969,,0.09,1777897824
All Pools,BEE - AVAX,0.3,False,0.00192,0.80552,,0.22,1777897824
All Pools,BEE - USDT.e,0.3,False,0.00192,32.38,,0.01,1777897824
All Pools,LIRA - BUSD,0.3,False,0.00184,0.08264,,2.03,1777897824
All Pools,GGP - JUICY,0.3,False,0.0018,0.03429,,4.79,1777897824
All Pools,YAK - JOE,0.3,False,0.00178,1.236,,0.13,1777897824
All Pools,toi - AVAX,0.3,False,0.00178,0.93928,,0.17,1777897824
All Pools,MIM - toi,0.3,False,0.00178,3.441,,0.05,1777897824
All Pools,AVAX - DREX,0.3,False,0.00177,0.59801,,0.27,1777897824
All Pools,MIM - WINE,0.3,False,0.00177,3085.4,,,1777897824
All Pools,MIM - DREX,0.3,False,0.00176,37.59,,0.0,1777897824
All Pools,GAINS - Always,0.3,False,0.00174,0.1055,,1.51,1777897824
All Pools,JOE - CRA,0.3,False,0.00173,11.07,,0.01,1777897824
All Pools,WETH.e - LINK.e,0.3,False,0.00172,0.14959,,1.05,1777897824
All Pools,MM - USDC.e,0.3,False,0.00168,0.60094,,0.25,1777897824
All Pools,HERESY - MEOW,0.3,False,0.00167,0.27698,,0.55,1777897824
All Pools,JOE - USDR,0.3,False,0.00167,0.72327,,0.21,1777897824
All Pools,LIFE - AVAX,0.3,False,0.00162,1.341,,0.11,1777897824
All Pools,MIM - LIFE,0.3,False,0.00162,0.94329,,0.16,1777897824
All Pools,AMI - EROL,0.3,False,0.0016,0.67552,,0.22,1777897824
All Pools,gOHM - JOE,0.3,False,0.00159,3.931,,0.04,1777897824
All Pools,BTC.b - IMPACT,0.3,False,0.00158,0.62709,,0.23,1777897824
All Pools,AVAX - sSB,0.3,False,0.00156,0.504,,0.28,1777897824
All Pools,AVAX - MTB,0.3,False,0.00156,0.95959,,0.15,1777897824
All Pools,REDEEMER - AMI,0.3,False,0.00156,0.01449,,9.8,1777897824
All Pools,USDC.e - sSB,0.3,False,0.00155,837.95,,,1777897824
All Pools,MIM - MTB,0.3,False,0.00155,2.215,,0.06,1777897824
All Pools,AVAX - RUG,0.3,False,0.00155,0.53087,,0.27,1777897824
All Pools,Always - KONG,0.3,False,0.00151,0.04356,,3.17,1777897824
All Pools,AVAX - ICE,0.3,False,0.00151,150.84,,,1777897824
All Pools,AVAX - NXUSD,0.3,False,0.0015,0.49108,,0.28,1777897824
All Pools,USDC.e - NXUSD,0.3,False,0.00149,1.661,,0.08,1777897824
All Pools,USDC.e - WARP,0.3,False,0.00149,0.8643,,0.16,1777897824
All Pools,MUMO - AVAX,0.3,False,0.00148,0.17994,,0.75,1777897824
All Pools,DB - AVAX,0.3,False,0.0014,2.207,,0.06,1777897824
All Pools,MIM - YAK,0.3,False,0.0014,0.43015,,0.3,1777897824
All Pools,MIM - DB,0.3,False,0.0014,0.6708,,0.19,1777897824
All Pools,WETH.e - ETHM,0.3,False,0.00138,0.50062,,0.25,1777897824
All Pools,ETHM - USDC.e,0.3,False,0.00138,0.47824,,0.26,1777897824
All Pools,STICK - AMI,0.3,False,0.00136,0.31031,,0.4,1777897824
All Pools,CANS - AMI,0.3,False,0.00135,0.22745,,0.54,1777897824
All Pools,SLUSH - AVAX,0.3,False,0.00134,0.70104,,0.17,1777897824
All Pools,SLUSH - USDT.e,0.3,False,0.00133,1.325,,0.09,1777897824
All Pools,MEAT - MU,0.3,False,0.00131,0.49936,,0.24,1777897824
All Pools,HUSKY - SNOWY,0.3,False,0.00131,0.43616,,0.27,1777897824
All Pools,QI - SNOWY,0.3,False,0.0013,0.80116,,0.15,1777897824
All Pools,LYD - AVAX,0.3,False,0.00129,0.81929,,0.14,1777897824
All Pools,KANA - AVAX,0.3,False,0.00127,1135.35,,,1777897824
All Pools,Naughty - HIGHER,0.3,False,0.00127,0.44835,,0.26,1777897824
All Pools,KANA - USDC,0.3,False,0.00127,0.51195,,0.23,1777897824
All Pools,Trinity - IngersollLockwood,0.3,False,0.00127,1.125,,0.1,1777897824
All Pools,ALPHAZERO - USDT.e,0.3,False,0.00127,2.164,,0.05,1777897824
All Pools,Naughty - AVAX,0.3,False,0.00126,238.06,,,1777897824
All Pools,MAJIN - AMI,0.3,False,0.00124,0.15545,,0.73,1777897824
All Pools,CRA - USDC.e,0.3,False,0.00123,0.56727,,0.2,1777897824
All Pools,MUME - USDC,0.3,False,0.00123,0.08483,,1.32,1777897824
All Pools,UNI.e - AVAX,0.3,False,0.00122,0.0335,,3.33,1777897824
All Pools,aAvaWAVAX - meGNX,0.3,False,0.0012,4.015,,0.03,1777897824
All Pools,COQ - HOWDY,0.3,False,0.00119,0.56953,,0.19,1777897824
All Pools,HUSKY - aXEN,0.3,False,0.00118,0.0722,,1.49,1777897824
All Pools,tst1 - AVAX,0.3,False,0.00117,0.57908,,0.18,1777897824
All Pools,tst1 - USDT.e,0.3,False,0.00117,2.7,,0.04,1777897824
All Pools,weETH - AVAX,0.3,False,0.00117,0.38729,,0.27,1777897824
All Pools,HOOP - ROCO,0.3,False,0.00116,0.14525,,0.73,1777897824
All Pools,QI - USDC,0.3,False,0.00114,0.08844,,1.18,1777897824
All Pools,SUB - AVAX,0.3,False,0.00113,0.50774,,0.2,1777897824
All Pools,SUB - USDC,0.3,False,0.00113,69.79,,0.0,1777897824
All Pools,GRAPE - WINE,0.3,False,0.00111,7.615,,0.01,1777897824
All Pools,AUX - AVAX,0.3,False,0.00109,0.39317,,0.25,1777897824
All Pools,TIME - SPELL,0.3,False,0.00109,0.82724,,0.12,1777897824
All Pools,AUX - USDC,0.3,False,0.00109,688.53,,,1777897824
All Pools,AVAX - SYMBIOT,0.3,False,0.00107,0.32308,,0.3,1777897824
All Pools,NUG - AVAX,0.3,False,0.00105,0.38215,,0.25,1777897824
All Pools,SLOT - AVAX,0.3,False,0.00105,3939.41,,,1777897824
All Pools,NUG - USDC,0.3,False,0.00105,2.375,,0.04,1777897824
All Pools,SLOT - USDC.e,0.3,False,0.00105,0.4849,,0.2,1777897824
All Pools,LIRA - USDt,0.3,False,0.00103,0.0743,,1.27,1777897824
All Pools,DAI.e - SYMBIOT,0.3,False,0.00102,1.414,,0.07,1777897824
All Pools,TEDDY - USDC,0.3,False,0.00102,0.43319,,0.22,1777897824
All Pools,gOHM - USDT.e,0.3,False,0.00101,0.60729,,0.15,1777897824
All Pools,xJOE - wsOHM,0.3,False,0.00101,0.54225,,0.17,1777897824
All Pools,WET - AVAX,0.3,False,0.001,16.9,,0.01,1777897824
All Pools,WET - USDT.e,0.3,False,,0.44277,,0.21,1777897824
All Pools,PB - AVAX,0.3,False,,0.48971,,0.19,1777897824
All Pools,PB - MIM,0.3,False,,39.82,,0.0,1777897824
All Pools,AVAX - FTEST,0.3,False,,0.39844,,0.23,1777897824
All Pools,USDT.e - FTEST,0.3,False,,1.315,,0.07,1777897824
All Pools,BRO - OSAK,0.3,False,,0.09276,,0.97,1777897824
All Pools,WETH - AVAX,0.3,False,,1.337,,0.07,1777897824
All Pools,SYMBIOT - AVAX,0.3,False,,1.445,,0.06,1777897824
All Pools,AVAX - AKITA,0.3,False,,2519.57,,,1777897824
All Pools,MIM - AKITA,0.3,False,,0.25489,,0.35,1777897824
All Pools,WETH.e - SPELL,0.3,False,,0.29186,,0.29,1777897824
All Pools,SYMBIOT - DAI.e,0.3,False,,0.45854,,0.18,1777897824
All Pools,OH - USDC.e,0.3,False,,0.38863,,0.21,1777897824
All Pools,3ULL - USDT.e,0.3,False,,0.65082,,0.13,1777897824
All Pools,USDT.e - WARP,0.3,False,,0.90409,,0.09,1777897824
All Pools,ROCO - USDT.e,0.3,False,,0.08383,,0.97,1777897824
All Pools,ARABBIT - AVAX,0.3,False,,0.56593,,0.14,1777897824
All Pools,MIM - ARABBIT,0.3,False,,1.295,,0.06,1777897824
All Pools,JOE - AVE,0.3,False,,1.802,,0.04,1777897824
All Pools,SolarDAO - AVAX,0.3,False,,0.39813,,0.2,1777897824
All Pools,LAMA - AVAX,0.3,False,,11754.0,,,1777897824
All Pools,SolarDAO - USDT.e,0.3,False,,2.071,,0.04,1777897824
All Pools,SMOKA - AVAX,0.3,False,,0.54707,,0.14,1777897824
All Pools,MIM - SMOKA,0.3,False,,1.139,,0.07,1777897824
All Pools,USDC - DAI.e,0.3,False,,2.017,,0.04,1777897824
All Pools,LAMA - JUICY,0.3,False,,0.01591,,4.86,1777897824
All Pools,AVAX - PLEB,0.3,False,,0.2709,,0.28,1777897824
All Pools,MIM - PLEB,0.3,False,,54.0,,0.0,1777897824
All Pools,COQ - BMC,0.3,False,,0.09521,,0.79,1777897824
All Pools,gOHM - USDC.e,0.3,False,,0.3094,,0.24,1777897824
All Pools,YUSD - USDC,0.3,False,,23.01,,0.0,1777897824
All Pools,MUMO - MU,0.3,False,,0.61253,,0.12,1777897824
All Pools,AVAX - NUTS,0.3,False,,229.11,,,1777897824
All Pools,USDC - NUTS,0.3,False,,0.23179,,0.31,1777897824
All Pools,GAINS - MEOW,0.3,False,,0.21139,,0.34,1777897824
All Pools,BUSD - MU,0.3,False,,0.02593,,2.7,1777897824
All Pools,JEWEL - AVAX,0.3,False,,0.22111,,0.32,1777897824
All Pools,MIM - WBTC.e,0.3,False,,0.05625,,1.22,1777897824
All Pools,MUME - BUSD,0.3,False,,0.02851,,2.4,1777897824
All Pools,XPOW - USDt,0.3,False,,0.03721,,1.8,1777897824
All Pools,USDC.e - WET,0.3,False,,0.44419,,0.15,1777897824
All Pools,MU - GEC,0.3,False,,0.08985,,0.74,1777897824
All Pools,LUNA - UST,0.3,False,,0.07916,,0.84,1777897824
All Pools,USDC.e - XAVA,0.3,False,,0.36152,,0.18,1777897824
All Pools,AVAX - HOST,0.3,False,,0.14377,,0.46,1777897824
All Pools,AVAX - RBEES,0.3,False,,0.69491,,0.09,1777897824
All Pools,USDC.e - RBEES,0.3,False,,0.49568,,0.13,1777897824
All Pools,DAI.e - HOST,0.3,False,,16.09,,0.0,1777897824
All Pools,XPOW - USDC,0.3,False,,0.04129,,1.5,1777897824
All Pools,CLAVIS - AVAX,0.3,False,,0.13344,,0.46,1777897824
All Pools,MIM - CLAVIS,0.3,False,,120.23,,,1777897824
All Pools,DMD - AVAX,0.3,False,,26.36,,0.0,1777897824
All Pools,FAR - AVAX,0.3,False,,0.45507,,0.13,1777897824
All Pools,FAR - USDC.e,0.3,False,,0.14989,,0.39,1777897824
All Pools,RENT - JOE,0.3,False,,3.594,,0.02,1777897824
All Pools,RENT - USDT.e,0.3,False,,0.18688,,0.31,1777897824
All Pools,MIM - ICY,0.3,False,,17.19,,0.0,1777897824
All Pools,DMD - DAI.e,0.3,False,,0.12971,,0.45,1777897824
All Pools,ENGLISH - AVAX,0.3,False,,0.23559,,0.24,1777897824
All Pools,STICK - MU,0.3,False,,0.14415,,0.4,1777897824
All Pools,LINK.e - SPELL,0.3,False,,0.17476,,0.33,1777897824
All Pools,AVAX - BANKSY V2,0.3,False,,0.33408,,0.16,1777897824
All Pools,USDT.e - BANKSY V2,0.3,False,,0.92034,,0.06,1777897824
All Pools,SNOW - AVAX,0.3,False,,0.19547,,0.27,1777897824
All Pools,WETH.e - MUMO,0.3,False,,0.22783,,0.23,1777897824
All Pools,MIM - SNOW,0.3,False,,0.64569,,0.08,1777897824
All Pools,LEXIP - AVAX,0.3,False,,0.4251,,0.12,1777897824
All Pools,MUMO - USDC.e,0.3,False,,0.13188,,0.39,1777897824
All Pools,MIM - LEXIP,0.3,False,,0.23824,,0.22,1777897824
All Pools,SN - AVAX,0.3,False,,0.12332,,0.4,1777897824
All Pools,MIM - SN,0.3,False,,100.68,,,1777897824
All Pools,WETH - MU,0.3,False,,0.09328,,0.53,1777897824
All Pools,AVAX - BANKSY,0.3,False,,0.22864,,0.21,1777897824
All Pools,BANKSY - AVAX,0.3,False,,0.19131,,0.26,1777897824
All Pools,USDC.e - BANKSY,0.3,False,,0.69112,,0.07,1777897824
All Pools,BANKSY - USDT.e,0.3,False,,0.68075,,0.07,1777897824
All Pools,WOLF - USDt,0.3,False,,0.11027,,0.44,1777897824
All Pools,ETHM - LINK.e,0.3,False,,0.11016,,0.42,1777897824
All Pools,xAVAX - AVAX,0.3,False,,0.73066,,0.06,1777897824
All Pools,xAVAX - USDC,0.3,False,,0.24587,,0.18,1777897824
All Pools,MUME - USDC.e,0.3,False,,0.55597,,0.08,1777897824
All Pools,KIMBO - MU,0.3,False,,0.09942,,0.45,1777897824
All Pools,BNB - MU,0.3,False,,0.08707,,0.52,1777897824
All Pools,CRA - USDT.e,0.3,False,,0.26703,,0.17,1777897824
All Pools,BLZZ - AVAX,0.3,False,,7937.29,,,1777897824
All Pools,DAI.e - PEFI,0.3,False,,0.13225,,0.33,1777897824
All Pools,BLZZ - USDC.e,0.3,False,,0.08525,,0.51,1777897824
All Pools,sifu - USDT.e,0.3,False,,9.306,,0.0,1777897824
All Pools,MUi - MU,0.3,False,,0.08385,,0.49,1777897824
All Pools,xORDER - AVAX,0.3,False,,0.2354,,0.17,1777897824
All Pools,AVAX - TUS,0.3,False,,8223.92,,,1777897824
All Pools,YEEHAW - MU,0.3,False,,0.28699,,0.14,1777897824
All Pools,xORDER - USDC,0.3,False,,0.19305,,0.21,1777897824
All Pools,USDT.e - TUS,0.3,False,,0.12237,,0.33,1777897824
All Pools,HUSKY - SMRTr,0.3,False,,0.06929,,0.58,1777897824
All Pools,CRV - AVAX,0.3,False,,42.13,,,1777897824
All Pools,CRV - USDT.e,0.3,False,,0.12969,,0.31,1777897824
All Pools,GRT.e - AVAX,0.3,False,,7.331,,0.01,1777897824
All Pools,MUi - WINK,0.3,False,,0.0152,,2.6,1777897824
All Pools,USDt - APOW,0.3,False,,0.15518,,0.25,1777897824
All Pools,ONION - CORN,0.3,False,,34.27,,,1777897824
All Pools,AUSD - USDC,0.01,False,13670258.0,4184310.0,1367.1,11.93,1777901421
All Pools,AUSD - USDt,0.01,False,13548305.0,3418359.0,1354.91,14.47,1777901421
All Pools,AVAX - USDC,0.05,False,7819069.0,3890562.0,4163.45,39.06,1777901421
All Pools,USDC.e - O3,0.3,False,655517.0,343038696.0,1638.79,0.17,1777901421
All Pools,BTC.b - USDC,0.05,False,439011.0,803489.0,230.77,10.48,1777901421
All Pools,USDt - USDC,0.005,False,153231.0,694965.0,10.82,0.57,1777901421
All Pools,AVAX - USDC,0.2,False,110271.0,204362.0,223.64,39.94,1777901421
All Pools,sAVAX - AVAX,0.01,False,72771.0,186985.0,7.347,1.43,1777901421
All Pools,GUN - AVAX,0.25,False,47356.0,126593.0,122.28,35.26,1777901421
All Pools,AVAX - BTC.b,0.05,False,41375.0,580929.0,21.92,1.38,1777901421
All Pools,GUN - AVAX,0.1,False,40079.0,39773.0,42.89,39.36,1777901421
All Pools,ARENA - AVAX,0.01,False,39856.0,176591.0,3.982,0.82,1777901421
All Pools,XAUt0 - USDt,0.04,False,38264.0,38158.0,17.73,16.96,1777901421
All Pools,USDC - XAVA,0.3,False,37308.0,613301.0,93.27,5.55,1777901421
All Pools,DAI.e - USDC,0.02,False,36244.0,31030.0,9.278,10.91,1777901421
All Pools,USDT.e - USDC,0.02,False,29987.0,48843.0,6.051,4.52,1777901421
All Pools,NXPC - AVAX,0.3,False,29986.0,238361.0,74.97,11.48,1777901421
All Pools,AVAX - USDt,0.2,False,26274.0,130462.0,53.11,14.86,1777901421
All Pools,USDT.e - USDt,0.02,False,21133.0,44292.0,4.253,3.5,1777901421
All Pools,AVAX - USDT.e,0.3,False,18434.0,551606.0,46.09,3.05,1777901421
All Pools,AVAX - USDC,0.3,False,16330.0,405379.0,40.82,3.68,1777901421
All Pools,MIM - AVAX,0.3,False,16260.0,561214.0,40.65,2.64,1777901421
All Pools,FOLKS - AVAX,0.25,False,14742.0,34485.0,37.67,39.87,1777901421
All Pools,USDt - USDC,0.01,False,13606.0,181714.0,1.09,0.22,1777901421
All Pools,USDC.e - AVAX,0.3,False,13185.0,429112.0,32.96,2.8,1777901421
All Pools,QI - AVAX,0.3,False,13109.0,243218.0,32.77,4.92,1777901421
All Pools,COQ - AVAX,0.3,False,11183.0,611105.0,27.96,1.67,1777901421
All Pools,JOE - AVAX,0.3,False,10325.0,521438.0,25.81,1.81,1777901421
All Pools,JOE - USDC.e,0.3,False,8983.13,337640.0,22.46,2.43,1777901421
All Pools,WBTC.e - BTC.b,0.03,False,8614.19,330801.0,2.658,0.29,1777901421
All Pools,EURC - USDC,0.03,False,7200.56,13070.0,2.302,6.43,1777901421
All Pools,NOCHILL - AVAX,0.3,False,6819.05,83341.0,17.05,7.47,1777901421
All Pools,WBTC - BTC.b,0.03,False,6608.86,82951.0,1.999,0.88,1777901421
All Pools,USDT.e - USDC,0.02,False,5456.27,887.13,0.59285,24.39,1777901421
All Pools,ORNG - AVAX,0.3,False,4323.49,27843.0,10.81,14.17,1777901421
All Pools,JPYC - USDC,0.04,False,4094.67,4461.81,2.27,18.57,1777901421
All Pools,SolvBTC - BTC.b,0.04,False,4075.41,256718.0,2.052,0.29,1777901421
All Pools,DAI.e - USDC,0.02,False,4025.0,2540.53,1.081,15.53,1777901421
All Pools,FLD - AVAX,0.3,False,3062.86,51783.0,7.657,5.4,1777901421
All Pools,BEAM - AVAX,0.25,False,2365.87,20254.0,5.953,10.73,1777901421
All Pools,XAVA - AVAX,0.8,False,2329.78,226503.0,18.73,3.02,1777901421
All Pools,WETH.e - AVAX,0.3,False,2296.61,495321.0,5.742,0.42,1777901421
All Pools,HEFE - AVAX,0.3,False,2148.85,21255.0,5.372,9.23,1777901421
All Pools,AUSD - AVAX,0.1,False,2124.84,39450.0,2.213,2.05,1777901421
All Pools,LINK.e - AVAX,0.3,False,2114.92,49001.0,5.287,3.94,1777901421
All Pools,BEAM - USDC,0.3,False,2094.44,72487.0,5.236,2.64,1777901421
All Pools,AAVE.e - AVAX,0.3,False,2054.24,300106.0,5.136,0.62,1777901421
All Pools,WBTC.e - AVAX,0.3,False,1980.62,172001.0,4.952,1.05,1777901421
All Pools,JOE - USDT.e,0.3,False,1972.15,67692.0,4.93,2.66,1777901421
All Pools,AVAX - avUSD,0.25,False,1963.78,2330.54,4.938,77.34,1777901421
All Pools,USDt - AVAX,0.3,False,1865.99,45033.0,4.665,3.78,1777901421
All Pools,BEAM - AVAX,0.3,False,1750.6,94044.0,4.376,1.7,1777901421
All Pools,XAVA - AVAX,0.25,False,1680.71,3177.17,4.381,50.33,1777901421
All Pools,ALOT - AVAX,0.3,False,1669.21,227055.0,4.173,0.67,1777901421
All Pools,BTC.b - AVAX,0.3,False,1641.25,141566.0,4.103,1.06,1777901421
All Pools,ZRO - AVAX,0.25,False,1432.14,2260.89,11.5,185.65,1777901421
All Pools,HUNDRED - USDC,0.3,False,1357.21,518636.0,3.393,0.24,1777901421
All Pools,JOE - USDC,0.3,False,1349.65,40236.0,3.374,3.06,1777901421
All Pools,USDt - USDC,0.02,False,1292.85,2235.26,0.28666,4.68,1777901421
All Pools,AVAX - JUICE,0.3,False,1216.42,15787.0,3.041,7.03,1777901421
All Pools,AVAX - DAI.e,0.3,False,1202.49,34093.0,3.006,3.22,1777901421
All Pools,LCPEDU - USDt,0.8,False,1002.83,9626335.0,16.08,0.06,1777901421
All Pools,SIERRA - USDC,0.1,False,984.02,40241.0,0.98499,0.89,1777901421
All Pools,WETH.e - USDC,0.15,False,825.18,10049.0,1.261,4.58,1777901421
All Pools,w3ULL - AVAX,0.3,False,731.71,64839.0,1.829,1.03,1777901421
All Pools,AVAX - ALVA,0.3,False,718.19,1273.2,1.795,51.47,1777901421
All Pools,SHRAP - AVAX,0.8,False,713.12,12833.0,6.464,18.39,1777901421
All Pools,SOL - AVAX,0.3,False,625.38,433105.0,1.563,0.13,1777901421
All Pools,AVAX - XAVA,0.3,False,583.36,15975.0,1.458,3.33,1777901421
All Pools,GMX - AVAX,0.3,False,512.45,4904.21,1.281,9.53,1777901421
All Pools,AARB - AVAX,0.3,False,439.33,0.1816,1.098,220753.38,1777901421
All Pools,ARC - AVAX,0.3,False,439.02,0.18154,1.098,220674.84,1777901421
All Pools,JOE - AVAX,0.25,False,433.56,10692.0,1.093,3.73,1777901421
All Pools,MUON - AVAX,0.3,False,376.27,47006.0,0.94067,0.73,1777901421
All Pools,gOHM - AVAX,0.3,False,323.6,139509.0,0.80899,0.21,1777901421
All Pools,AVAX - UST,0.3,False,322.9,9031.93,0.80725,3.26,1777901421
All Pools,HERESY - AVAX,0.3,False,297.97,21940.0,0.74492,1.24,1777901421
All Pools,UST - AVAX,0.3,False,290.83,7875.63,0.72707,3.37,1777901421
All Pools,KLO - AVAX,0.3,False,274.82,14590.0,0.68704,1.72,1777901421
All Pools,sAVAX - AVAX,0.3,False,259.72,240625.0,0.64931,0.1,1777901421
All Pools,WETH.e - USDC.e,0.3,False,248.69,12347.0,0.62172,1.84,1777901421
All Pools,QI - AVAX,0.25,False,246.33,14994.0,0.61797,1.5,1777901421
All Pools,YUSD - USDC,0.02,False,240.61,122000.0,0.04812,0.01,1777901421
All Pools,PTOP800 - USDC,0.1,False,201.99,652.01,0.20394,11.42,1777901421
All Pools,XETA - USDC,0.3,False,199.37,6382.42,0.49844,2.85,1777901421
All Pools,USDC.e - USDC,0.3,False,194.6,483737.0,0.48649,0.04,1777901421
All Pools,WBTC.e - BTC.b,0.03,False,191.66,688.16,0.08635,4.58,1777901421
All Pools,PTOP800 - AVAX,0.1,False,183.3,600.19,0.1844,11.21,1777901421
All Pools,XSEED - AVAX,0.3,False,173.49,12545.0,0.43372,1.26,1777901421
All Pools,STG - USDC,0.3,False,173.45,1463.29,0.43362,10.82,1777901421
All Pools,AVAX - JUICY,0.3,False,172.09,3022.34,0.43023,5.2,1777901421
All Pools,PTOP1100 - USDC,0.1,False,142.66,662.98,0.14352,7.9,1777901421
All Pools,PTOP1100 - AVAX,0.1,False,141.55,361.43,0.14369,14.51,1777901421
All Pools,KIMBO - AVAX,0.3,False,135.53,63969.0,0.33883,0.19,1777901421
All Pools,LUNA - USDC.e,0.3,False,112.19,899.72,0.28046,11.38,1777901421
All Pools,PTOP1300 - AVAX,0.1,False,111.51,574.14,0.11192,7.12,1777901421
All Pools,PTOP1300 - USDC,0.1,False,111.13,345.09,0.11182,11.83,1777901421
All Pools,XPOW - AVAX,0.3,False,102.62,386.25,0.25654,24.24,1777901421
All Pools,MIM - USDt,0.03,False,95.59,9.674,0.0316,119.24,1777901421
All Pools,PTOP1200 - AVAX,0.1,False,94.42,678.47,0.09454,5.09,1777901421
All Pools,PTOP1200 - USDC,0.1,False,93.81,195.82,0.09562,17.82,1777901421
All Pools,EVO - AVAX,0.3,False,86.05,13673.0,0.21512,0.57,1777901421
All Pools,APIX - USDt,0.3,False,84.33,6911.33,0.21083,1.11,1777901421
All Pools,STG - AVAX,0.3,False,81.77,1453.75,0.20443,5.13,1777901421
All Pools,CAT - AVAX,0.3,False,74.19,1961.03,0.18547,3.45,1777901421
All Pools,PRIME - AVAX,0.4,False,74.09,108584.0,0.90649,0.3,1777901421
All Pools,JOE - AVAX,0.15,False,70.3,69019.0,0.10774,0.06,1777901421
All Pools,TECH - AVAX,0.3,False,69.5,14052.0,0.17376,0.45,1777901421
All Pools,OSAK - AVAX,0.3,False,65.94,6050.33,0.16485,0.99,1777901421
All Pools,MAJIN - AVAX,0.3,False,65.34,4239.32,0.16336,1.41,1777901421
All Pools,CAPY - ARENA,0.3,False,58.98,31588.0,0.14746,0.17,1777901421
All Pools,CAI - AVAX,0.3,False,56.94,1802.13,0.14235,2.88,1777901421
All Pools,FITFI - USDT.e,0.3,False,56.78,370.21,0.14194,13.99,1777901421
All Pools,AVAX - GEC,0.3,False,50.77,35796.0,0.12693,0.13,1777901421
All Pools,AVAX - APOW,0.3,False,49.13,25514.0,0.12283,0.18,1777901421
All Pools,CDK - AVAX,0.25,False,48.94,5702.29,0.19133,1.22,1777901421
All Pools,GGP - AVAX,0.3,False,48.63,92129.0,0.12157,0.05,1777901421
All Pools,SOL - AVAX,0.1,False,47.92,1083.15,0.04795,1.62,1777901421
All Pools,AVAX - RISE,0.3,False,45.82,59601.0,0.11455,0.07,1777901421
All Pools,gOHM - FRAX,0.3,False,45.01,3579.96,0.11252,1.15,1777901421
All Pools,SB - AVAX,0.3,False,43.63,6896.47,0.10908,0.58,1777901421
All Pools,XPOW - APOW,0.3,False,42.56,961.87,0.10639,4.04,1777901421
All Pools,PNG - AVAX,0.3,False,39.83,1060.86,0.09958,3.43,1777901421
All Pools,FTR - AVAX,0.3,False,37.34,1286.43,0.09334,2.65,1777901421
All Pools,APIX - USDC,0.3,False,37.23,3447.59,0.09307,0.99,1777901421
All Pools,MIM - SB,0.3,False,33.37,5709.13,0.08344,0.53,1777901421
All Pools,APIX - ID,0.3,False,31.39,25451.0,0.07847,0.11,1777901421
All Pools,GUN - BLSEYE🎯,0.3,False,30.52,951.12,0.07629,2.93,1777901421
All Pools,BOOTY - AVAX,0.3,False,30.12,2110.7,0.07529,1.3,1777901421
All Pools,BLSEYE🎯 - AVAX,0.3,False,29.77,6000.48,0.07442,0.45,1777901421
All Pools,APIX - ARENA,0.3,False,28.9,2331.92,0.07224,1.13,1777901421
All Pools,USDC.e - USDC,0.02,False,28.31,17000.0,0.00324,0.01,1777901421
All Pools,AVAX - FRAX,0.3,False,27.91,1016.86,0.06978,2.5,1777901421
All Pools,MIM - WETH.e,0.3,False,27.5,1463.85,0.06874,1.71,1777901421
All Pools,YAK - AVAX,0.3,False,24.51,110482.0,0.06127,0.02,1777901421
All Pools,CATCH - AVAX,0.3,False,24.42,305.44,0.06105,7.3,1777901421
All Pools,PTOP800 - BTC.b,0.1,False,24.13,997.13,0.02886,1.06,1777901421
All Pools,ROCO - AVAX,0.3,False,23.13,1273.71,0.05782,1.66,1777901421
All Pools,SECOND - AVAX,0.3,False,22.61,1775.22,0.05653,1.16,1777901421
All Pools,SECOND - USDC,0.3,False,22.61,7249.03,0.05653,0.28,1777901421
All Pools,ggAVAX - AVAX,0.04,False,22.22,368.98,0.00235,0.23,1777901421
All Pools,Balln - AVAX,0.3,False,21.9,4227.3,0.05474,0.47,1777901421
All Pools,RGOGLZ - USDC,0.3,False,20.46,1590.9,0.05114,1.17,1777901421
All Pools,BOI - AVAX,0.3,False,19.67,76.58,0.04918,23.44,1777901421
All Pools,GENI - USDC,0.3,False,19.61,1479.52,0.04903,1.21,1777901421
All Pools,GUN - AVAX,0.3,False,19.46,444.43,0.04866,4.0,1777901421
All Pools,USDC.e - DAI.e,0.3,False,19.07,22758.0,0.04767,0.08,1777901421
All Pools,HAREM - AVAX,0.3,False,17.27,127.38,0.04318,12.37,1777901421
All Pools,UST - USDC.e,0.3,False,17.09,770.98,0.04273,2.02,1777901421
All Pools,USDt - ncash,0.3,False,17.04,1131.45,0.0426,1.37,1777901421
All Pools,USDC.e - USDT.e,0.3,False,17.03,40413.0,0.04259,0.04,1777901421
All Pools,HATCHY - AVAX,0.3,False,16.47,9696.23,0.04118,0.16,1777901421
All Pools,USDV - AVAX,0.25,False,16.19,1824.33,0.06333,1.27,1777901421
All Pools,DCAU - AVAX,0.3,False,16.01,1272.3,0.04002,1.15,1777901421
All Pools,WOM - AVAX,0.3,False,15.65,838.69,0.03913,1.7,1777901421
All Pools,DCAU - USDT.e,0.3,False,15.41,5351.61,0.03853,0.26,1777901421
All Pools,Psychic - AVAX,0.3,False,14.96,1170.65,0.03739,1.17,1777901421
All Pools,HUSKY - AVAX,0.3,False,14.75,3657.4,0.03689,0.37,1777901421
All Pools,BUSD - AVAX,0.3,False,14.65,418.36,0.03663,3.2,1777901421
All Pools,UST - USDC,0.3,False,14.62,485.96,0.03654,2.74,1777901421
All Pools,SVETA - AVAX,0.3,False,14.36,1390.6,0.0359,0.94,1777901421
All Pools,sAVAX - JACK,0.3,False,14.35,293183.0,0.03587,0.0,1777901421
All Pools,AVAX - STICK,0.3,False,14.27,2134.04,0.03568,0.61,1777901421
All Pools,ORNG - MOOM,0.3,False,13.53,405.11,0.03382,3.05,1777901421
All Pools,DAI.e - USDt,0.25,False,13.5,21051.0,0.03227,0.06,1777901421
All Pools,XROSS - ORNG,0.3,False,13.09,487.72,0.03272,2.45,1777901421
All Pools,GURS - AVAX,0.3,False,12.39,7648.66,0.03098,0.15,1777901421
All Pools,AVAX - CLY,0.3,False,12.19,58951.0,0.03047,0.02,1777901421
All Pools,ORNG - JUCI,0.3,False,12.11,505.48,0.03026,2.19,1777901421
All Pools,AVAX - DOMI,0.3,False,12.05,17228.0,0.03012,0.06,1777901421
All Pools,YUSD - AVAX,0.3,False,11.52,134.01,0.02879,7.84,1777901421
All Pools,DATCM - ORNG,0.3,False,11.43,488.48,0.02857,2.13,1777901421
All Pools,Ush - AVAX,0.3,False,10.84,2826.57,0.02709,0.35,1777901421
All Pools,SHRAP - DOMI,0.3,False,10.61,290.4,0.02654,3.34,1777901421
All Pools,Psychic - XAUt0,0.3,False,10.57,6926.31,0.02643,0.14,1777901421
All Pools,AVAX - HON,0.3,False,10.56,90372.0,0.0264,0.01,1777901421
All Pools,PTOP1000 - AVAX,0.1,False,10.47,624.8,0.01049,0.61,1777901421
All Pools,agEUR - USDC,0.3,False,10.35,63.79,0.02588,14.81,1777901421
All Pools,YOU - ORNG,0.3,False,10.23,3266.03,0.02557,0.29,1777901421
All Pools,SYN - AVAX,0.3,False,9.992,2772.56,0.02498,0.33,1777901421
All Pools,ZRO - AVAX,0.3,False,9.888,196.81,0.02472,4.58,1777901421
All Pools,JPYC - USDC,0.3,False,9.866,351.68,0.02466,2.56,1777901421
All Pools,ORNG - FLUX,0.3,False,9.762,366.85,0.0244,2.43,1777901421
All Pools,AVAXAI - USDC,0.3,False,9.717,1722.56,0.02429,0.51,1777901421
All Pools,AVAX - PEFI,0.3,False,9.322,4500.05,0.0233,0.19,1777901421
All Pools,WINK - AVAX,0.3,False,8.951,80.02,0.02238,10.21,1777901421
All Pools,ORNG - SAI,0.3,False,8.769,301.54,0.02192,2.65,1777901421
All Pools,AVAX - SQRCAT,0.3,False,8.594,5945.73,0.02148,0.13,1777901421
All Pools,MDG - USDT.e,0.3,False,8.547,18085.0,0.02137,0.04,1777901421
All Pools,MDG - USDC.e,0.3,False,8.547,9807.05,0.02137,0.08,1777901421
All Pools,MEAT - AVAX,0.3,False,8.14,5391.49,0.02035,0.14,1777901421
All Pools,BLSEYE🎯 - ARENA,0.3,False,8.07,1167.28,0.02018,0.63,1777901421
All Pools,LINK.e - USDT.e,0.3,False,7.584,236.92,0.01896,2.92,1777901421
All Pools,AVAX - ELK,0.3,False,7.199,1708.92,0.018,0.38,1777901421
All Pools,CATWIF - AVAX,0.3,False,7.006,3272.8,0.01752,0.2,1777901421
All Pools,USV - DAI.e,0.3,False,6.89,4267.95,0.01723,0.15,1777901421
All Pools,MAI - AVAX,0.3,False,6.556,1816.03,0.01639,0.33,1777901421
All Pools,avUSD - sAVAX,0.3,False,6.232,264.83,0.01558,2.15,1777901421
All Pools,FITFI - AVAX,0.3,False,6.107,38.98,0.01527,14.29,1777901421
All Pools,MYST - AVAX,0.3,False,5.219,904.98,0.01305,0.53,1777901421
All Pools,LINK.e - USDC.e,0.3,False,5.145,197.4,0.01286,2.38,1777901421
All Pools,SWIFT - USDC.e,0.3,False,4.903,537.0,0.01226,0.83,1777901421
All Pools,SWIFT - WETH.e,0.3,False,4.142,1623.29,0.01035,0.23,1777901421
All Pools,USDT.e - DAI.e,0.3,False,4.034,7332.48,0.01009,0.05,1777901421
All Pools,PNG - JOE,0.3,False,4.029,172.03,0.01007,2.14,1777901421
All Pools,ISA - USDC.e,0.3,False,3.969,487.74,0.00992,0.74,1777901421
All Pools,APOW - AVAX,0.3,False,3.882,1074.59,0.0097,0.33,1777901421
All Pools,LUNA - AVAX,0.3,False,3.793,22.56,0.00948,15.34,1777901421
All Pools,ISA - AVAX,0.3,False,3.699,1455.02,0.00925,0.23,1777901421
All Pools,WETH - USDC.e,0.3,False,3.531,228.11,0.00883,1.41,1777901421
All Pools,LIQR - AVAX,0.3,False,3.413,51862.0,0.00853,0.01,1777901421
All Pools,USDT.e - CLY,0.3,False,3.234,260.64,0.00809,1.13,1777901421
All Pools,DPS - USDC,0.3,False,3.011,1938.52,0.00753,0.14,1777901421
All Pools,DPS - AVAX,0.3,False,3.011,221.85,0.00753,1.24,1777901421
All Pools,YAK - USDC.e,0.3,False,3.006,219.4,0.00751,1.25,1777901421
All Pools,WETH.e - USDT.e,0.3,False,2.836,167.93,0.00709,1.54,1777901421
All Pools,KINGSHIT - AVAX,0.3,False,2.786,4991.96,0.00697,0.05,1777901421
All Pools,TINU - AVAX,0.3,False,2.724,1352.12,0.00681,0.18,1777901421
All Pools,BTC.b - TOPIA,0.3,False,2.643,308.1,0.00661,0.78,1777901421
All Pools,LUNA - USDC.e,0.3,False,2.636,326.48,0.00659,0.74,1777901421
All Pools,REDWOLF - USDC,0.3,False,2.599,203.28,0.0065,1.17,1777901421
All Pools,USDC - SOCK,0.3,False,2.52,481.94,0.0063,0.48,1777901421
All Pools,AVAX - SOCK,0.3,False,2.519,3289.38,0.0063,0.07,1777901421
All Pools,MYST - USDC,0.3,False,2.516,255.23,0.00629,0.9,1777901421
All Pools,RPEPE - AVAX,0.3,False,2.51,6301.2,0.00627,0.04,1777901421
All Pools,AVAX - aXEN,0.3,False,2.498,77.84,0.00625,2.93,1777901421
All Pools,REDWOLF - AVAX,0.3,False,2.421,501.72,0.00605,0.44,1777901421
All Pools,AVAX - FRAX,0.3,False,2.418,270.91,0.00605,0.81,1777901421
All Pools,WETH.e - ONION,0.3,False,2.346,273.36,0.00586,0.78,1777901421
All Pools,AVAX - TIME,0.3,False,2.315,1208.48,0.00579,0.17,1777901421
All Pools,pAVAX - AVAX,0.3,False,2.305,1710.62,0.00576,0.12,1777901421
All Pools,MAGICK - USDC,0.3,False,2.129,239.94,0.00532,0.81,1777901421
All Pools,MAGICK - AVAX,0.3,False,2.129,353.71,0.00532,0.55,1777901421
All Pools,FXS - AVAX,0.3,False,2.128,438.85,0.00532,0.44,1777901421
All Pools,ACS - AVAX,0.3,False,2.125,209.53,0.00531,0.93,1777901421
All Pools,LORD - AVAX,0.3,False,2.109,1954.64,0.00527,0.1,1777901421
All Pools,USDT.e - ONION,0.3,False,2.066,770.94,0.00516,0.24,1777901421
All Pools,HOST - DAI.e,0.3,False,2.054,2584.61,0.00513,0.07,1777901421
All Pools,67 - AVAX,0.3,False,2.022,26.18,0.00505,7.05,1777901421
All Pools,APOW - USDC,0.3,False,2.01,168.21,0.00502,1.09,1777901421
All Pools,AVAX - SPELL,0.3,False,1.975,2764.55,0.00494,0.07,1777901421
All Pools,NOCHILL - OX,0.3,False,1.972,12452.0,0.00493,0.01,1777901421
All Pools,USDC.e - MU,0.3,False,1.953,13423.0,0.00488,0.01,1777901421
All Pools,AVAX - AMI,0.3,False,1.95,538.64,0.00487,0.33,1777901421
All Pools,MIM - LF,0.3,False,1.894,905.06,0.00473,0.19,1777901421
All Pools,LF - AVAX,0.3,False,1.894,290.85,0.00473,0.59,1777901421
All Pools,AVAX - USDT,0.3,False,1.887,2010.06,0.00472,0.09,1777901421
All Pools,APOW - USDt,0.3,False,1.876,168.01,0.00469,1.02,1777901421
All Pools,Gravity - AVAX,0.3,False,1.824,340.2,0.00456,0.49,1777901421
All Pools,FollowTheWhiteRabbit - BLACK,0.3,False,1.762,1188.5,0.0044,0.14,1777901421
All Pools,USDC.e - AVVO,0.3,False,1.724,249.92,0.00431,0.63,1777901421
All Pools,Gravity - BLACK,0.3,False,1.714,1077.65,0.00428,0.15,1777901421
All Pools,Psychic - BLACK,0.3,False,1.706,463.31,0.00427,0.34,1777901421
All Pools,AVAX - ONION,0.3,False,1.694,181.56,0.00424,0.85,1777901421
All Pools,PIZZA - AVAX,0.3,False,1.684,517.63,0.00421,0.3,1777901421
All Pools,TRESR - AVAX,0.3,False,1.657,14941.0,0.00414,0.01,1777901421
All Pools,BEAR - AVAX,0.3,False,1.619,7301.14,0.00405,0.02,1777901421
All Pools,COQ - OX,0.3,False,1.615,12679.0,0.00404,0.01,1777901421
All Pools,GENI - AVAX,0.3,False,1.604,74.03,0.00401,1.98,1777901421
All Pools,COQ - BLSEYE🎯,0.3,False,1.573,214.27,0.00393,0.67,1777901421
All Pools,USDt - USDT.e,0.3,False,1.541,20452.0,0.00385,0.01,1777901421
All Pools,FollowTheWhiteRabbit - AVAX,0.3,False,1.531,165.75,0.00383,0.84,1777901421
All Pools,USDC - SHRAP,0.3,False,1.517,28.03,0.00379,4.94,1777901421
All Pools,BLSEYE🎯 - BEAM,0.3,False,1.51,344.64,0.00378,0.4,1777901421
All Pools,AVAX - LUCKY,0.3,False,1.463,4100.94,0.00366,0.03,1777901421
All Pools,USDC.e - ONION,0.3,False,1.44,385.9,0.0036,0.34,1777901421
All Pools,Trinity - AVAX,0.3,False,1.418,1037.15,0.00354,0.12,1777901421
All Pools,Now - AVAX,0.3,False,1.347,268.41,0.00337,0.46,1777901421
All Pools,SMRTr - AVAX,0.3,False,1.345,36515.0,0.00336,0.0,1777901421
All Pools,WBTC.e - USDT.e,0.3,False,1.343,173.69,0.00336,0.71,1777901421
All Pools,SMRTr - USDC.e,0.3,False,1.341,125.34,0.00335,0.98,1777901421
All Pools,MIM - PEFI,0.3,False,1.32,204.88,0.0033,0.59,1777901421
All Pools,DAI.e - ONION,0.3,False,1.315,351.8,0.00329,0.34,1777901421
All Pools,BANKSY - USDT.e,0.3,False,1.292,1546.62,0.00323,0.08,1777901421
All Pools,BANKSY - AVAX,0.3,False,1.292,171.55,0.00323,0.69,1777901421
All Pools,JOE - USDT,0.3,False,1.278,364.8,0.00319,0.32,1777901421
All Pools,KIWI - AVAX,0.3,False,1.266,115.54,0.00316,1.0,1777901421
All Pools,COQ - NOCHILL,0.3,False,1.252,14.3,0.00313,7.99,1777901421
All Pools,XAUt0 - Gravity,0.3,False,1.251,401.21,0.00313,0.28,1777901421
All Pools,KIWI - USDC,0.3,False,1.248,309.3,0.00312,0.37,1777901421
All Pools,LUNA - AVAX,0.3,False,1.235,142.73,0.00309,0.79,1777901421
All Pools,BLSEYE🎯 - MEOW,0.3,False,1.199,674.44,0.003,0.16,1777901421
All Pools,DREGG - AVAX,0.3,False,1.193,178.86,0.00298,0.61,1777901421
All Pools,DREGG - USDT.e,0.3,False,1.191,543.71,0.00298,0.2,1777901421
All Pools,AVAX - NaughtiusMaximus,0.3,False,1.158,445.8,0.00289,0.24,1777901421
All Pools,XAUt0 - NaughtiusMaximus,0.3,False,1.155,1060.61,0.00289,0.1,1777901421
All Pools,AVAX - MU,0.3,False,1.15,88.56,0.00287,1.18,1777901421
All Pools,AVAX - IMPACT2,0.3,False,1.122,168.75,0.00281,0.61,1777901421
All Pools,NOCHILL - KET,0.3,False,1.058,15.37,0.00265,6.28,1777901421
All Pools,Trinity - BLACK,0.3,False,1.038,567.82,0.0026,0.17,1777901421
All Pools,XAUt0 - Now,0.3,False,1.021,717.02,0.00255,0.13,1777901421
All Pools,LUEEGI - AVAX,0.3,False,0.98903,1593.59,0.00247,0.06,1777901421
All Pools,WBTC.e - ONION,0.3,False,0.98618,407.82,0.00247,0.22,1777901421
All Pools,AVAX - SMRT,0.3,False,0.96444,2342.52,0.00241,0.04,1777901421
All Pools,ROY - AVAX,0.3,False,0.96256,4984.26,0.00241,0.02,1777901421
All Pools,AVAX - AVVO,0.3,False,0.93141,301.23,0.00233,0.28,1777901421
All Pools,USDT.e - SMRT,0.3,False,0.92769,106.78,0.00232,0.79,1777901421
All Pools,DCAU - USDC,0.3,False,0.91297,152.17,0.00228,0.55,1777901421
All Pools,JOE - EXP,0.3,False,0.90657,13399272.0,0.00227,,1777901421
All Pools,UST - USDT.e,0.3,False,0.9028,43.74,0.00226,1.88,1777901421
All Pools,rloop - AVAX,0.3,False,0.90159,6277.6,0.00225,0.01,1777901421
All Pools,Now - BLACK,0.3,False,0.87364,447.27,0.00218,0.18,1777901421
All Pools,HOST - AVAX,0.3,False,0.84364,105.94,0.00211,0.73,1777901421
All Pools,USDC - GAU,0.3,False,0.83907,12169.0,0.0021,0.01,1777901421
All Pools,AVAX - $SICKO,0.3,False,0.83496,9.976,0.00209,7.64,1777901421
All Pools,MAXI - DAI.e,0.3,False,0.80965,233.79,0.00202,0.32,1777901421
All Pools,MONEY - AVAX,0.3,False,0.79145,626.5,0.00198,0.12,1777901421
All Pools,MM - USDC,0.3,False,0.77746,83.86,0.00194,0.85,1777901421
All Pools,MM - AVAX,0.3,False,0.77477,133.71,0.00194,0.53,1777901421
All Pools,PTOP1100 - TOPIA,0.3,False,0.77027,150.03,0.00193,0.47,1777901421
All Pools,GUN - AMI,0.3,False,0.76944,22.31,0.00192,3.15,1777901421
All Pools,USDC - SPT,0.3,False,0.75966,40.59,0.0019,1.71,1777901421
All Pools,SWIFT - AVAX,0.3,False,0.75193,306.25,0.00188,0.22,1777901421
All Pools,MIM - TIME,0.3,False,0.73904,122.25,0.00185,0.55,1777901421
All Pools,KALM - USDC,0.3,False,0.73338,84.54,0.00183,0.79,1777901421
All Pools,KALM - AVAX,0.3,False,0.73313,126.18,0.00183,0.53,1777901421
All Pools,AVAX - ChristMark,0.3,False,0.71257,359.84,0.00178,0.18,1777901421
All Pools,AVAX - KONG,0.3,False,0.69187,7519.94,0.00173,0.01,1777901421
All Pools,SYMBIOT - AVAX,0.3,False,0.67626,91.37,0.00169,0.68,1777901421
All Pools,CANS - AVAX,0.3,False,0.67093,12.88,0.00168,4.75,1777901421
All Pools,AVAX - ZUBAX,0.3,False,0.66941,116.75,0.00167,0.52,1777901421
All Pools,SYMBIOT - DAI.e,0.3,False,0.66321,467.39,0.00166,0.13,1777901421
All Pools,50 - USDC,0.3,False,0.66117,119.8,0.00165,0.5,1777901421
All Pools,COQ - COQAI,0.3,False,0.66105,28117.0,0.00165,0.0,1777901421
All Pools,50 - AVAX,0.3,False,0.66094,75.81,0.00165,0.8,1777901421
All Pools,STATIK - AVAX,0.3,False,0.65833,44.34,0.00165,1.35,1777901421
All Pools,Gladiator - AVAX,0.3,False,0.65765,3.698,0.00164,16.23,1777901421
All Pools,ZUBAX - USDT.e,0.3,False,0.64753,184.86,0.00162,0.32,1777901421
All Pools,LINK.e - REDWOLF,0.3,False,0.6436,82.18,0.00161,0.71,1777901421
All Pools,USDC - SDOG,0.3,False,0.64319,482.02,0.00161,0.12,1777901421
All Pools,VPND - AVAX,0.3,False,0.64108,25669.0,0.0016,0.0,1777901421
All Pools,MU - DAI.e,0.3,False,0.63461,244.38,0.00159,0.24,1777901421
All Pools,bCASH - NOCHILL,0.3,False,0.62623,19.2,0.00157,2.98,1777901421
All Pools,GAINS - AVAX,0.3,False,0.62402,40.57,0.00156,1.4,1777901421
All Pools,USDt - IMPACT2,0.3,False,0.61473,71.43,0.00154,0.79,1777901421
All Pools,HUSKY - JOE,0.3,False,0.60625,182.56,0.00152,0.3,1777901421
All Pools,AVAX - SHRAP,0.3,False,0.5778,17.62,0.00144,2.99,1777901421
All Pools,FollowTheWhiteRabbit - LuciferMorningstar,0.3,False,0.56979,3665.68,0.00142,0.01,1777901421
All Pools,USDT.e - MU,0.3,False,0.5546,254.21,0.00139,0.2,1777901421
All Pools,JEWEL - USDC,0.3,False,0.55101,4460.97,0.00138,0.01,1777901421
All Pools,XAUt0 - ChristMark,0.3,False,0.55004,699.11,0.00138,0.07,1777901421
All Pools,Gladiator - USDC,0.3,False,0.53171,563.21,0.00133,0.09,1777901421
All Pools,AVAX - PENDLE,0.3,False,0.53102,7768.78,0.00133,0.01,1777901421
All Pools,Trinity - LuciferMorningstar,0.3,False,0.5204,353297368.0,0.0013,,1777901421
All Pools,AMPL - AVAX,0.3,False,0.51174,341.98,0.00128,0.14,1777901421
All Pools,HEFE - GAINS,0.3,False,0.50879,5.865,0.00127,7.92,1777901421
All Pools,AVAX - ARENA,0.3,False,0.4992,80.73,0.00125,0.56,1777901421
All Pools,Gladiator - AMI,0.3,False,0.49803,369.07,0.00125,0.12,1777901421
All Pools,BTC.b - SPT,0.3,False,0.4927,39.47,0.00123,1.14,1777901421
All Pools,WETH.e - USDC,0.3,False,0.4919,22.75,0.00123,1.97,1777901421
All Pools,Orange - AVAX,0.3,False,0.49095,87.94,0.00123,0.51,1777901421
All Pools,SOL - USDC,0.3,False,0.4866,24.12,0.00122,1.84,1777901421
All Pools,sAVAX - COQ,0.3,False,0.4751,94.12,0.00119,0.46,1777901421
All Pools,FERT - AVAX,0.3,False,0.4636,805.68,0.00116,0.05,1777901421
All Pools,AAVE.e - REDWOLF,0.3,False,0.46355,161.7,0.00116,0.26,1777901421
All Pools,WETH.e - REDWOLF,0.3,False,0.45786,102.52,0.00114,0.41,1777901421
All Pools,Psychic - Now,0.3,False,0.45294,629.57,0.00113,0.07,1777901421
All Pools,COQ - OSAK,0.3,False,0.43559,36.2,0.00109,1.1,1777901421
All Pools,WETH.e - SURE,0.3,False,0.43142,1094.74,0.00108,0.04,1777901421
All Pools,SHOE - AVAX,0.3,False,0.43129,669.05,0.00108,0.06,1777901421
All Pools,SHOE - BTC.b,0.3,False,0.43127,851.37,0.00108,0.05,1777901421
All Pools,TECH - OX,0.3,False,0.41895,5028.95,0.00105,0.01,1777901421
All Pools,Trinity - Psychic,0.3,False,0.41679,541.59,0.00104,0.07,1777901421
All Pools,USDt - RUX,0.3,False,0.41442,16001.0,0.00104,0.0,1777901421
All Pools,RUX - AVAX,0.3,False,0.4143,30.13,0.00104,1.25,1777901421
All Pools,NOCHILL - AMI,0.3,False,0.39983,5.667,,6.44,1777901421
All Pools,LadyMary - AVAX,0.3,False,0.39249,366.72,,0.1,1777901421
All Pools,Orange - DivineFeminine,0.3,False,0.38369,1115.4,,0.03,1777901421
All Pools,MIM - USDC.e,0.3,False,0.38349,2002.46,,0.02,1777901421
All Pools,USDC - CHAM,0.3,False,0.37783,49.83,,0.69,1777901421
All Pools,COQ - JUICE,0.3,False,0.37557,48.46,,0.71,1777901421
All Pools,HEFE - CANS,0.3,False,0.37304,4.273,,7.97,1777901421
All Pools,CQK - USDC,0.3,False,0.37272,34.96,,0.97,1777901421
All Pools,CQK - AVAX,0.3,False,0.37266,130.59,,0.26,1777901421
All Pools,BTC.b - IMPACT2,0.3,False,0.37011,1262.9,,0.03,1777901421
All Pools,MIM - MU,0.3,False,0.36455,252.83,,0.13,1777901421
All Pools,UNI.e - REDWOLF,0.3,False,0.35897,10.31,,3.18,1777901421
All Pools,USDC - USD+,0.3,False,0.34707,32.73,,0.97,1777901421
All Pools,ZRO - USDC,0.3,False,0.34599,5.559,,5.68,1777901421
All Pools,AVAX - TOPIA,0.3,False,0.34549,522.44,,0.06,1777901421
All Pools,BLS - SHRAP,0.3,False,0.34278,9.945,,3.15,1777901421
All Pools,APIX - LAMBO,0.3,False,0.34158,563.42,,0.06,1777901421
All Pools,USDC - aXEN,0.3,False,0.34123,9.247,,3.37,1777901421
All Pools,IMPACT2 - EURC,0.3,False,0.34049,46.87,,0.66,1777901421
All Pools,BLUB - AVAX,0.3,False,0.33939,17030.0,,0.0,1777901421
All Pools,TSD - AVAX,0.3,False,0.33705,321.61,,0.1,1777901421
All Pools,Anon - AVAX,0.3,False,0.33563,14.24,,2.15,1777901421
All Pools,CGS - USDC.e,0.3,False,0.33209,158.09,,0.19,1777901421
All Pools,CGS - AVAX,0.3,False,0.33204,65.85,,0.46,1777901421
All Pools,ABC - AVAX,0.3,False,0.32741,1075.95,,0.03,1777901421
All Pools,BLS - USDt,0.3,False,0.32398,120.17,,0.25,1777901421
All Pools,BENIS - NOCHILL,0.3,False,0.32067,4.57,,6.4,1777901421
All Pools,USDC - yyAVAX,0.3,False,0.30956,14.21,,1.99,1777901421
All Pools,KIMBO - CANS,0.3,False,0.30532,389.11,,0.07,1777901421
All Pools,LadyMary - FollowTheWhiteRabbit,0.3,False,0.30285,655.43,,0.04,1777901421
All Pools,BRO - COQ,0.3,False,0.30254,208.02,,0.13,1777901421
All Pools,BRO - AVAX,0.3,False,0.30091,140143.0,,,1777901421
All Pools,USDC.e - WXT,0.3,False,0.29996,291.39,,0.09,1777901421
All Pools,DFIAT - USDT.e,0.3,False,0.29867,28.0,,0.97,1777901421
All Pools,VEE - USDC,0.3,False,0.2969,32.04,,0.85,1777901421
All Pools,USDt - REDWOLF,0.3,False,0.29537,14.99,,1.8,1777901421
All Pools,HUSKY - AMI,0.3,False,0.29518,85.67,,0.31,1777901421
All Pools,PTOP900 - TOPIA,0.3,False,0.29008,102.98,,0.26,1777901421
All Pools,SURE - DAI.e,0.3,False,0.28962,28.14,,0.94,1777901421
All Pools,USDC.e - WISE,0.3,False,0.28715,45.82,,0.57,1777901421
All Pools,AVAX - WISE,0.3,False,0.2871,78.08,,0.34,1777901421
All Pools,AVAI - AVAX,0.3,False,0.28075,29.1,,0.88,1777901421
All Pools,AVVO - DAI.e,0.3,False,0.27469,39.26,,0.64,1777901421
All Pools,USDT.e - DUO,0.3,False,0.27347,57.04,,0.44,1777901421
All Pools,AVAX - DUO,0.3,False,0.27336,70.24,,0.36,1777901421
All Pools,AVAX - XPOW,0.3,False,0.27277,39.65,,0.63,1777901421
All Pools,miMatic - USDC.e,0.3,False,0.26876,23.2,,1.06,1777901421
All Pools,BUSD - USDC,0.3,False,0.26664,7.698,,3.16,1777901421
All Pools,NOCHILL - REDWOLF,0.3,False,0.2634,3.292,,7.3,1777901421
All Pools,SLUSH - USDT.e,0.3,False,0.25895,59.73,,0.4,1777901421
All Pools,AVAX - APOW,0.3,False,0.25888,39.2,,0.6,1777901421
All Pools,SLUSH - AVAX,0.3,False,0.25886,58.23,,0.41,1777901421
All Pools,MaryMagdalene - AVAX,0.3,False,0.25666,226.27,,0.1,1777901421
All Pools,AVAT - USDC,0.3,False,0.25233,40.29,,0.57,1777901421
All Pools,AftermathsKobe - AVAX,0.3,False,0.25059,295.94,,0.08,1777901421
All Pools,Psychic - AftermathsKobe,0.3,False,0.25005,323.92,,0.07,1777901421
All Pools,BOI - MU,0.3,False,0.24875,1.206,,18.82,1777901421
All Pools,DivineFeminine - Gravity,0.3,False,0.2483,2345.79,,0.01,1777901421
All Pools,MIM - FORT,0.3,False,0.24803,17995.0,,0.0,1777901421
All Pools,AVAX - FORT,0.3,False,0.24801,38.75,,0.58,1777901421
All Pools,AVAX - ELK,0.3,False,0.24765,69.61,,0.32,1777901421
All Pools,YEEHAW - AVAX,0.3,False,0.24728,31.71,,0.71,1777901421
All Pools,USDC.e - SOL,0.3,False,0.23849,42.04,,0.52,1777901421
All Pools,AVAX - SPT,0.3,False,0.23676,16.34,,1.32,1777901421
All Pools,DFIAT - AVAX,0.3,False,0.23489,7451.0,,0.0,1777901421
All Pools,TOPIA - PTOP800,0.3,False,0.23296,145.99,,0.15,1777901421
All Pools,USDt - MILO,0.3,False,0.23148,17.02,,1.24,1777901421
All Pools,AVAX - MILO,0.3,False,0.23142,1138.53,,0.02,1777901421
All Pools,AI - AVAX,0.3,False,0.22982,4299.21,,0.0,1777901421
All Pools,AVAX - CHAM,0.3,False,0.22682,32.72,,0.63,1777901421
All Pools,YEEHAW - BTC.b,0.3,False,0.22193,127.62,,0.16,1777901421
All Pools,GLOBA - AVAX,0.3,False,0.2194,50.87,,0.39,1777901421
All Pools,VENG - AVAX,0.3,False,0.21857,60.41,,0.33,1777901421
All Pools,GLOBA - DAI.e,0.3,False,0.21006,52.09,,0.37,1777901421
All Pools,BOI - AMI,0.3,False,0.20816,1.03,,18.45,1777901421
All Pools,MaryMagdalene - Gravity,0.3,False,0.20797,133.13,,0.14,1777901421
All Pools,EGG - AVAX,0.3,False,0.20728,23291.0,,,1777901421
All Pools,Hopi - AVAX,0.3,False,0.20294,216.93,,0.09,1777901421
All Pools,Hopi - Now,0.3,False,0.2028,720.76,,0.03,1777901421
All Pools,USDT.e - ZABU,0.3,False,0.20131,47.99,,0.38,1777901421
All Pools,MIM - PAPA,0.3,False,0.19942,412.2,,0.04,1777901421
All Pools,PAPA - AVAX,0.3,False,0.19938,30.38,,0.6,1777901421
All Pools,wsOHM - AVAX,0.3,False,0.19592,21.96,,0.81,1777901421
All Pools,USDC - BVAX,0.3,False,0.18614,30.54,,0.56,1777901421
All Pools,MIM - wsOHM,0.3,False,0.18134,1095.51,,0.02,1777901421
All Pools,SUB - USDC,0.3,False,0.18119,13.26,,1.25,1777901421
All Pools,METAG - AVAX,0.3,False,0.18073,24.19,,0.68,1777901421
All Pools,Meaning - AVAX,0.3,False,0.17999,454.15,,0.04,1777901421
All Pools,Psychic - Meaning,0.3,False,0.17966,311.28,,0.05,1777901421
All Pools,DéjàVu - Gravity,0.3,False,0.17525,210.0,,0.08,1777901421
All Pools,FollowTheWhiteRabbit - Priory,0.3,False,0.17407,932.01,,0.02,1777901421
All Pools,Priory - AVAX,0.3,False,0.17405,76.86,,0.21,1777901421
All Pools,DCAU - MIM,0.3,False,0.17214,313.7,,0.05,1777901421
All Pools,HEFE - AMI,0.3,False,0.16781,1.764,,8.68,1777901421
All Pools,SURE - USDC.e,0.3,False,0.16636,23.69,,0.64,1777901421
All Pools,USDt - DXN,0.3,False,0.16394,215.81,,0.07,1777901421
All Pools,Chemistry - AVAX,0.3,False,0.16337,89.21,,0.17,1777901421
All Pools,AVAT - AVAX,0.3,False,0.16326,21.33,,0.7,1777901421
All Pools,LUNA - LUNA,0.3,False,0.16299,2.518,,5.91,1777901421
All Pools,Trinity - Gravity,0.3,False,0.15626,2477.98,,0.01,1777901421
All Pools,LINDA - AVAX,0.3,False,0.1533,2092.65,,0.01,1777901421
All Pools,USDT.e - EXP,0.3,False,0.15189,44253150.0,,,1777901421
All Pools,AVAX - ZABU,0.3,False,0.1518,29.96,,0.46,1777901421
All Pools,DivineFeminine - AVAX,0.3,False,0.15157,6.242,,2.22,1777901421
All Pools,USDT - ETH,0.3,False,0.14952,216.8,,0.06,1777901421
All Pools,COQ - BOOTY,0.3,False,0.14938,10.36,,1.32,1777901421
All Pools,MIM - USDC,0.3,False,0.14914,76.88,,0.18,1777901421
All Pools,USDt - XPOW,0.3,False,0.1484,20.13,,0.67,1777901421
All Pools,MELT - AVAX,0.3,False,0.14589,24.67,,0.54,1777901421
All Pools,$Crazy - AVAX,0.3,False,0.14483,1008.83,,0.01,1777901421
All Pools,Chemistry - Now,0.3,False,0.14346,909.7,,0.01,1777901421
All Pools,WarpSpeed - AVAX,0.3,False,0.14306,138.89,,0.09,1777901421
All Pools,Gravity - WarpSpeed,0.3,False,0.14303,85.28,,0.15,1777901421
All Pools,TrumpTower - AVAX,0.3,False,0.14213,160.07,,0.08,1777901421
All Pools,TrumpTower - Gravity,0.3,False,0.1421,76.56,,0.17,1777901421
All Pools,AVAX - SDOG,0.3,False,0.1396,10.14,,1.26,1777901421
All Pools,MIM - BLANC,0.3,False,0.135,8378.41,,0.0,1777901421
All Pools,AVAX - BLANC,0.3,False,0.13498,21.75,,0.57,1777901421
All Pools,NOCHILL - MU,0.3,False,0.13353,2.032,,6.0,1777901421
All Pools,USDC - APOW,0.3,False,0.13106,20.09,,0.6,1777901421
All Pools,miMatic - AVAX,0.3,False,0.13098,36.55,,0.33,1777901421
All Pools,WLRS - USDC.e,0.3,False,0.12838,4526.72,,0.0,1777901421
All Pools,USDt - APOW,0.3,False,0.12784,20.12,,0.58,1777901421
All Pools,FollowTheWhiteRabbit - DivineFeminine,0.3,False,0.12508,684.16,,0.02,1777901421
All Pools,USDC - XPOW,0.3,False,0.12444,20.15,,0.56,1777901421
All Pools,TOMB - USDC,0.3,False,0.12333,10.59,,1.06,1777901421
All Pools,GURS - NOCHILL,0.3,False,0.12274,1.836,,6.1,1777901421
All Pools,Matter - AVAX,0.3,False,0.12189,80.42,,0.14,1777901421
All Pools,Orange - Matter,0.3,False,0.12162,9059.83,,0.0,1777901421
All Pools,FLAKE - USDT.e,0.3,False,0.12095,50.58,,0.22,1777901421
All Pools,FLAKE - AVAX,0.3,False,0.12091,21.17,,0.52,1777901421
All Pools,AVAX - SNOB,0.3,False,0.12044,965.29,,0.01,1777901421
All Pools,YETI - AVAX,0.3,False,0.12008,3295.74,,0.0,1777901421
All Pools,FollowTheWhiteRabbit - TheGospelOfMary,0.3,False,0.11919,158.96,,0.07,1777901421
All Pools,AVAX - TheGospelOfMary,0.3,False,0.11907,159.31,,0.07,1777901421
All Pools,AVAX - GAU,0.3,False,0.11419,9.111,,1.14,1777901421
All Pools,BrideOfChrist - AVAX,0.3,False,0.11408,89.61,,0.12,1777901421
All Pools,Beyond - AVAX,0.3,False,0.114,89.53,,0.12,1777901421
All Pools,Beyond - Orange,0.3,False,0.11378,4470.57,,0.0,1777901421
All Pools,Solar - AVAX,0.3,False,0.10994,89.36,,0.11,1777901421
All Pools,Solar - Now,0.3,False,0.10987,912.88,,0.01,1777901421
All Pools,LIBRE - USDC.e,0.3,False,0.1089,14.89,,0.67,1777901421
All Pools,VELAI - AVAX,0.3,False,0.10813,0.32396,,30.46,1777901421
All Pools,METAG - USDt,0.3,False,0.10757,16.02,,0.61,1777901421
All Pools,Psychic - DéjàVu,0.3,False,0.1071,196.24,,0.05,1777901421
All Pools,BrideOfChrist - FollowTheWhiteRabbit,0.3,False,0.10232,734.86,,0.01,1777901421
All Pools,Jjj - AVAX,0.3,False,0.10047,291.63,,0.03,1777901421
All Pools,YEEHAW - USDC,0.3,False,0.10032,12.7,,0.72,1777901421
All Pools,Psychic - Jjj,0.3,False,0.10029,319.18,,0.03,1777901421
All Pools,MAJIN - REDWOLF,0.3,False,0.0999,7.073,,1.29,1777901421
All Pools,JPYC - USDC.e,0.3,False,0.09987,4.807,,1.9,1777901421
All Pools,Christmas - Merovingian,0.3,False,0.09712,118.19,,0.07,1777901421
All Pools,Christmas - AVAX,0.3,False,0.09709,249.58,,0.04,1777901421
All Pools,ALOT - USDC.e,0.3,False,0.09706,9.309,,0.95,1777901421
All Pools,Now - Merovingian,0.3,False,0.09665,70.2,,0.13,1777901421
All Pools,ORNG - JUICE,0.3,False,0.09627,2.777,,3.16,1777901421
All Pools,MAJIN - MU,0.3,False,0.09607,4.422,,1.98,1777901421
All Pools,Xmas - AVAX,0.3,False,0.09586,274.42,,0.03,1777901421
All Pools,Psychic - Xmas,0.3,False,0.09565,299.86,,0.03,1777901421
All Pools,UST - USDC,0.3,False,0.0936,4.46,,1.92,1777901421
All Pools,WINK - NOCHILL,0.3,False,0.09213,0.8468,,9.93,1777901421
All Pools,Ducks - AVAX,0.3,False,0.09195,291.04,,0.03,1777901421
All Pools,AVAX - STRAW,0.3,False,0.09191,15.65,,0.54,1777901421
All Pools,Psychic - Ducks,0.3,False,0.09178,318.78,,0.03,1777901421
All Pools,MELT - USDT.e,0.3,False,0.09123,30.71,,0.27,1777901421
All Pools,KRW - AVAX,0.3,False,0.09109,457.34,,0.02,1777901421
All Pools,JOE - KRW,0.3,False,0.09099,238.59,,0.03,1777901421
All Pools,JOE - ZABU,0.3,False,0.09038,18.35,,0.45,1777901421
All Pools,Trinity - LadyMary,0.3,False,0.09006,11267.0,,,1777901421
All Pools,NOCHILL - WAIFU,0.3,False,0.08923,149.91,,0.05,1777901421
All Pools,HIGHER - AVAX,0.3,False,0.08872,1.829,,4.43,1777901421
All Pools,MIM - GRAPE,0.3,False,0.08861,2396.24,,0.0,1777901421
All Pools,WLRS - GRAPE,0.3,False,0.08859,77.83,,0.1,1777901421
All Pools,DAI.e - STRAW,0.3,False,0.08796,34.1,,0.24,1777901421
All Pools,Gil - AVAX,0.3,False,0.08705,17.0,,0.47,1777901421
All Pools,HUSKY - MUG,0.3,False,0.08522,24.31,,0.32,1777901421
All Pools,CNR - USDC,0.3,False,0.08512,4.814,,1.61,1777901421
All Pools,SLIME - AVAX,0.3,False,0.08486,21504.0,,,1777901421
All Pools,SLIME - USDt,0.3,False,0.08485,7.33,,1.06,1777901421
All Pools,LINK.e - MU,0.3,False,0.08467,7.496,,1.03,1777901421
All Pools,AVAX - MeaningOfNumbers,0.3,False,0.08388,291.27,,0.03,1777901421
All Pools,GAS - AVAX,0.3,False,0.08385,228.45,,0.03,1777901421
All Pools,Psychic - MeaningOfNumbers,0.3,False,0.08373,319.12,,0.02,1777901421
All Pools,BTC.b - USDC,0.3,False,0.08339,4.677,,1.63,1777901421
All Pools,Gil - DAI.e,0.3,False,0.08329,28.35,,0.27,1777901421
All Pools,aAvaLINK - AVAX,0.3,False,0.08291,9.5,,0.8,1777901421
All Pools,USDt - NEMO,0.3,False,0.08239,96.43,,0.08,1777901421
All Pools,AVAX - NEMO,0.3,False,0.08238,7.738,,0.97,1777901421
All Pools,PTOP1300 - TOPIA,0.3,False,0.08188,96.25,,0.08,1777901421
All Pools,HEFE - HIGHER,0.3,False,0.08153,0.87861,,8.47,1777901421
All Pools,KLO - USDT.e,0.3,False,0.08151,5.583,,1.33,1777901421
All Pools,COQ - AMI,0.3,False,0.08087,14.05,,0.53,1777901421
All Pools,AVAX - Prometheus,0.3,False,0.08028,284.63,,0.03,1777901421
All Pools,Psychic - Prometheus,0.3,False,0.08012,310.39,,0.02,1777901421
All Pools,BANKSY - USDC.e,0.3,False,0.07816,31.23,,0.23,1777901421
All Pools,BANKSY - AVAX,0.3,False,0.07814,23.18,,0.31,1777901421
All Pools,ZUM - NOCHILL,0.3,False,0.07681,1.172,,5.98,1777901421
All Pools,MEOW - AVAX,0.3,False,0.07519,10435.0,,,1777901421
All Pools,BTC.b - MU,0.3,False,0.07421,11.29,,0.6,1777901421
All Pools,METAG - USDT.e,0.3,False,0.07317,49.22,,0.14,1777901421
All Pools,AVAX - Nala,0.3,False,0.0691,25.64,,0.25,1777901421
All Pools,USDT.e - XAVA,0.3,False,0.06878,11.3,,0.56,1777901421
All Pools,Mungo - AVAX,0.3,False,0.06843,41.1,,0.15,1777901421
All Pools,DéjàVu - Mungo,0.3,False,0.06835,184.23,,0.03,1777901421
All Pools,bECH - AVAX,0.3,False,0.06724,21.48,,0.29,1777901421
All Pools,SOB - LUNA,0.3,False,0.06628,1.331,,4.54,1777901421
All Pools,MIM - AUSD,0.3,False,0.0661,34.97,,0.17,1777901421
All Pools,WDAO - MIM,0.3,False,0.06606,23.4,,0.26,1777901421
All Pools,WDAO - AVAX,0.3,False,0.06604,19.52,,0.31,1777901421
All Pools,ElvisJackpot - BLACK,0.3,False,0.06477,17.93,,0.33,1777901421
All Pools,UNIQOC - AVAX,0.3,False,0.06448,1135.52,,0.01,1777901421
All Pools,UNIQOC - COQ,0.3,False,0.0641,54.43,,0.11,1777901421
All Pools,USDC - AMI,0.3,False,0.06343,0.66622,,8.69,1777901421
All Pools,FINANCE - NOCHILL,0.3,False,0.06185,445.75,,0.01,1777901421
All Pools,Light - AVAX,0.3,False,0.06184,89.51,,0.06,1777901421
All Pools,Psychic - Stolen,0.3,False,0.06179,85.08,,0.07,1777901421
All Pools,Light - Now,0.3,False,0.0617,914.43,,0.01,1777901421
All Pools,AVAX - LuciferMorningstar,0.3,False,0.06082,14.6,,0.38,1777901421
All Pools,BrideOfChrist - BLACK,0.3,False,0.06046,33.47,,0.16,1777901421
All Pools,MIM - GG,0.3,False,0.05859,291.89,,0.02,1777901421
All Pools,AVAX - GG,0.3,False,0.05858,9.391,,0.57,1777901421
All Pools,MIM - SPELL,0.3,False,0.05845,7.6,,0.7,1777901421
All Pools,FITFI - USDC,0.3,False,0.05764,0.44793,,11.74,1777901421
All Pools,wMEMO - MIM,0.3,False,0.05757,20.58,,0.26,1777901421
All Pools,Chrism - ChristMark,0.3,False,0.05587,181.85,,0.03,1777901421
All Pools,MIM - GG,0.3,False,0.05562,23.36,,0.22,1777901421
All Pools,GG - AVAX,0.3,False,0.05561,12.27,,0.41,1777901421
All Pools,CNR - USDt,0.3,False,0.05517,4.84,,1.04,1777901421
All Pools,MELT - USDC.e,0.3,False,0.05469,31.03,,0.16,1777901421
All Pools,HEFE - Always,0.3,False,0.05398,0.86857,,5.67,1777901421
All Pools,wsOHM - USDC.e,0.3,False,0.05364,42.28,,0.12,1777901421
All Pools,AMI - JUICY,0.3,False,0.05198,0.92152,,5.15,1777901421
All Pools,Sanskrit - AVAX,0.3,False,0.05151,89.61,,0.05,1777901421
All Pools,Sanskrit - Now,0.3,False,0.0514,915.64,,0.01,1777901421
All Pools,UST - UST,0.3,False,0.05138,1.898,,2.47,1777901421
All Pools,CommieSukey - AVAX,0.3,False,0.05112,292.22,,0.02,1777901421
All Pools,Psychic - CommieSukey,0.3,False,0.05102,319.11,,0.01,1777901421
All Pools,DUO - USDT.e,0.3,False,0.0507,7.28,,0.64,1777901421
All Pools,wMEMO - AVAX,0.3,False,0.05005,13.66,,0.33,1777901421
All Pools,USDR - USDC,0.3,False,0.04942,40.67,,0.11,1777901421
All Pools,AVAX - Mentor,0.3,False,0.0494,89.22,,0.05,1777901421
All Pools,Now - Mentor,0.3,False,0.04934,912.02,,0.0,1777901421
All Pools,meGNX - AVAX,0.3,False,0.0488,17.49,,0.25,1777901421
All Pools,JOE - ZUBAX,0.3,False,0.04876,9.083,,0.49,1777901421
All Pools,MaryMagdalene - BrideOfChrist,0.3,False,0.04866,120.94,,0.04,1777901421
All Pools,MPL - USDt,0.3,False,0.04844,30.6,,0.14,1777901421
All Pools,MPL - AVAX,0.3,False,0.04842,6.122,,0.72,1777901421
All Pools,AVAX - RedFolder,0.3,False,0.04801,291.02,,0.02,1777901421
All Pools,Psychic - RedFolder,0.3,False,0.04792,318.03,,0.01,1777901421
All Pools,Stolen - AVAX,0.3,False,0.04777,17.61,,0.25,1777901421
All Pools,USDC.e - WOLF,0.3,False,0.04738,8.77,,0.49,1777901421
All Pools,AVAX - WOLF,0.3,False,0.04737,73.67,,0.06,1777901421
All Pools,Silver - AVAX,0.3,False,0.04712,88.07,,0.05,1777901421
All Pools,Silver - Now,0.3,False,0.04703,916.04,,0.0,1777901421
All Pools,AVAX - LYLY,0.3,False,0.04689,71.89,,0.06,1777901421
All Pools,Uncontractable - AVAX,0.3,False,0.04578,87.77,,0.05,1777901421
All Pools,Uncontractable - Now,0.3,False,0.04572,892.05,,0.0,1777901421
All Pools,MIM - NADO,0.3,False,0.04556,1163.63,,0.0,1777901421
All Pools,AVAX - NADO,0.3,False,0.04555,7.727,,0.54,1777901421
All Pools,REDWOLF - SOL,0.3,False,0.04551,75.14,,0.06,1777901421
All Pools,ACS - USDC.e,0.3,False,0.04526,5.388,,0.77,1777901421
All Pools,RoselineBloodline - AVAX,0.3,False,0.04485,44.05,,0.09,1777901421
All Pools,FollowTheWhiteRabbit - RoselineBloodline,0.3,False,0.04484,41.49,,0.1,1777901421
All Pools,AVAX - All,0.3,False,0.04472,293.05,,0.01,1777901421
All Pools,Psychic - All,0.3,False,0.04464,318.67,,0.01,1777901421
All Pools,XAUt0 - ElvisJackpot,0.3,False,0.04393,330.06,,0.01,1777901421
All Pools,Trinity - Nala,0.3,False,0.04388,40.99,,0.1,1777901421
All Pools,MIM - LIFE,0.3,False,0.04345,66.92,,0.06,1777901421
All Pools,LIFE - AVAX,0.3,False,0.04345,7.204,,0.55,1777901421
All Pools,USDT.e - TMT,0.3,False,0.04322,26.02,,0.15,1777901421
All Pools,AVAX - TMT,0.3,False,0.04321,7.064,,0.56,1777901421
All Pools,MELT - USDC.e,0.3,False,0.04269,7.023,,0.55,1777901421
All Pools,MELT - AVAX,0.3,False,0.04268,1129.37,,0.0,1777901421
All Pools,COQ - JUICY,0.3,False,0.0423,0.70831,,5.45,1777901421
All Pools,AVAX - Wej,0.3,False,0.04226,291.24,,0.01,1777901421
All Pools,Psychic - Wej,0.3,False,0.04218,318.01,,0.01,1777901421
All Pools,Apollyon - AVAX,0.3,False,0.04211,36.36,,0.11,1777901421
All Pools,Apollyon - LuciferMorningstar,0.3,False,0.04206,235196665.0,,,1777901421
All Pools,TruthClosure - BLACK,0.3,False,0.04168,26.0,,0.15,1777901421
All Pools,MIM - SBR,0.3,False,0.04103,39.64,,0.09,1777901421
All Pools,SBR - AVAX,0.3,False,0.04102,7.265,,0.52,1777901421
All Pools,Trinity - Stolen,0.3,False,0.04098,29.81,,0.13,1777901421
All Pools,Psychic - Chrism,0.3,False,0.04078,62.69,,0.06,1777901421
All Pools,ICUBE - USDT.e,0.3,False,0.04063,108.04,,0.03,1777901421
All Pools,ICUBE - AVAX,0.3,False,0.04061,6.329,,0.59,1777901421
All Pools,gOHM - wsOHM,0.3,False,0.04012,37.8,,0.1,1777901421
All Pools,BNB - AVAX,0.3,False,0.04007,4080.42,,,1777901421
All Pools,aAvaLINK - meGNX,0.3,False,0.03978,10.51,,0.35,1777901421
All Pools,LoveYou - Gravity,0.3,False,0.03873,57.21,,0.06,1777901421
All Pools,LoveYou - AVAX,0.3,False,0.03873,61.52,,0.06,1777901421
All Pools,Necromancer - AVAX,0.3,False,0.03845,89.48,,0.04,1777901421
All Pools,Now - Necromancer,0.3,False,0.03837,914.36,,0.0,1777901421
All Pools,HOWDY - NOCHILL,0.3,False,0.03829,1.069,,3.27,1777901421
All Pools,USDC - MXNB,0.3,False,0.03766,27.43,,0.13,1777901421
All Pools,RUGPULL - MUG,0.3,False,0.03764,185.53,,0.02,1777901421
All Pools,AMI - TOPIA,0.3,False,0.03758,221.02,,0.02,1777901421
All Pools,MIM - DAI.e,0.3,False,0.03737,52.3,,0.07,1777901421
All Pools,WBTC.e - USDC.e,0.3,False,0.03732,9.009,,0.38,1777901421
All Pools,USDC - WSPP,0.3,False,0.03726,43.76,,0.08,1777901421
All Pools,AVAX - WSPP,0.3,False,0.03725,2.96,,1.15,1777901421
All Pools,SURE - AVAX,0.3,False,0.03694,7.152,,0.47,1777901421
All Pools,Void - AVAX,0.3,False,0.0361,87.83,,0.04,1777901421
All Pools,Void - Now,0.3,False,0.03603,917.5,,0.0,1777901421
All Pools,USDT.e - BOREA,0.3,False,0.03567,26.49,,0.12,1777901421
All Pools,ArniStitch - AVAX,0.3,False,0.03565,290.56,,0.01,1777901421
All Pools,AVAX - BOREA,0.3,False,0.03564,6.641,,0.49,1777901421
All Pools,Psychic - ArniStitch,0.3,False,0.03559,318.24,,0.01,1777901421
All Pools,Four - AVAX,0.3,False,0.03542,74.23,,0.04,1777901421
All Pools,DrainTheSwamp - AVAX,0.3,False,0.03457,37.43,,0.08,1777901421
All Pools,AVAX - MUG,0.3,False,0.03365,353.36,,0.01,1777901421
All Pools,REDWOLF - SHRAP,0.3,False,0.03363,1.144,,2.68,1777901421
All Pools,ELE - AVAX,0.3,False,0.03337,122.72,,0.02,1777901421
All Pools,OH - AVAX,0.3,False,0.03315,93.33,,0.03,1777901421
All Pools,Blue - AVAX,0.3,False,0.03277,261.63,,0.01,1777901421
All Pools,GOOD - GAINS,0.3,False,0.03192,3.759,,0.77,1777901421
All Pools,GOOD - AVAX,0.3,False,0.03177,152.53,,0.02,1777901421
All Pools,FITFI - USDC.e,0.3,False,0.03137,0.24153,,11.85,1777901421
All Pools,RUG - USDT.e,0.3,False,0.03129,14.75,,0.19,1777901421
All Pools,Chrism - BLACK,0.3,False,0.03124,2.409,,1.18,1777901421
All Pools,AVAX - BLACK,0.3,False,0.03101,6.065,,0.47,1777901421
All Pools,wALGO - AVAX,0.3,False,0.03096,160.97,,0.02,1777901421
All Pools,wALGO - USDC,0.3,False,0.03095,2.81,,1.01,1777901421
All Pools,FollowTheWhiteRabbit - StatueOfLiberty,0.3,False,0.03008,511.08,,0.01,1777901421
All Pools,StatueOfLiberty - AVAX,0.3,False,0.03005,14.69,,0.19,1777901421
All Pools,Milk - USDT.e,0.3,False,0.02966,14.45,,0.19,1777901421
All Pools,Milk - AVAX,0.3,False,0.02964,6.607,,0.41,1777901421
All Pools,AVAX - BlackAndGold,0.3,False,0.02962,292.75,,0.01,1777901421
All Pools,Psychic - BlackAndGold,0.3,False,0.02957,318.54,,0.01,1777901421
All Pools,QI - LYLY,0.3,False,0.02881,2.709,,0.97,1777901421
All Pools,AVAX - Propriety,0.3,False,0.02874,89.37,,0.03,1777901421
All Pools,Now - Propriety,0.3,False,0.02869,915.07,,0.0,1777901421
All Pools,BTC.b - GMX,0.3,False,0.0284,1.537,,1.69,1777901421
All Pools,Hydrogen - AVAX,0.3,False,0.02825,261.57,,0.01,1777901421
All Pools,USDT.e - GOT,0.3,False,0.02805,12.84,,0.2,1777901421
All Pools,AVAX - GOT,0.3,False,0.02804,5.229,,0.49,1777901421
All Pools,AVAX - √Root,0.3,False,0.02762,89.56,,0.03,1777901421
All Pools,Now - √Root,0.3,False,0.02757,914.99,,0.0,1777901421
All Pools,SMRT - XAVA,0.3,False,0.02755,2.87,,0.88,1777901421
All Pools,KOVIN - AVAX,0.3,False,0.02667,3171.38,,,1777901421
All Pools,USDC.e - SPADE,0.3,False,0.02656,16.15,,0.15,1777901421
All Pools,AVAX - SPADE,0.3,False,0.02655,6.029,,0.4,1777901421
All Pools,3ULL - AVAX,0.3,False,0.02651,47.12,,0.05,1777901421
All Pools,AVAX - IMPACT,0.3,False,0.02648,6.213,,0.39,1777901421
All Pools,KrisKringle - Gravity,0.3,False,0.02626,77.95,,0.03,1777901421
All Pools,KrisKringle - AVAX,0.3,False,0.02625,26.01,,0.09,1777901421
All Pools,Trinity - Sinterklaas,0.3,False,0.02607,26.13,,0.09,1777901421
All Pools,AVAX - Sinterklaas,0.3,False,0.02607,138.96,,0.02,1777901421
All Pools,USDC.e - UST,0.3,False,0.02536,1.75,,1.32,1777901421
All Pools,Psychic - Nala,0.3,False,0.02528,267.34,,0.01,1777901421
All Pools,BTC.b - HOWDY,0.3,False,0.02526,184.23,,0.01,1777901421
All Pools,Gravity - HustleTappers,0.3,False,0.02526,24.08,,0.1,1777901421
All Pools,AVAX - HustleTappers,0.3,False,0.02525,55.28,,0.04,1777901421
All Pools,USDT.e - AVVO,0.3,False,0.02518,4.021,,0.57,1777901421
All Pools,NOCHILL - ARENA,0.3,False,0.02512,0.4114,,5.57,1777901421
All Pools,USDt - IMPACT,0.3,False,0.02489,3.337,,0.68,1777901421
All Pools,Gravity - ChristMark,0.3,False,0.02483,15.6,,0.15,1777901421
All Pools,WETH.e - USDR,0.3,False,0.02466,2.774,,0.81,1777901421
All Pools,XIO - USDC,0.3,False,0.02451,24.35,,0.09,1777901421
All Pools,XIO - AVAX,0.3,False,0.02451,2.788,,0.8,1777901421
All Pools,LoveIsTheKey - AVAX,0.3,False,0.02436,14.95,,0.15,1777901421
All Pools,AAVE.e - USDT.e,0.3,False,0.02414,2.586,,0.85,1777901421
All Pools,GMX - USDC,0.3,False,0.02404,0.8964,,2.45,1777901421
All Pools,AVAX - Ouroboros,0.3,False,0.02387,21.62,,0.1,1777901421
All Pools,ARENA - MU,0.3,False,0.02386,3.301,,0.66,1777901421
All Pools,WhollySphere - Gravity,0.3,False,0.02358,22.97,,0.09,1777901421
All Pools,WhollySphere - AVAX,0.3,False,0.02357,50.52,,0.04,1777901421
All Pools,WOLF - USDT.e,0.3,False,0.02357,4.063,,0.53,1777901421
All Pools,WOLF - AVAX,0.3,False,0.02356,70.18,,0.03,1777901421
All Pools,SOB - AVAX,0.3,False,0.02352,547.83,,0.0,1777901421
All Pools,Gravity - McdonaldTrouped,0.3,False,0.02344,22.95,,0.09,1777901421
All Pools,McdonaldTrouped - AVAX,0.3,False,0.02343,50.45,,0.04,1777901421
All Pools,Wingdings - Gravity,0.3,False,0.02318,21.94,,0.1,1777901421
All Pools,Wingdings - AVAX,0.3,False,0.02318,50.59,,0.04,1777901421
All Pools,FollowTheWhiteRabbit - TruthClosure,0.3,False,0.02314,45.84,,0.05,1777901421
All Pools,AVAX - USDR,0.3,False,0.02304,2.945,,0.71,1777901421
All Pools,HIGHER - NOCHILL,0.3,False,0.02275,0.31971,,6.49,1777901421
All Pools,AVAX - Teste,0.3,False,0.02274,88.7,,0.02,1777901421
All Pools,Now - Teste,0.3,False,0.0227,917.82,,0.0,1777901421
All Pools,DrainTheSwamp - Gravity,0.3,False,0.02254,22.63,,0.09,1777901421
All Pools,WINK - MU,0.3,False,0.02237,0.46967,,4.35,1777901421
All Pools,USDC.e - RUG,0.3,False,0.02228,24.87,,0.08,1777901421
All Pools,PNG - REDWOLF,0.3,False,0.02223,4.27,,0.48,1777901421
All Pools,CHAMP - ARENA,0.3,False,0.02213,17.1,,0.12,1777901421
All Pools,CHAMP - AMI,0.3,False,0.02213,38.38,,0.05,1777901421
All Pools,BSGG - AVAX,0.3,False,0.02156,3.838,,0.51,1777901421
All Pools,MU - WAIFU,0.3,False,0.02155,100.08,,0.02,1777901421
All Pools,HIGHER - AMI,0.3,False,0.02147,3.246,,0.6,1777901421
All Pools,BNZ - WINK,0.3,False,0.02108,0.43328,,4.44,1777901421
All Pools,MerryXmas - AVAX,0.3,False,0.0209,267.93,,0.01,1777901421
All Pools,bCASH - LINK.e,0.3,False,0.0209,381.59,,0.0,1777901421
All Pools,Psychic - MerryXmas,0.3,False,0.02087,292.61,,0.01,1777901421
All Pools,AVAX - Always,0.3,False,0.0208,0.5911,,3.21,1777901421
All Pools,3ULL - USDt,0.3,False,0.02032,2.519,,0.74,1777901421
All Pools,CodexKennyMin - AVAX,0.3,False,0.02023,24.89,,0.07,1777901421
All Pools,XOMB - USDT.e,0.3,False,0.02023,2.417,,0.76,1777901421
All Pools,CodexKennyMin - FollowTheWhiteRabbit,0.3,False,0.02023,21.95,,0.08,1777901421
All Pools,XOMB - AVAX,0.3,False,0.02022,21.37,,0.09,1777901421
All Pools,ARA - AVAX,0.3,False,0.02021,2.83,,0.65,1777901421
All Pools,BGLD - USDT.e,0.3,False,0.02019,16.95,,0.11,1777901421
All Pools,BGLD - AVAX,0.3,False,0.02019,4.353,,0.42,1777901421
All Pools,WOLF - MU,0.3,False,0.02016,5.118,,0.36,1777901421
All Pools,HIGHER - HOWDY,0.3,False,0.02006,1.495,,1.23,1777901421
All Pools,AVAX - SwiftTaylor,0.3,False,0.01992,14.62,,0.12,1777901421
All Pools,CNR - AVAX,0.3,False,0.01989,61.17,,0.03,1777901421
All Pools,FatherChristmas - AVAX,0.3,False,0.01983,53.39,,0.03,1777901421
All Pools,FatherChristmas - Gravity,0.3,False,0.01979,21.89,,0.08,1777901421
All Pools,Satoshi - Gravity,0.3,False,0.01975,55.09,,0.03,1777901421
All Pools,Satoshi - AVAX,0.3,False,0.01974,19.04,,0.09,1777901421
All Pools,MUMO - USDC,0.3,False,0.01967,8.281,,0.22,1777901421
All Pools,Gravity - Vaccinations,0.3,False,0.01963,61.86,,0.03,1777901421
All Pools,AVAX - Vaccinations,0.3,False,0.01963,18.3,,0.1,1777901421
All Pools,QI - REDWOLF,0.3,False,0.01959,1.576,,1.13,1777901421
All Pools,Gravity - Nakamoto,0.3,False,0.01954,62.02,,0.03,1777901421
All Pools,Nakamoto - AVAX,0.3,False,0.01954,18.3,,0.1,1777901421
All Pools,COQ - REDWOLF,0.3,False,0.01948,12.32,,0.14,1777901421
All Pools,COQ - KOVIN,0.3,False,0.01937,12.92,,0.14,1777901421
All Pools,AVAX - TT,0.3,False,0.01921,1.922,,0.91,1777901421
All Pools,WETH.e - yyAVAX,0.3,False,0.0192,19.31,,0.09,1777901421
All Pools,MerryChristmas - Gravity,0.3,False,0.01913,62.07,,0.03,1777901421
All Pools,MerryChristmas - AVAX,0.3,False,0.01913,18.33,,0.1,1777901421
All Pools,BTC.b - MUMO,0.3,False,0.0191,4.82,,0.36,1777901421
All Pools,Yellow - BLACK,0.3,False,0.01885,4.862,,0.35,1777901421
All Pools,Yellow - AVAX,0.3,False,0.01884,263.83,,0.01,1777901421
All Pools,Hydrogen - BLACK,0.3,False,0.01873,4.877,,0.35,1777901421
All Pools,Blue - BLACK,0.3,False,0.01865,4.88,,0.35,1777901421
All Pools,TruthClosure - AVAX,0.3,False,0.01856,11.55,,0.15,1777901421
All Pools,Who - BLACK,0.3,False,0.01842,4.827,,0.35,1777901421
All Pools,Who - AVAX,0.3,False,0.01842,139.09,,0.01,1777901421
All Pools,Stolen - BLACK,0.3,False,0.01826,5.43,,0.31,1777901421
All Pools,KIWI - USDt,0.3,False,0.01819,20.38,,0.08,1777901421
All Pools,COQ - LYLY,0.3,False,0.01807,15.21,,0.11,1777901421
All Pools,Four - Found,0.3,False,0.01773,1847.7,,,1777901421
All Pools,NineHundred - AVAX,0.3,False,0.0175,139.78,,0.01,1777901421
All Pools,NineHundred - BLACK,0.3,False,0.0175,4.855,,0.33,1777901421
All Pools,USDT.e - iBONE,0.3,False,0.01746,4.814,,0.33,1777901421
All Pools,AVAX - iBONE,0.3,False,0.01746,5.402,,0.29,1777901421
All Pools,ILoveYouWordSpell - AVAX,0.3,False,0.01745,18.17,,0.09,1777901421
All Pools,ILoveYouWordSpell - Gravity,0.3,False,0.01744,102.29,,0.02,1777901421
All Pools,SodomAndGomorrah - AVAX,0.3,False,0.01741,19.17,,0.08,1777901421
All Pools,Trinity - SodomAndGomorrah,0.3,False,0.0174,22.69,,0.07,1777901421
All Pools,WalkTheWalkNowJesus - Gravity,0.3,False,0.01719,25.44,,0.06,1777901421
All Pools,WalkTheWalkNowJesus - AVAX,0.3,False,0.01719,24.73,,0.06,1777901421
All Pools,COQ - MU,0.3,False,0.01711,4.534,,0.34,1777901421
All Pools,GRELF[ava] - AVAX,0.3,False,0.01701,1151.0,,0.0,1777901421
All Pools,AVAX - LookingGlass,0.3,False,0.01639,16.18,,0.09,1777901421
All Pools,HCT - AVAX,0.3,False,0.01636,3.361,,0.44,1777901421
All Pools,Gravity - LookingGlass,0.3,False,0.01635,184.55,,0.01,1777901421
All Pools,KOKSAL - USDC,0.3,False,0.0163,4.74,,0.31,1777901421
All Pools,KOKSAL - AVAX,0.3,False,0.01629,3.498,,0.42,1777901421
All Pools,REDWOLF - ODDZ,0.3,False,0.0162,1.538,,0.96,1777901421
All Pools,ZH - JOE,0.3,False,0.01619,2.814,,0.53,1777901421
All Pools,ZH - USDC.e,0.3,False,0.01619,22.96,,0.06,1777901421
All Pools,WOLF - AVAX,0.3,False,0.01578,42934.0,,,1777901421
All Pools,QI - USDC.e,0.3,False,0.01574,0.81035,,1.77,1777901421
All Pools,Trinity - Yeshua,0.3,False,0.01563,34.61,,0.04,1777901421
All Pools,AVAX - Yeshua,0.3,False,0.01562,29.26,,0.05,1777901421
All Pools,WETH.e - MU,0.3,False,0.01524,2.051,,0.68,1777901421
All Pools,DUA - USDC,0.3,False,0.01494,11.52,,0.12,1777901421
All Pools,AVAX - DUA,0.3,False,0.01494,2.054,,0.66,1777901421
All Pools,GAINS - COQ,0.3,False,0.01472,2.012,,0.67,1777901421
All Pools,GAINS - BOBS,0.3,False,0.01456,2.231,,0.6,1777901421
All Pools,AVAX - BOBS,0.3,False,0.01451,5452.57,,,1777901421
All Pools,JOE - QI,0.3,False,0.01425,0.94086,,1.38,1777901421
All Pools,SUB - AVAX,0.3,False,0.01422,20.63,,0.06,1777901421
All Pools,Psychic - Blue,0.3,False,0.0141,81.53,,0.02,1777901421
All Pools,LoveIsTheKey - FollowTheWhiteRabbit,0.3,False,0.01391,64.8,,0.02,1777901421
All Pools,Strength - BLACK,0.3,False,0.01388,4.831,,0.26,1777901421
All Pools,AVAX - Strength,0.3,False,0.01387,140.27,,0.01,1777901421
All Pools,Go - BLACK,0.3,False,0.01385,4.825,,0.26,1777901421
All Pools,Go - AVAX,0.3,False,0.01385,139.3,,0.01,1777901421
All Pools,AVAX - Wormwood,0.3,False,0.0138,17.01,,0.07,1777901421
All Pools,Gravity - Wormwood,0.3,False,0.0138,15.4,,0.08,1777901421
All Pools,AVAX - WOHM,0.3,False,0.01376,3.362,,0.37,1777901421
All Pools,MIM - WOHM,0.3,False,0.01375,86.0,,0.01,1777901421
All Pools,AVAX - SantaClaus,0.3,False,0.01372,24.62,,0.05,1777901421
All Pools,Gravity - SantaClaus,0.3,False,0.01371,11.9,,0.11,1777901421
All Pools,AVAX - LoveWins,0.3,False,0.01352,7.765,,0.16,1777901421
All Pools,FollowTheWhiteRabbit - LoveWins,0.3,False,0.01352,151.86,,0.01,1777901421
All Pools,XAVA - HON,0.3,False,0.01336,1.866,,0.65,1777901421
All Pools,MIM - RUG,0.3,False,0.01335,22.88,,0.05,1777901421
All Pools,Gravity - Ouroboros,0.3,False,0.01324,30.47,,0.04,1777901421
All Pools,AVAX - ETH,0.3,False,0.01321,16.61,,0.07,1777901421
All Pools,aDXN - AVAX,0.3,False,0.0131,3.656,,0.33,1777901421
All Pools,ChristMark - ChristIAmYou,0.3,False,0.01294,26.53,,0.04,1777901421
All Pools,Trinity - SwiftTaylor,0.3,False,0.01292,17.72,,0.07,1777901421
All Pools,TokenZ - USDC,0.3,False,0.01272,3.765,,0.31,1777901421
All Pools,TokenZ - AVAX,0.3,False,0.01271,2.381,,0.49,1777901421
All Pools,LUNA - USDC,0.3,False,0.01269,1.401,,0.83,1777901421
All Pools,CAI - AMI,0.3,False,0.01268,0.51409,,2.25,1777901421
All Pools,3AC - NOCHILL,0.3,False,0.01268,0.1739,,6.65,1777901421
All Pools,AVAX - GrinchKidAfflict,0.3,False,0.01267,43.18,,0.03,1777901421
All Pools,ValentinMidwifes - Gravity,0.3,False,0.01267,39.06,,0.03,1777901421
All Pools,Gravity - GrinchKidAfflict,0.3,False,0.01266,9.14,,0.13,1777901421
All Pools,GAINS - Degen,0.3,False,0.01254,2.017,,0.57,1777901421
All Pools,Degen - AVAX,0.3,False,0.0125,1993.01,,,1777901421
All Pools,USDC - COSMIC,0.3,False,0.01249,54.19,,0.02,1777901421
All Pools,AVAX - COSMIC,0.3,False,0.01248,1.242,,0.92,1777901421
All Pools,TRYB - USDC.e,0.3,False,0.01221,31.46,,0.04,1777901421
All Pools,AVAX - LODE,0.3,False,0.01208,1.022,,1.08,1777901421
All Pools,DrainTheSwamp - FollowTheWhiteRabbit,0.3,False,0.01203,11.02,,0.1,1777901421
All Pools,AVAX - BAVA,0.3,False,0.01171,11.48,,0.09,1777901421
All Pools,ARENA - AMI,0.3,False,0.01158,1.385,,0.76,1777901421
All Pools,WETH.e - STATIK,0.3,False,0.0115,1.362,,0.77,1777901421
All Pools,AVAX - MUG,0.3,False,0.01145,1.211,,0.86,1777901421
All Pools,Anon - USDC,0.3,False,0.01142,1.04,,1.0,1777901421
All Pools,AVAX - QUASI,0.3,False,0.01123,585.35,,0.0,1777901421
All Pools,GAINS - QUASI,0.3,False,0.01118,1.396,,0.73,1777901421
All Pools,Orange - BLACK,0.3,False,0.01116,4.137,,0.25,1777901421
All Pools,Wormhole - AVAX,0.3,False,0.01116,103.51,,0.01,1777901421
All Pools,Trinity - Wormhole,0.3,False,0.01115,6.19,,0.16,1777901421
All Pools,Orem - AVAX,0.3,False,0.01095,103.6,,0.01,1777901421
All Pools,Trinity - Orem,0.3,False,0.01094,6.196,,0.16,1777901421
All Pools,COQ - MCV,0.3,False,0.01085,9.744,,0.1,1777901421
All Pools,MCV - AVAX,0.3,False,0.01082,399.05,,0.0,1777901421
All Pools,TickTock - AVAX,0.3,False,0.01076,89.52,,0.01,1777901421
All Pools,TickTock - Now,0.3,False,0.01074,914.81,,0.0,1777901421
All Pools,AVAX - DWC,0.3,False,0.01053,5994.86,,,1777901421
All Pools,JOE - USDt,0.3,False,0.01049,0.8408,,1.14,1777901421
All Pools,LoveIsTheKey - BLACK,0.3,False,0.01047,7.973,,0.12,1777901421
All Pools,BNZ - AVAX,0.3,False,0.01045,61.93,,0.02,1777901421
All Pools,MU - COQAI,0.3,False,0.01042,6.492,,0.15,1777901421
All Pools,Psychic - Turtle,0.3,False,0.01041,60.45,,0.02,1777901421
All Pools,AVAX - OK,0.3,False,0.01014,1.946,,0.48,1777901421
All Pools,AVAX - NORTH,0.3,False,0.01013,2.105,,0.44,1777901421
All Pools,USDT.e - NORTH,0.3,False,0.01011,26.69,,0.03,1777901421
All Pools,aAvaLINK - LINK.e,0.3,False,0.01011,1.863,,0.49,1777901421
All Pools,BLACK - SantaGospel,0.3,False,0.01008,4.811,,0.19,1777901421
All Pools,AVAX - SantaGospel,0.3,False,0.01008,133.59,,0.01,1777901421
All Pools,FTOMB - AVAX,0.3,False,0.01005,10236.0,,,1777901421
All Pools,SHERPA - AVAX,0.3,False,0.00998,131.0,,0.01,1777901421
All Pools,DivineFeminine - ValentinMidwifes,0.3,False,0.00987,41.25,,0.02,1777901421
All Pools,CATWIF - MAJIN,0.3,False,0.00979,0.85655,,1.04,1777901421
All Pools,TRACTOR - AVAX,0.3,False,0.00959,14815.0,,,1777901421
All Pools,TRACTOR - USDT.e,0.3,False,0.00958,1.971,,0.44,1777901421
All Pools,Psychic - Hydrogen,0.3,False,0.00951,81.87,,0.01,1777901421
All Pools,Psychic - Mirror,0.3,False,0.00949,60.41,,0.01,1777901421
All Pools,APOW - MU,0.3,False,0.00934,3.468,,0.25,1777901421
All Pools,aDXN - aXEN,0.3,False,0.00934,0.62065,,1.37,1777901421
All Pools,AVAX - VYBE,0.3,False,0.00904,3.256,,0.25,1777901421
All Pools,MIM - VYBE,0.3,False,0.00903,3.731,,0.22,1777901421
All Pools,KIMBO - GAINS,0.3,False,0.00898,1.35,,0.61,1777901421
All Pools,MU - SOL,0.3,False,0.0089,1.323,,0.61,1777901421
All Pools,AVAX - TUSK,0.3,False,0.0088,2.479,,0.32,1777901421
All Pools,USDC.e - TUSK,0.3,False,0.00879,9.721,,0.08,1777901421
All Pools,AUSD - HUSKY,0.3,False,0.00872,0.75877,,1.05,1777901421
All Pools,XETA - AVAX,0.3,False,0.00865,0.24393,,3.24,1777901421
All Pools,Trinity - FourFourFour,0.3,False,0.00864,4.971,,0.16,1777901421
All Pools,COQ - SNP,0.3,False,0.00855,26.53,,0.03,1777901421
All Pools,SYN - USDC.e,0.3,False,0.00854,1.225,,0.64,1777901421
All Pools,SNP - AVAX,0.3,False,0.00853,11.54,,0.07,1777901421
All Pools,GAINS - MEAT,0.3,False,0.00853,0.98514,,0.79,1777901421
All Pools,AVAX - HOST,0.3,False,0.00845,1.935,,0.4,1777901421
All Pools,KOVIN - MU,0.3,False,0.00822,3.044,,0.25,1777901421
All Pools,XPOW - AVAX,0.3,False,0.00818,118.78,,0.01,1777901421
All Pools,XPOW - USDt,0.3,False,0.00817,1.394,,0.53,1777901421
All Pools,BENIS - AVAX,0.3,False,0.00811,15.5,,0.05,1777901421
All Pools,HOST - DAI.e,0.3,False,0.00808,2.992,,0.25,1777901421
All Pools,Psychic - WhoWhoWho,0.3,False,0.00805,60.41,,0.01,1777901421
All Pools,Psychic - Thick,0.3,False,0.00797,60.42,,0.01,1777901421
All Pools,SatoshiNakamoto - Psychic,0.3,False,0.00795,60.45,,0.01,1777901421
All Pools,Psychic - Alphabet,0.3,False,0.00793,60.46,,0.01,1777901421
All Pools,Psychic - Oracle,0.3,False,0.00791,60.45,,0.01,1777901421
All Pools,AAVE.e - USDC.e,0.3,False,0.00789,1.252,,0.57,1777901421
All Pools,AI9000 - AVAX,0.3,False,0.00782,302.28,,0.0,1777901421
All Pools,Psychic - Codes,0.3,False,0.00777,60.45,,0.01,1777901421
All Pools,Psychic - PennyTrinity,0.3,False,0.00776,60.46,,0.01,1777901421
All Pools,Psychic - Penny,0.3,False,0.00771,60.45,,0.01,1777901421
All Pools,JOE - REDWOLF,0.3,False,0.0077,3.947,,0.18,1777901421
All Pools,AprilFoolsDay - AVAX,0.3,False,0.00768,103.44,,0.01,1777901421
All Pools,Trinity - AprilFoolsDay,0.3,False,0.00767,6.216,,0.11,1777901421
All Pools,AVAX - AXIAL,0.3,False,0.00764,1032.15,,,1777901421
All Pools,LUNA - USDt,0.3,False,0.00763,1.328,,0.52,1777901421
All Pools,AKA - AVAX,0.3,False,0.00754,2.254,,0.31,1777901421
All Pools,AKA - USDt,0.3,False,0.00754,2.923,,0.24,1777901421
All Pools,Psychic - Verse,0.3,False,0.00752,60.42,,0.01,1777901421
All Pools,Eye - Psychic,0.3,False,0.00751,60.45,,0.01,1777901421
All Pools,Psychic - Gematria,0.3,False,0.00744,60.45,,0.01,1777901421
All Pools,COQ - ARENA,0.3,False,0.00736,1.23,,0.55,1777901421
All Pools,ACS - USDt,0.3,False,0.00732,0.9738,,0.69,1777901421
All Pools,WITCH - AVAX,0.3,False,0.00728,2.754,,0.24,1777901421
All Pools,WITCH - USDC,0.3,False,0.00728,1.718,,0.39,1777901421
All Pools,Psychic - Crypt,0.3,False,0.00724,60.4,,0.01,1777901421
All Pools,Psychic - OneOneOne,0.3,False,0.00718,60.44,,0.01,1777901421
All Pools,Psychic - Architect,0.3,False,0.00716,60.45,,0.01,1777901421
All Pools,Psychic - daVinci,0.3,False,0.00714,60.44,,0.01,1777901421
All Pools,Psychic - Gematria,0.3,False,0.00713,60.45,,0.01,1777901421
All Pools,Psychic - RefZip,0.3,False,0.00712,60.44,,0.01,1777901421
All Pools,JOE - aXEN,0.3,False,0.00711,0.2397,,2.71,1777901421
All Pools,Psychic - Finish,0.3,False,0.00711,60.41,,0.01,1777901421
All Pools,Psychic - Qubit,0.3,False,0.0071,60.41,,0.01,1777901421
All Pools,Psychic - Blessings,0.3,False,0.00708,60.41,,0.01,1777901421
All Pools,Psychic - Solved,0.3,False,0.00708,60.45,,0.01,1777901421
All Pools,Psychic - IAmThatIAm,0.3,False,0.00706,60.45,,0.01,1777901421
All Pools,Psychic - Confusion,0.3,False,0.00705,60.45,,0.01,1777901421
All Pools,AVAX - GematrixDotOrg,0.3,False,0.00705,16.6,,0.04,1777901421
All Pools,Gravity - GematrixDotOrg,0.3,False,0.00703,13.01,,0.05,1777901421
All Pools,Psychic - TwinFlames,0.3,False,0.00703,61.13,,0.01,1777901421
All Pools,NotBrideOfChrist - AVAX,0.3,False,0.00702,69.03,,0.01,1777901421
All Pools,SaintGermain - BLACK,0.3,False,0.00701,2.52,,0.25,1777901421
All Pools,NotBrideOfChrist - SwiftTaylor,0.3,False,0.00701,52.12,,0.01,1777901421
All Pools,Psychic - TrumpCard,0.3,False,0.00699,60.46,,0.01,1777901421
All Pools,Choice - Psychic,0.3,False,0.00698,60.42,,0.01,1777901421
All Pools,Psychic - YouAndI,0.3,False,0.00694,60.44,,0.01,1777901421
All Pools,DCAR - AVAX,0.3,False,0.00689,1.091,,0.58,1777901421
All Pools,DCAR - USDC,0.3,False,0.00688,55.81,,0.01,1777901421
All Pools,Loyalty - Psychic,0.3,False,0.00686,60.41,,0.01,1777901421
All Pools,HOWDY - AVAX,0.3,False,0.00686,21037.0,,,1777901421
All Pools,STOMB - AVAX,0.3,False,0.00683,7892.34,,,1777901421
All Pools,Psychic - BiTonic,0.3,False,0.00681,60.45,,0.01,1777901421
All Pools,Psychic - TheArcher,0.3,False,0.00681,60.44,,0.01,1777901421
All Pools,MU - MUG,0.3,False,0.00679,2425.9,,,1777901421
All Pools,Psychic - Artemis,0.3,False,0.00678,60.39,,0.01,1777901421
All Pools,USDC - MU,0.3,False,0.00674,0.34163,,1.8,1777901421
All Pools,AVAX - EDG,0.3,False,0.00672,3.144,,0.19,1777901421
All Pools,MIM - EDG,0.3,False,0.0067,7.916,,0.08,1777901421
All Pools,LYD - REDWOLF,0.3,False,0.00661,4.778,,0.13,1777901421
All Pools,Psychic - Six,0.3,False,0.00657,60.45,,0.01,1777901421
All Pools,GAINS - TECH,0.3,False,0.00654,0.61103,,0.98,1777901421
All Pools,Psychic - Nine,0.3,False,0.00654,60.42,,0.01,1777901421
All Pools,GAINS - DWC,0.3,False,0.00653,0.96911,,0.61,1777901421
All Pools,Psychic - ElmoSunkGematria,0.3,False,0.00652,60.46,,0.01,1777901421
All Pools,Spider - Psychic,0.3,False,0.0065,60.4,,0.01,1777901421
All Pools,Psychic - Zero,0.3,False,0.00648,60.42,,0.01,1777901421
All Pools,USV - AVAX,0.3,False,0.0064,1.148,,0.51,1777901421
All Pools,WBTC.e - USDC,0.3,False,0.00633,0.20939,,2.76,1777901421
All Pools,Psychic - Lock,0.3,False,0.00631,60.43,,0.01,1777901421
All Pools,USDC.e - BAVA,0.3,False,0.0063,2.979,,0.19,1777901421
All Pools,ABC - AMI,0.3,False,0.00629,3.905,,0.15,1777901421
All Pools,SNTA - MIM,0.3,False,0.00622,0.99508,,0.57,1777901421
All Pools,Psychic - KekiusMaximus,0.3,False,0.0062,60.45,,0.01,1777901421
All Pools,GAINS - BAWLS,0.3,False,0.00619,0.91703,,0.62,1777901421
All Pools,Psychic - Time,0.3,False,0.00619,60.45,,0.01,1777901421
All Pools,Psychic - SevenSevenSeven,0.3,False,0.00617,60.45,,0.01,1777901421
All Pools,BAWLS - AVAX,0.3,False,0.00617,16.37,,0.03,1777901421
All Pools,Psychic - BirthingCode,0.3,False,0.0061,60.45,,0.01,1777901421
All Pools,Flection - Psychic,0.3,False,0.00607,60.45,,0.01,1777901421
All Pools,Psychic - LordJesusChrist,0.3,False,0.00602,57.91,,0.01,1777901421
All Pools,Psychic - Diamonds,0.3,False,0.006,60.45,,0.01,1777901421
All Pools,Psychic - Numbers,0.3,False,0.00595,60.44,,0.01,1777901421
All Pools,SYN - REDWOLF,0.3,False,0.00594,2.619,,0.21,1777901421
All Pools,LUNA - USDC,0.3,False,0.00592,0.13263,,4.08,1777901421
All Pools,Psychic - Happy,0.3,False,0.0059,60.45,,0.01,1777901421
All Pools,USDC - OK,0.3,False,0.0059,1.187,,0.45,1777901421
All Pools,Psychic - Luck,0.3,False,0.00589,60.45,,0.01,1777901421
All Pools,Psychic - Bonfire,0.3,False,0.00587,60.44,,0.01,1777901421
All Pools,GMX - JOE,0.3,False,0.00584,0.41886,,1.27,1777901421
All Pools,AVAX - Gaza,0.3,False,0.0058,3.178,,0.17,1777901421
All Pools,TEDDY - AVAX,0.3,False,0.00579,16.74,,0.03,1777901421
All Pools,Psychic - [In]finity,0.3,False,0.00579,60.42,,0.01,1777901421
All Pools,Trinity - Gaza,0.3,False,0.00579,3.771,,0.14,1777901421
All Pools,GMX - USDt,0.3,False,0.00576,0.37182,,1.41,1777901421
All Pools,WETH.e - JOE,0.3,False,0.00567,0.03746,,13.8,1777901421
All Pools,Psychic - Alice,0.3,False,0.00566,60.42,,0.01,1777901421
All Pools,Psychic - WhoWho,0.3,False,0.00566,60.45,,0.01,1777901421
All Pools,Psychic - Sequence,0.3,False,0.00564,60.45,,0.01,1777901421
All Pools,AVAI - USDC.e,0.3,False,0.00561,33.38,,0.02,1777901421
All Pools,MIM - SDOG,0.3,False,0.00561,316.53,,0.0,1777901421
All Pools,AVAX - WINE,0.3,False,0.0056,0.66338,,0.77,1777901421
All Pools,KIMBO - KOVIN,0.3,False,0.00559,5.269,,0.1,1777901421
All Pools,USDC.e - SMRT,0.3,False,0.00554,2.204,,0.23,1777901421
All Pools,DWC - MU,0.3,False,0.00554,3.446,,0.15,1777901421
All Pools,CATWIF - MU,0.3,False,0.00552,3.587,,0.14,1777901421
All Pools,Psychic - Partment,0.3,False,0.00548,60.43,,0.01,1777901421
All Pools,AVAX - WISE,0.3,False,0.00544,2.798,,0.18,1777901421
All Pools,USDC.e - WISE,0.3,False,0.00543,7.135,,0.07,1777901421
All Pools,GAINS - KONG,0.3,False,0.00542,0.75601,,0.65,1777901421
All Pools,WETH.e - BTCBR,0.3,False,0.00538,0.0608,,8.07,1777901421
All Pools,Hollywood - Ouroboros,0.3,False,0.00531,13.04,,0.04,1777901421
All Pools,3ULL - USDC,0.3,False,0.00529,0.65091,,0.74,1777901421
All Pools,Psychic - Line,0.3,False,0.00524,61.2,,0.01,1777901421
All Pools,Psychic - Who,0.3,False,0.00522,60.45,,0.01,1777901421
All Pools,MEOW - MU,0.3,False,0.00521,1.551,,0.31,1777901421
All Pools,FiveTwelveThirteen - AVAX,0.3,False,0.00521,5.179,,0.09,1777901421
All Pools,ElkeNevusRome - AVAX,0.3,False,0.00521,12.99,,0.04,1777901421
All Pools,COQ - MICRO,0.3,False,0.0052,3.75,,0.13,1777901421
All Pools,ElkeNevusRome - Gravity,0.3,False,0.00519,4.957,,0.1,1777901421
All Pools,FiveTwelveThirteen - Gravity,0.3,False,0.00519,6.882,,0.07,1777901421
All Pools,ETHM - AVAX,0.3,False,0.00518,27.21,,0.02,1777901421
All Pools,AVAX - MICRO,0.3,False,0.00518,23.72,,0.02,1777901421
All Pools,USDC - LODE,0.3,False,0.00513,880.33,,,1777901421
All Pools,Psychic - Ups,0.3,False,0.00509,60.45,,0.01,1777901421
All Pools,NXPC - USDC,0.3,False,0.00501,0.71668,,0.64,1777901421
All Pools,WLRS - USDC,0.3,False,0.00501,4.01,,0.11,1777901421
All Pools,WINK - AMI,0.3,False,0.00499,0.10732,,4.24,1777901421
All Pools,GURS - ARENA,0.3,False,0.0049,7.373,,0.06,1777901421
All Pools,TrueLove - AVAX,0.3,False,0.0048,12.85,,0.03,1777901421
All Pools,TrueLove - Gravity,0.3,False,0.00479,4.902,,0.09,1777901421
All Pools,BEAM - MU,0.3,False,0.0047,1.072,,0.4,1777901421
All Pools,AI9000 - USDt,0.3,False,0.00469,0.90109,,0.48,1777901421
All Pools,RGOGLZ - AVAX,0.3,False,0.00464,4.077,,0.1,1777901421
All Pools,JPYC - AVAX,0.3,False,0.00461,0.27466,,1.53,1777901421
All Pools,AMI - MU,0.3,False,0.00453,1.691,,0.24,1777901421
All Pools,ETHM - DAI.e,0.3,False,0.00447,0.67329,,0.61,1777901421
All Pools,KR - AVAX,0.3,False,0.00442,1.695,,0.24,1777901421
All Pools,KR - USDC.e,0.3,False,0.0044,11.47,,0.04,1777901421
All Pools,REDWOLF - GEC,0.3,False,0.00431,3.955,,0.1,1777901421
All Pools,TT - DAI.e,0.3,False,0.0043,1.913,,0.21,1777901421
All Pools,GAINS - KOVIN,0.3,False,0.0042,0.64104,,0.6,1777901421
All Pools,Psychic - Number,0.3,False,0.00419,60.46,,0.01,1777901421
All Pools,Psychic - Vampire,0.3,False,0.00418,60.45,,0.01,1777901421
All Pools,AAVE.e - meGNX,0.3,False,0.00417,4.026,,0.09,1777901421
All Pools,Psychic - Aquarius,0.3,False,0.00417,60.42,,0.01,1777901421
All Pools,SYN - USDT.e,0.3,False,0.00399,0.65488,,0.56,1777901421
All Pools,Psychic - TrueStory,0.3,False,0.00397,60.45,,0.01,1777901421
All Pools,AVAX - PAR,0.3,False,0.00396,2.384,,0.15,1777901421
All Pools,MIM - PAR,0.3,False,0.00395,1.921,,0.19,1777901421
All Pools,Lightworker - AVAX,0.3,False,0.00395,2.728,,0.13,1777901421
All Pools,GRAPE - AVAX,0.3,False,0.00394,0.87686,,0.41,1777901421
All Pools,Gravity - Lightworker,0.3,False,0.00394,53.4,,0.01,1777901421
All Pools,Evergreen - AVAX,0.3,False,0.00393,25.22,,0.01,1777901421
All Pools,Evergreen - Gravity,0.3,False,0.00392,4.769,,0.07,1777901421
All Pools,Psychic - Seminole,0.3,False,0.00389,60.41,,0.01,1777901421
All Pools,YEEHAW - ARENA,0.3,False,0.00389,2.336,,0.15,1777901421
All Pools,- AMI,0.3,False,0.00388,13.19,,0.03,1777901421
All Pools,Psychic - PoPo,0.3,False,0.00386,60.45,,0.01,1777901421
All Pools,Psychic - James,0.3,False,0.00382,60.46,,0.01,1777901421
All Pools,RUGPULL - AVAX,0.3,False,0.00381,2.949,,0.12,1777901421
All Pools,Psychic - FinityFinity,0.3,False,0.0038,60.46,,0.01,1777901421
All Pools,EHCNALAVA - AVAX,0.3,False,0.00379,1503.17,,,1777901421
All Pools,COQ - ZUM,0.3,False,0.00379,1.119,,0.31,1777901421
All Pools,KIMBO - EHCNALAVA,0.3,False,0.00379,2.831,,0.12,1777901421
All Pools,SYN - WETH.e,0.3,False,0.00373,0.67875,,0.5,1777901421
All Pools,Psychic - QuetzalCoatl,0.3,False,0.00373,60.45,,0.01,1777901421
All Pools,Trinity - IfYouKnowYouKnow,0.3,False,0.00371,5.027,,0.07,1777901421
All Pools,KIMBO - COQ,0.3,False,0.00371,1.684,,0.2,1777901421
All Pools,WETH.e - meGNX,0.3,False,0.00367,6.633,,0.05,1777901421
All Pools,xJOE - AVAX,0.3,False,0.00365,2.783,,0.12,1777901421
All Pools,MIM - SMRT,0.3,False,0.00364,1.66,,0.2,1777901421
All Pools,TEMPO - AVAX,0.3,False,0.00362,1.074,,0.31,1777901421
All Pools,YETI - WINE,0.3,False,0.00362,1.45,,0.23,1777901421
All Pools,YETI - AVAX,0.3,False,0.00361,940.75,,,1777901421
All Pools,MIM - TEMPO,0.3,False,0.00361,6.742,,0.05,1777901421
All Pools,GATOR - AMI,0.3,False,0.00358,4.463,,0.07,1777901421
All Pools,SMRTr - USDT.e,0.3,False,0.00358,1.301,,0.25,1777901421
All Pools,Psychic - Checkmate,0.3,False,0.00351,60.59,,0.01,1777901421
All Pools,GG - AVAX,0.3,False,0.00347,0.1594,,1.99,1777901421
All Pools,Psychic - Equal,0.3,False,0.00347,60.45,,0.01,1777901421
All Pools,Psychic - Abracadabra,0.3,False,0.00345,60.43,,0.01,1777901421
All Pools,WETH.e - HOWDY,0.3,False,0.00344,1.048,,0.3,1777901421
All Pools,MIM - DUNEV3,0.3,False,0.00343,66822.0,,,1777901421
All Pools,BTCBR - USDC,0.3,False,0.00342,0.20325,,1.54,1777901421
All Pools,Psychic - PlotTwist,0.3,False,0.00341,61.8,,0.01,1777901421
All Pools,MIM - ICE,0.3,False,0.0033,0.99884,,0.3,1777901421
All Pools,STG - JOE,0.3,False,0.00326,0.16837,,1.77,1777901421
All Pools,EGG - AVAX,0.3,False,0.00326,1.695,,0.18,1777901421
All Pools,Psychic - KatzJoel,0.3,False,0.00325,60.42,,0.0,1777901421
All Pools,EGG - USDT.e,0.3,False,0.00324,1.988,,0.15,1777901421
All Pools,USDt - USDC.e,0.3,False,0.00323,14.23,,0.02,1777901421
All Pools,ELXR - USDC.e,0.3,False,0.00321,1095.99,,,1777901421
All Pools,Psychic - Hexagon,0.3,False,0.00318,60.45,,0.0,1777901421
All Pools,WBTC.e - MU,0.3,False,0.00312,0.71908,,0.4,1777901421
All Pools,AI9000 - MU,0.3,False,0.00312,1.269,,0.22,1777901421
All Pools,CRAFT - USDC.e,0.3,False,0.00309,0.87742,,0.32,1777901421
All Pools,JOE - aDXN,0.3,False,0.00301,0.83394,,0.33,1777901421
All Pools,CATWIF - REDWOLF,0.3,False,0.00299,0.97086,,0.28,1777901421
All Pools,EagleToken - AVAX,0.3,False,0.00293,2.112,,0.13,1777901421
All Pools,EagleToken - USDC.e,0.3,False,0.00292,2.218,,0.12,1777901421
All Pools,AVXT - AVAX,0.3,False,0.00291,52.53,,0.01,1777901421
All Pools,BUSD - USDT.e,0.3,False,0.00289,0.07804,,3.38,1777901421
All Pools,ValentinMidwifes - AVAX,0.3,False,0.00282,2.373,,0.11,1777901421
All Pools,GURS - HOWDY,0.3,False,0.00278,1.861,,0.14,1777901421
All Pools,USDC - TT,0.3,False,0.00276,2.002,,0.13,1777901421
All Pools,UST - WINE,0.3,False,0.00274,0.8821,,0.28,1777901421
All Pools,MU - KET,0.3,False,0.00269,1.318,,0.19,1777901421
All Pools,AVAX - SAGE,0.3,False,0.00265,0.88815,,0.27,1777901421
All Pools,USDC.e - SAGE,0.3,False,0.00264,2.18,,0.11,1777901421
All Pools,TEDDY - USDC,0.3,False,0.00263,0.42741,,0.56,1777901421
All Pools,PNG - USDT.e,0.3,False,0.00259,0.88993,,0.27,1777901421
All Pools,BLUB - AVAX,0.0,False,0.00257,47.66,0.0,0.0,1777901421
All Pools,DREGG - USDC.e,0.3,False,0.00253,3.055,,0.08,1777901421
All Pools,AVAX - CAKE,0.3,False,0.00249,0.71905,,0.32,1777901421
All Pools,USDT.e - CAKE,0.3,False,0.00248,48.59,,0.0,1777901421
All Pools,YAK - USDT.e,0.3,False,0.00247,0.55517,,0.41,1777901421
All Pools,KIMBO - UNIQOC,0.3,False,0.00246,0.72709,,0.31,1777901421
All Pools,ARENA - JUICY,0.3,False,0.00245,0.03363,,6.66,1777901421
All Pools,UNIQOC - MAJIN,0.3,False,0.00243,0.25522,,0.87,1777901421
All Pools,BTC.b - MUG,0.3,False,0.00241,0.89387,,0.25,1777901421
All Pools,AVAX - WARP,0.3,False,0.0024,1.474,,0.15,1777901421
All Pools,EUROS - AVAX,0.3,False,0.00236,1.186,,0.18,1777901421
All Pools,MAXI - AVAX,0.3,False,0.00227,0.7834,,0.26,1777901421
All Pools,Psychic - Self,0.3,False,0.00222,62.43,,0.0,1777901421
All Pools,LINK.e - MUG,0.3,False,0.00222,0.25179,,0.8,1777901421
All Pools,YEEHAW - HIGHER,0.3,False,0.00219,0.44741,,0.45,1777901421
All Pools,COQ - COFI,0.3,False,0.00217,1.855,,0.11,1777901421
All Pools,AVAX - COFI,0.3,False,0.00217,612.49,,,1777901421
All Pools,KIMBO - AMI,0.3,False,0.00213,4.263,,0.05,1777901421
All Pools,sAVAX - USDC,0.3,False,0.00205,0.53092,,0.35,1777901421
All Pools,XPOW - USDC,0.3,False,0.00202,0.03872,,4.77,1777901421
All Pools,TT - USDT.e,0.3,False,0.00202,2.002,,0.09,1777901421
All Pools,USDt - TT,0.3,False,0.00201,2.009,,0.09,1777901421
All Pools,aAvaWAVAX - AVAX,0.3,False,0.00195,0.25723,,0.69,1777901421
All Pools,USDC.e - CHAM,0.3,False,0.00195,0.82528,,0.22,1777901421
All Pools,GATOR - ARENA,0.3,False,0.00195,1.962,,0.09,1777901421
All Pools,BEE - AVAX,0.3,False,0.00192,0.80347,,0.22,1777901421
All Pools,BEE - USDT.e,0.3,False,0.00192,32.37,,0.01,1777901421
All Pools,Gravity - NaughtiusMaximus,0.3,False,0.0019,5.068,,0.03,1777901421
All Pools,LIRA - BUSD,0.3,False,0.00184,0.0823,,2.04,1777901421
All Pools,TECH - REDWOLF,0.3,False,0.00183,0.85428,,0.2,1777901421
All Pools,GGP - JUICY,0.3,False,0.0018,0.03429,,4.79,1777901421
All Pools,YAK - JOE,0.3,False,0.00178,1.234,,0.13,1777901421
All Pools,toi - AVAX,0.3,False,0.00178,0.93688,,0.17,1777901421
All Pools,MIM - toi,0.3,False,0.00178,3.44,,0.05,1777901421
All Pools,AVAX - DREX,0.3,False,0.00177,0.59648,,0.27,1777901421
All Pools,MIM - WINE,0.3,False,0.00177,3084.42,,,1777901421
All Pools,MIM - DREX,0.3,False,0.00176,37.57,,0.0,1777901421
All Pools,GAINS - Always,0.3,False,0.00174,0.10539,,1.51,1777901421
All Pools,JOE - CRA,0.3,False,0.00173,11.05,,0.01,1777901421
All Pools,WETH.e - LINK.e,0.3,False,0.00172,0.1492,,1.05,1777901421
All Pools,MM - USDC.e,0.3,False,0.00168,0.60076,,0.25,1777901421
All Pools,HERESY - MEOW,0.3,False,0.00167,0.27698,,0.55,1777901421
All Pools,JOE - USDR,0.3,False,0.00167,0.72202,,0.21,1777901421
All Pools,LIFE - AVAX,0.3,False,0.00162,1.338,,0.11,1777901421
All Pools,MIM - LIFE,0.3,False,0.00162,0.94299,,0.16,1777901421
All Pools,AMI - EROL,0.3,False,0.0016,0.67342,,0.22,1777901421
All Pools,gOHM - JOE,0.3,False,0.00159,3.933,,0.04,1777901421
All Pools,BTC.b - IMPACT,0.3,False,0.00158,0.62678,,0.23,1777901421
All Pools,XPOW - USDt,0.3,False,0.00156,0.03493,,4.09,1777901421
All Pools,AVAX - sSB,0.3,False,0.00156,0.50272,,0.28,1777901421
All Pools,AVAX - MTB,0.3,False,0.00156,0.95715,,0.15,1777901421
All Pools,REDEEMER - AMI,0.3,False,0.00156,0.0144,,9.86,1777901421
All Pools,USDC.e - sSB,0.3,False,0.00155,837.7,,,1777901421
All Pools,MIM - MTB,0.3,False,0.00155,2.214,,0.06,1777901421
All Pools,AVAX - RUG,0.3,False,0.00155,0.5295,,0.27,1777901421
All Pools,Always - KONG,0.3,False,0.00151,0.04356,,3.17,1777901421
All Pools,AVAX - ICE,0.3,False,0.00151,150.45,,,1777901421
All Pools,AVAX - NXUSD,0.3,False,0.0015,0.48944,,0.28,1777901421
All Pools,USDC.e - NXUSD,0.3,False,0.00149,1.66,,0.08,1777901421
All Pools,USDC.e - WARP,0.3,False,0.00149,0.86404,,0.16,1777901421
All Pools,MUMO - AVAX,0.3,False,0.00148,0.17948,,0.75,1777901421
All Pools,DB - AVAX,0.3,False,0.0014,2.201,,0.06,1777901421
All Pools,MIM - YAK,0.3,False,0.0014,0.43002,,0.3,1777901421
All Pools,MIM - DB,0.3,False,0.0014,0.67059,,0.19,1777901421
All Pools,WETH.e - ETHM,0.3,False,0.00138,0.49978,,0.25,1777901421
All Pools,ETHM - USDC.e,0.3,False,0.00138,0.47809,,0.26,1777901421
All Pools,USDt - APOW,0.3,False,0.00137,0.1549,,0.81,1777901421
All Pools,STICK - AMI,0.3,False,0.00136,0.30935,,0.4,1777901421
All Pools,CANS - AMI,0.3,False,0.00135,0.22675,,0.54,1777901421
All Pools,SLUSH - AVAX,0.3,False,0.00134,0.69925,,0.17,1777901421
All Pools,SLUSH - USDT.e,0.3,False,0.00133,1.325,,0.09,1777901421
All Pools,MEAT - MU,0.3,False,0.00131,0.49715,,0.24,1777901421
All Pools,HUSKY - SNOWY,0.3,False,0.00131,0.4349,,0.27,1777901421
All Pools,QI - SNOWY,0.3,False,0.0013,0.80118,,0.15,1777901421
All Pools,LYD - AVAX,0.3,False,0.00129,0.8172,,0.14,1777901421
All Pools,KANA - AVAX,0.3,False,0.00127,1132.9,,,1777901421
All Pools,Naughty - HIGHER,0.3,False,0.00127,0.44453,,0.26,1777901421
All Pools,KANA - USDC,0.3,False,0.00127,0.51195,,0.23,1777901421
All Pools,Trinity - IngersollLockwood,0.3,False,0.00127,1.125,,0.1,1777901421
All Pools,ALPHAZERO - USDT.e,0.3,False,0.00127,2.163,,0.05,1777901421
All Pools,Naughty - AVAX,0.3,False,0.00126,237.53,,,1777901421
All Pools,MAJIN - AMI,0.3,False,0.00124,0.15482,,0.73,1777901421
All Pools,CRA - USDC.e,0.3,False,0.00123,0.5671,,0.2,1777901421
All Pools,MUME - USDC,0.3,False,0.00123,0.08483,,1.32,1777901421
All Pools,ABOB - AVAX,0.3,False,0.00122,827.9,,,1777901421
All Pools,aAvaWAVAX - meGNX,0.3,False,0.0012,4.008,,0.03,1777901421
All Pools,COQ - HOWDY,0.3,False,0.00119,0.5627,,0.19,1777901421
All Pools,HUSKY - aXEN,0.3,False,0.00118,0.07199,,1.5,1777901421
All Pools,NOCHILL - ABOB,0.3,False,0.00117,0.0215,,4.97,1777901421
All Pools,tst1 - AVAX,0.3,False,0.00117,0.57782,,0.18,1777901421
All Pools,tst1 - USDT.e,0.3,False,0.00117,2.699,,0.04,1777901421
All Pools,weETH - AVAX,0.3,False,0.00117,0.38645,,0.28,1777901421
All Pools,HOOP - ROCO,0.3,False,0.00116,0.14525,,0.73,1777901421
All Pools,QI - USDC,0.3,False,0.00114,0.08845,,1.18,1777901421
All Pools,SUB - AVAX,0.3,False,0.00113,0.50664,,0.2,1777901421
All Pools,SUB - USDC,0.3,False,0.00113,69.79,,0.0,1777901421
All Pools,GRAPE - WINE,0.3,False,0.00111,7.615,,0.01,1777901421
All Pools,AUX - AVAX,0.3,False,0.00109,0.39232,,0.25,1777901421
All Pools,TIME - SPELL,0.3,False,0.00109,0.82724,,0.12,1777901421
All Pools,AUX - USDC,0.3,False,0.00109,688.53,,,1777901421
All Pools,AVAX - SYMBIOT,0.3,False,0.00107,0.32238,,0.3,1777901421
All Pools,NUG - AVAX,0.3,False,0.00105,0.38132,,0.25,1777901421
All Pools,SLOT - AVAX,0.3,False,0.00105,3930.87,,,1777901421
All Pools,NUG - USDC,0.3,False,0.00105,2.375,,0.04,1777901421
All Pools,SLOT - USDC.e,0.3,False,0.00105,0.48475,,0.2,1777901421
All Pools,LIRA - USDt,0.3,False,0.00103,0.07436,,1.27,1777901421
All Pools,DAI.e - SYMBIOT,0.3,False,0.00102,1.413,,0.07,1777901421
All Pools,gOHM - USDT.e,0.3,False,0.00101,0.60852,,0.15,1777901421
All Pools,xJOE - wsOHM,0.3,False,0.00101,0.54225,,0.17,1777901421
All Pools,WET - AVAX,0.3,False,0.001,16.86,,0.01,1777901421
All Pools,WET - USDT.e,0.3,False,,0.44265,,0.21,1777901421
All Pools,PB - AVAX,0.3,False,,0.48865,,0.19,1777901421
All Pools,PB - MIM,0.3,False,,39.81,,0.0,1777901421
All Pools,AVAX - FTEST,0.3,False,,0.39758,,0.23,1777901421
All Pools,USDT.e - FTEST,0.3,False,,1.315,,0.07,1777901421
All Pools,BRO - OSAK,0.3,False,,0.09276,,0.97,1777901421
All Pools,WETH - AVAX,0.3,False,,1.334,,0.07,1777901421
All Pools,SYMBIOT - AVAX,0.3,False,,1.441,,0.06,1777901421
All Pools,AVAX - AKITA,0.3,False,,2514.12,,,1777901421
All Pools,MIM - AKITA,0.3,False,,0.25481,,0.35,1777901421
All Pools,WETH.e - SPELL,0.3,False,,0.29137,,0.3,1777901421
All Pools,SYMBIOT - DAI.e,0.3,False,,0.4582,,0.18,1777901421
All Pools,OH - USDC.e,0.3,False,,0.38852,,0.21,1777901421
All Pools,3ULL - USDT.e,0.3,False,,0.65064,,0.13,1777901421
All Pools,USDT.e - WARP,0.3,False,,0.90384,,0.09,1777901421
All Pools,UNI.e - AVAX,0.3,False,,0.03313,,2.46,1777901421
All Pools,ROCO - USDT.e,0.3,False,,0.0838,,0.97,1777901421
All Pools,ARABBIT - AVAX,0.3,False,,0.5647,,0.14,1777901421
All Pools,MIM - ARABBIT,0.3,False,,1.295,,0.06,1777901421
All Pools,JOE - AVE,0.3,False,,1.799,,0.04,1777901421
All Pools,SolarDAO - AVAX,0.3,False,,0.39726,,0.2,1777901421
All Pools,LAMA - AVAX,0.3,False,,11728.0,,,1777901421
All Pools,SolarDAO - USDT.e,0.3,False,,2.07,,0.04,1777901421
All Pools,SMOKA - AVAX,0.3,False,,0.54589,,0.14,1777901421
All Pools,MIM - SMOKA,0.3,False,,1.139,,0.07,1777901421
All Pools,USDC - DAI.e,0.3,False,,2.015,,0.04,1777901421
All Pools,LAMA - JUICY,0.3,False,,0.01591,,4.86,1777901421
All Pools,AVAX - PLEB,0.3,False,,0.27031,,0.28,1777901421
All Pools,MIM - PLEB,0.3,False,,53.98,,0.0,1777901421
All Pools,COQ - BMC,0.3,False,,0.09494,,0.8,1777901421
All Pools,gOHM - USDC.e,0.3,False,,0.31002,,0.24,1777901421
All Pools,YUSD - USDC,0.3,False,,22.93,,0.0,1777901421
All Pools,MUMO - MU,0.3,False,,0.60982,,0.12,1777901421
All Pools,AVAX - NUTS,0.3,False,,228.61,,,1777901421
All Pools,USDC - NUTS,0.3,False,,0.23179,,0.31,1777901421
All Pools,GAINS - MEOW,0.3,False,,0.21117,,0.34,1777901421
All Pools,BUSD - MU,0.3,False,,0.02571,,2.72,1777901421
All Pools,JEWEL - AVAX,0.3,False,,0.22062,,0.32,1777901421
All Pools,MIM - WBTC.e,0.3,False,,0.05623,,1.22,1777901421
All Pools,MUME - BUSD,0.3,False,,0.02839,,2.41,1777901421
All Pools,USDC.e - WET,0.3,False,,0.44406,,0.15,1777901421
All Pools,MU - GEC,0.3,False,,0.08923,,0.74,1777901421
All Pools,LUNA - UST,0.3,False,,0.07888,,0.84,1777901421
All Pools,USDC.e - XAVA,0.3,False,,0.36142,,0.18,1777901421
All Pools,AVAX - HOST,0.3,False,,0.14346,,0.46,1777901421
All Pools,DONK - AVAX,0.3,False,,30.61,,0.0,1777901421
All Pools,AVAX - RBEES,0.3,False,,0.6934,,0.09,1777901421
All Pools,USDC.e - RBEES,0.3,False,,0.49553,,0.13,1777901421
All Pools,DONK - NOCHILL,0.3,False,,0.01438,,4.41,1777901421
All Pools,DAI.e - HOST,0.3,False,,16.07,,0.0,1777901421
All Pools,CLAVIS - AVAX,0.3,False,,0.13315,,0.46,1777901421
All Pools,MIM - CLAVIS,0.3,False,,120.2,,,1777901421
All Pools,DMD - AVAX,0.3,False,,26.3,,0.0,1777901421
All Pools,FAR - AVAX,0.3,False,,0.45408,,0.13,1777901421
All Pools,FAR - USDC.e,0.3,False,,0.14985,,0.39,1777901421
All Pools,RENT - JOE,0.3,False,,3.588,,0.02,1777901421
All Pools,RENT - USDT.e,0.3,False,,0.18683,,0.31,1777901421
All Pools,MIM - ICY,0.3,False,,17.18,,0.0,1777901421
All Pools,DMD - DAI.e,0.3,False,,0.12961,,0.45,1777901421
All Pools,ENGLISH - AVAX,0.3,False,,0.23508,,0.24,1777901421
All Pools,STICK - MU,0.3,False,,0.1435,,0.4,1777901421
All Pools,LINK.e - SPELL,0.3,False,,0.17461,,0.33,1777901421
All Pools,AVAX - BANKSY V2,0.3,False,,0.33335,,0.16,1777901421
All Pools,USDT.e - BANKSY V2,0.3,False,,0.92008,,0.06,1777901421
All Pools,SNOW - AVAX,0.3,False,,0.19504,,0.27,1777901421
All Pools,WETH.e - MUMO,0.3,False,,0.22745,,0.23,1777901421
All Pools,MIM - SNOW,0.3,False,,0.64548,,0.08,1777901421
All Pools,LEXIP - AVAX,0.3,False,,0.42418,,0.12,1777901421
All Pools,MUMO - USDC.e,0.3,False,,0.13184,,0.39,1777901421
All Pools,MIM - LEXIP,0.3,False,,0.23816,,0.22,1777901421
All Pools,SN - AVAX,0.3,False,,0.12306,,0.4,1777901421
All Pools,MIM - SN,0.3,False,,100.65,,,1777901421
All Pools,WETH - MU,0.3,False,,0.09286,,0.53,1777901421
All Pools,AVAX - BANKSY,0.3,False,,0.22815,,0.22,1777901421
All Pools,BANKSY - AVAX,0.3,False,,0.1909,,0.26,1777901421
All Pools,USDC.e - BANKSY,0.3,False,,0.69091,,0.07,1777901421
All Pools,BANKSY - USDT.e,0.3,False,,0.68056,,0.07,1777901421
All Pools,WOLF - USDt,0.3,False,,0.1094,,0.44,1777901421
All Pools,ETHM - LINK.e,0.3,False,,0.11006,,0.42,1777901421
All Pools,xAVAX - AVAX,0.3,False,,0.72908,,0.06,1777901421
All Pools,xAVAX - USDC,0.3,False,,0.24587,,0.18,1777901421
All Pools,MUME - USDC.e,0.3,False,,0.5558,,0.08,1777901421
All Pools,KIMBO - MU,0.3,False,,0.09894,,0.46,1777901421
All Pools,BNB - MU,0.3,False,,0.08668,,0.52,1777901421
All Pools,CRA - USDT.e,0.3,False,,0.26696,,0.17,1777901421
All Pools,BLZZ - AVAX,0.3,False,,7920.07,,,1777901421
All Pools,DAI.e - PEFI,0.3,False,,0.13216,,0.33,1777901421
All Pools,BLZZ - USDC.e,0.3,False,,0.08522,,0.51,1777901421
All Pools,SB - DAI.e,0.3,False,,0.12815,,0.34,1777901421
All Pools,sifu - USDT.e,0.3,False,,9.304,,0.0,1777901421
All Pools,ONION - CORN,0.3,False,,34.27,,,1777901421
All Pools,AUSD - USDC,0.01,False,14126336.0,4183453.0,1412.71,12.33,1777905022
All Pools,AUSD - USDt,0.01,False,14000194.0,3419933.0,1400.1,14.94,1777905022
All Pools,AVAX - USDC,0.05,False,7962248.0,3889061.0,4236.06,39.76,1777905022
All Pools,USDC.e - O3,0.3,False,656170.0,343742447.0,1640.43,0.17,1777905022
All Pools,BTC.b - USDC,0.05,False,461166.0,802962.0,242.04,11.0,1777905022
All Pools,USDt - USDC,0.005,False,152010.0,695646.0,10.74,0.56,1777905022
All Pools,AVAX - USDC,0.2,False,110882.0,204316.0,224.87,40.17,1777905022
All Pools,sAVAX - AVAX,0.01,False,85552.0,186855.0,8.709,1.7,1777905022
All Pools,GUN - AVAX,0.25,False,48849.0,126623.0,126.03,36.33,1777905022
All Pools,AVAX - BTC.b,0.05,False,41512.0,580762.0,22.0,1.38,1777905022
All Pools,GUN - AVAX,0.1,False,40644.0,39765.0,43.47,39.9,1777905022
All Pools,ARENA - AVAX,0.01,False,40581.0,176628.0,4.055,0.84,1777905022
All Pools,XAUt0 - USDt,0.04,False,38327.0,37998.0,17.7,17.0,1777905022
All Pools,DAI.e - USDC,0.02,False,36293.0,30985.0,9.288,10.94,1777905022
All Pools,USDC - XAVA,0.3,False,32200.0,610381.0,80.5,4.81,1777905022
All Pools,NXPC - AVAX,0.3,False,30734.0,239882.0,76.84,11.69,1777905022
All Pools,USDT.e - USDC,0.02,False,30430.0,48833.0,6.14,4.59,1777905022
All Pools,AVAX - USDt,0.2,False,26349.0,130467.0,53.26,14.9,1777905022
All Pools,USDT.e - USDt,0.02,False,21207.0,44347.0,4.268,3.51,1777905022
All Pools,AVAX - USDT.e,0.3,False,19556.0,552350.0,48.89,3.23,1777905022
All Pools,AVAX - USDC,0.3,False,17182.0,405964.0,42.95,3.86,1777905022
All Pools,MIM - AVAX,0.3,False,16738.0,562331.0,41.84,2.72,1777905022
All Pools,USDC.e - AVAX,0.3,False,14856.0,429924.0,37.14,3.15,1777905022
All Pools,FOLKS - AVAX,0.25,False,14679.0,34301.0,37.5,39.91,1777905022
All Pools,USDt - USDC,0.01,False,13176.0,181862.0,1.055,0.21,1777905022
All Pools,QI - AVAX,0.3,False,12878.0,243461.0,32.19,4.83,1777905022
All Pools,COQ - AVAX,0.3,False,11861.0,612610.0,29.65,1.77,1777905022
All Pools,JOE - AVAX,0.3,False,10663.0,522489.0,26.66,1.86,1777905022
All Pools,JOE - USDC.e,0.3,False,9356.48,337985.0,23.39,2.53,1777905022
All Pools,NOCHILL - AVAX,0.3,False,7018.99,83100.0,17.55,7.71,1777905022
All Pools,WBTC - BTC.b,0.03,False,6608.86,82942.0,1.999,0.88,1777905022
All Pools,WBTC.e - BTC.b,0.03,False,6543.41,327658.0,2.036,0.23,1777905022
All Pools,USDT.e - USDC,0.02,False,5566.37,884.95,0.60395,24.91,1777905022
All Pools,EURC - USDC,0.03,False,4899.1,13070.0,1.505,4.2,1777905022
All Pools,ORNG - AVAX,0.3,False,4529.88,27669.0,11.32,14.94,1777905022
All Pools,SolvBTC - BTC.b,0.04,False,4075.41,256713.0,2.052,0.29,1777905022
All Pools,DAI.e - USDC,0.02,False,4045.89,2537.88,1.085,15.61,1777905022
All Pools,JPYC - USDC,0.04,False,3618.58,4472.56,1.803,14.71,1777905022
All Pools,FLD - AVAX,0.3,False,3062.86,51857.0,7.657,5.39,1777905022
All Pools,WETH.e - AVAX,0.3,False,2354.95,496838.0,5.887,0.43,1777905022
All Pools,XAVA - AVAX,0.8,False,2329.78,226386.0,18.73,3.02,1777905022
All Pools,BEAM - AVAX,0.25,False,2216.17,20253.0,5.578,10.05,1777905022
All Pools,AUSD - AVAX,0.1,False,2210.81,39439.0,2.301,2.13,1777905022
All Pools,AAVE.e - AVAX,0.3,False,2184.16,301130.0,5.46,0.66,1777905022
All Pools,LINK.e - AVAX,0.3,False,2162.71,49111.0,5.407,4.02,1777905022
All Pools,HEFE - AVAX,0.3,False,2151.49,21306.0,5.379,9.21,1777905022
All Pools,BEAM - USDC,0.3,False,2094.44,72487.0,5.236,2.64,1777905022
All Pools,JOE - USDT.e,0.3,False,2082.7,67725.0,5.207,2.81,1777905022
All Pools,USDt - AVAX,0.3,False,1995.54,45072.0,4.989,4.04,1777905022
All Pools,AVAX - avUSD,0.25,False,1993.7,2330.09,5.013,78.52,1777905022
All Pools,WBTC.e - AVAX,0.3,False,1980.62,172085.0,4.952,1.05,1777905022
All Pools,gOHM - AVAX,0.3,False,1944.73,136478.0,4.862,1.3,1777905022
All Pools,BEAM - AVAX,0.3,False,1750.6,94179.0,4.376,1.7,1777905022
All Pools,ALOT - AVAX,0.3,False,1669.21,227381.0,4.173,0.67,1777905022
All Pools,BTC.b - AVAX,0.3,False,1659.43,142003.0,4.149,1.07,1777905022
All Pools,XAVA - AVAX,0.25,False,1496.67,3169.07,3.916,45.11,1777905022
All Pools,ZRO - AVAX,0.25,False,1411.16,2260.41,11.45,184.84,1777905022
All Pools,JOE - USDC,0.3,False,1405.49,40260.0,3.514,3.19,1777905022
All Pools,HUNDRED - USDC,0.3,False,1396.14,519461.0,3.49,0.25,1777905022
All Pools,USDt - USDC,0.02,False,1292.84,2238.4,0.28666,4.67,1777905022
All Pools,AVAX - DAI.e,0.3,False,1252.14,34181.0,3.13,3.34,1777905022
All Pools,AVAX - JUICE,0.3,False,1173.74,15824.0,2.934,6.77,1777905022
All Pools,LCPEDU - USDt,0.8,False,1002.83,9626335.0,16.08,0.06,1777905022
All Pools,SIERRA - USDC,0.1,False,984.02,40241.0,0.98499,0.89,1777905022
All Pools,WETH.e - USDC,0.15,False,832.83,10050.0,1.272,4.62,1777905022
All Pools,w3ULL - AVAX,0.3,False,731.71,64932.0,1.829,1.03,1777905022
All Pools,SHRAP - AVAX,0.8,False,713.12,12831.0,6.464,18.39,1777905022
All Pools,AVAX - ALVA,0.3,False,678.72,1275.03,1.697,48.57,1777905022
All Pools,SOL - AVAX,0.3,False,625.38,433726.0,1.563,0.13,1777905022
All Pools,AVAX - XAVA,0.3,False,589.13,15922.0,1.473,3.38,1777905022
All Pools,GMX - AVAX,0.3,False,485.62,4927.72,1.214,8.99,1777905022
All Pools,AARB - AVAX,0.3,False,439.33,0.18186,1.098,220436.88,1777905022
All Pools,ARC - AVAX,0.3,False,439.02,0.1818,1.098,220358.34,1777905022
All Pools,JOE - AVAX,0.25,False,409.15,10657.0,1.031,3.53,1777905022
All Pools,AVAX - UST,0.3,False,322.9,9044.94,0.80725,3.26,1777905022
All Pools,MUON - AVAX,0.3,False,313.36,47073.0,0.78341,0.61,1777905022
All Pools,HERESY - AVAX,0.3,False,297.97,21972.0,0.74492,1.24,1777905022
All Pools,UST - AVAX,0.3,False,290.85,7852.48,0.72713,3.38,1777905022
All Pools,KLO - AVAX,0.3,False,274.82,14610.0,0.68704,1.72,1777905022
All Pools,sAVAX - AVAX,0.3,False,269.34,241246.0,0.67336,0.1,1777905022
All Pools,WETH.e - USDC.e,0.3,False,252.18,12373.0,0.63045,1.86,1777905022
All Pools,STG - USDC,0.3,False,246.89,1477.38,0.61721,15.25,1777905022
All Pools,YUSD - USDC,0.02,False,240.61,122000.0,0.04812,0.01,1777905022
All Pools,PTOP800 - USDC,0.1,False,206.95,652.14,0.20892,11.69,1777905022
All Pools,XETA - USDC,0.3,False,199.38,6409.94,0.49844,2.84,1777905022
All Pools,QI - AVAX,0.25,False,195.1,15084.0,0.49,1.19,1777905022
All Pools,USDC.e - USDC,0.3,False,194.6,483951.0,0.48649,0.04,1777905022
All Pools,WBTC.e - BTC.b,0.03,False,191.66,682.56,0.08635,4.62,1777905022
All Pools,PTOP800 - AVAX,0.1,False,186.87,600.27,0.18798,11.43,1777905022
All Pools,XSEED - AVAX,0.3,False,173.49,12563.0,0.43372,1.26,1777905022
All Pools,AVAX - JUICY,0.3,False,172.09,3026.68,0.43023,5.19,1777905022
All Pools,PTOP1100 - USDC,0.1,False,149.8,663.09,0.15066,8.29,1777905022
All Pools,PTOP1100 - AVAX,0.1,False,148.65,361.47,0.15081,15.23,1777905022
All Pools,KIMBO - AVAX,0.3,False,135.53,64061.0,0.33883,0.19,1777905022
All Pools,OSAK - AVAX,0.3,False,130.81,5949.91,0.32704,2.01,1777905022
All Pools,LUNA - USDC.e,0.3,False,112.19,900.12,0.28046,11.37,1777905022
All Pools,PTOP1300 - AVAX,0.1,False,111.51,574.13,0.11192,7.12,1777905022
All Pools,PTOP1300 - USDC,0.1,False,111.13,345.09,0.11182,11.83,1777905022
All Pools,STG - AVAX,0.3,False,109.23,1469.73,0.27307,6.78,1777905022
All Pools,XPOW - AVAX,0.3,False,108.01,383.79,0.27001,25.68,1777905022
All Pools,PTOP1200 - AVAX,0.1,False,97.03,679.05,0.09715,5.22,1777905022
All Pools,PTOP1200 - USDC,0.1,False,96.42,196.01,0.09824,18.29,1777905022
All Pools,MIM - USDt,0.03,False,93.77,9.672,0.03105,117.19,1777905022
All Pools,APIX - ID,0.3,False,89.26,24968.0,0.22314,0.33,1777905022
All Pools,EVO - AVAX,0.3,False,86.05,13692.0,0.21512,0.57,1777905022
All Pools,APIX - USDt,0.3,False,84.33,6909.73,0.21083,1.11,1777905022
All Pools,gOHM - FRAX,0.3,False,82.59,3499.71,0.20646,2.15,1777905022
All Pools,CAT - AVAX,0.3,False,74.19,1963.84,0.18547,3.45,1777905022
All Pools,PRIME - AVAX,0.4,False,74.09,108584.0,0.90649,0.3,1777905022
All Pools,JOE - AVAX,0.15,False,70.9,68709.0,0.10901,0.06,1777905022
All Pools,TECH - AVAX,0.3,False,69.5,14072.0,0.17376,0.45,1777905022
All Pools,MAJIN - AVAX,0.3,False,65.34,4245.41,0.16336,1.4,1777905022
All Pools,CAPY - ARENA,0.3,False,58.98,31636.0,0.14746,0.17,1777905022
All Pools,CAI - AVAX,0.3,False,56.94,1804.71,0.14235,2.88,1777905022
All Pools,FITFI - USDT.e,0.3,False,54.2,369.78,0.13549,13.37,1777905022
All Pools,AVAX - APOW,0.3,False,53.28,25572.0,0.13321,0.19,1777905022
All Pools,AVAX - GEC,0.3,False,50.77,35848.0,0.12693,0.13,1777905022
All Pools,CDK - AVAX,0.25,False,48.94,5702.13,0.19133,1.22,1777905022
All Pools,GGP - AVAX,0.3,False,48.63,92262.0,0.12157,0.05,1777905022
All Pools,SOL - AVAX,0.1,False,47.92,1082.98,0.04795,1.62,1777905022
All Pools,XPOW - APOW,0.3,False,46.71,955.14,0.11676,4.46,1777905022
All Pools,AVAX - RISE,0.3,False,45.82,59687.0,0.11455,0.07,1777905022
All Pools,SB - AVAX,0.3,False,43.76,6909.55,0.10939,0.58,1777905022
All Pools,PNG - AVAX,0.3,False,40.61,1060.61,0.10152,3.49,1777905022
All Pools,FTR - AVAX,0.3,False,37.34,1288.26,0.09334,2.64,1777905022
All Pools,APIX - USDC,0.3,False,37.3,3448.73,0.09325,0.99,1777905022
All Pools,BOOTY - AVAX,0.3,False,35.59,2122.25,0.08896,1.53,1777905022
All Pools,MIM - SB,0.3,False,33.4,5714.89,0.08351,0.53,1777905022
All Pools,GUN - BLSEYE🎯,0.3,False,30.52,952.35,0.07629,2.92,1777905022
All Pools,USDC.e - USDC,0.02,False,30.14,17000.0,0.00343,0.01,1777905022
All Pools,BLSEYE🎯 - AVAX,0.3,False,29.61,6009.09,0.07403,0.45,1777905022
All Pools,APIX - ARENA,0.3,False,28.99,2336.34,0.07247,1.13,1777905022
All Pools,MIM - WETH.e,0.3,False,28.32,1467.04,0.0708,1.76,1777905022
All Pools,AVAX - FRAX,0.3,False,28.07,1019.07,0.07019,2.51,1777905022
All Pools,PTOP800 - BTC.b,0.1,False,25.58,997.23,0.03031,1.11,1777905022
All Pools,YAK - AVAX,0.3,False,24.51,110641.0,0.06127,0.02,1777905022
All Pools,CATCH - AVAX,0.3,False,24.42,305.87,0.06105,7.28,1777905022
All Pools,ROCO - AVAX,0.3,False,23.13,1281.54,0.05782,1.65,1777905022
All Pools,SECOND - AVAX,0.3,False,22.61,1777.77,0.05653,1.16,1777905022
All Pools,SECOND - USDC,0.3,False,22.61,7249.03,0.05653,0.28,1777905022
All Pools,ggAVAX - AVAX,0.04,False,22.22,368.88,0.00235,0.23,1777905022
All Pools,Balln - AVAX,0.3,False,21.9,4233.38,0.05474,0.47,1777905022
All Pools,RGOGLZ - USDC,0.3,False,20.46,1590.9,0.05114,1.17,1777905022
All Pools,GUN - AVAX,0.3,False,19.73,445.65,0.04931,4.04,1777905022
All Pools,BOI - AVAX,0.3,False,19.67,76.69,0.04918,23.41,1777905022
All Pools,GENI - USDC,0.3,False,19.61,1479.52,0.04903,1.21,1777905022
All Pools,USDC.e - DAI.e,0.3,False,19.07,22799.0,0.04767,0.08,1777905022
All Pools,HAREM - AVAX,0.3,False,17.27,127.56,0.04318,12.35,1777905022
All Pools,UST - USDC.e,0.3,False,17.09,768.19,0.04273,2.03,1777905022
All Pools,USDt - ncash,0.3,False,17.04,1130.8,0.0426,1.38,1777905022
All Pools,USDC.e - USDT.e,0.3,False,17.03,40439.0,0.04259,0.04,1777905022
All Pools,HATCHY - AVAX,0.3,False,16.47,9710.22,0.04118,0.15,1777905022
All Pools,DAI.e - USDt,0.25,False,16.38,21052.0,0.03914,0.07,1777905022
All Pools,USDV - AVAX,0.25,False,16.2,1826.22,0.06335,1.27,1777905022
All Pools,DCAU - AVAX,0.3,False,16.01,1274.13,0.04002,1.15,1777905022
All Pools,WOM - AVAX,0.3,False,15.65,839.9,0.03913,1.7,1777905022
All Pools,DCAU - USDT.e,0.3,False,15.41,5351.11,0.03853,0.26,1777905022
All Pools,Psychic - AVAX,0.3,False,14.85,1172.34,0.03713,1.16,1777905022
All Pools,HUSKY - AVAX,0.3,False,14.75,3662.67,0.03689,0.37,1777905022
All Pools,UST - USDC,0.3,False,14.62,485.96,0.03654,2.74,1777905022
All Pools,SVETA - AVAX,0.3,False,14.36,1392.59,0.0359,0.94,1777905022
All Pools,sAVAX - JACK,0.3,False,14.35,293230.0,0.03587,0.0,1777905022
All Pools,AVAX - STICK,0.3,False,14.27,2137.1,0.03568,0.61,1777905022
All Pools,BUSD - AVAX,0.3,False,13.49,418.97,0.03373,2.94,1777905022
All Pools,XROSS - ORNG,0.3,False,13.09,480.25,0.03272,2.49,1777905022
All Pools,ORNG - MOOM,0.3,False,12.88,397.8,0.03221,2.96,1777905022
All Pools,GURS - AVAX,0.3,False,12.39,7659.65,0.03098,0.15,1777905022
All Pools,AVAX - DOMI,0.3,False,12.05,17253.0,0.03012,0.06,1777905022
All Pools,AVAX - CLY,0.3,False,12.03,59036.0,0.03008,0.02,1777905022
All Pools,ORNG - JUCI,0.3,False,11.88,497.74,0.0297,2.18,1777905022
All Pools,DATCM - ORNG,0.3,False,11.81,479.93,0.02954,2.25,1777905022
All Pools,YUSD - AVAX,0.3,False,11.52,134.2,0.02879,7.83,1777905022
All Pools,Ush - AVAX,0.3,False,10.84,2830.64,0.02709,0.35,1777905022
All Pools,SHRAP - DOMI,0.3,False,10.61,290.4,0.02654,3.34,1777905022
All Pools,Psychic - XAUt0,0.3,False,10.57,6930.19,0.02643,0.14,1777905022
All Pools,AVAX - HON,0.3,False,10.57,90420.0,0.02642,0.01,1777905022
All Pools,PTOP1000 - AVAX,0.1,False,10.47,624.79,0.01049,0.61,1777905022
All Pools,ORNG - FLUX,0.3,False,10.38,358.89,0.02594,2.64,1777905022
All Pools,agEUR - USDC,0.3,False,10.26,63.79,0.02565,14.67,1777905022
All Pools,YOU - ORNG,0.3,False,10.23,3216.04,0.02557,0.29,1777905022
All Pools,ORNG - SAI,0.3,False,10.1,294.25,0.02526,3.13,1777905022
All Pools,SYN - AVAX,0.3,False,9.992,2776.5,0.02498,0.33,1777905022
All Pools,ZRO - AVAX,0.3,False,9.888,197.09,0.02472,4.58,1777905022
All Pools,JPYC - USDC,0.3,False,9.866,351.68,0.02466,2.56,1777905022
All Pools,AVAXAI - USDC,0.3,False,9.717,1722.56,0.02429,0.51,1777905022
All Pools,AVAX - PEFI,0.3,False,9.322,4506.51,0.0233,0.19,1777905022
All Pools,WINK - AVAX,0.3,False,8.951,80.13,0.02238,10.19,1777905022
All Pools,AVAX - SQRCAT,0.3,False,8.594,5954.26,0.02148,0.13,1777905022
All Pools,MDG - USDT.e,0.3,False,8.547,18085.0,0.02137,0.04,1777905022
All Pools,MDG - USDC.e,0.3,False,8.547,9807.05,0.02137,0.08,1777905022
All Pools,MEAT - AVAX,0.3,False,8.14,5399.15,0.02035,0.14,1777905022
All Pools,BLSEYE🎯 - ARENA,0.3,False,8.07,1169.1,0.02018,0.63,1777905022
All Pools,LINK.e - USDT.e,0.3,False,7.584,237.09,0.01896,2.92,1777905022
All Pools,AVAX - ELK,0.3,False,7.199,1711.38,0.018,0.38,1777905022
All Pools,CATWIF - AVAX,0.3,False,7.006,3277.5,0.01752,0.2,1777905022
All Pools,USV - DAI.e,0.3,False,6.89,4272.34,0.01723,0.15,1777905022
All Pools,MAI - AVAX,0.3,False,6.556,1818.64,0.01639,0.33,1777905022
All Pools,avUSD - sAVAX,0.3,False,6.232,265.18,0.01558,2.14,1777905022
All Pools,FITFI - AVAX,0.3,False,5.933,38.99,0.01483,13.88,1777905022
All Pools,MYST - AVAX,0.3,False,5.219,906.28,0.01305,0.53,1777905022
All Pools,LINK.e - USDC.e,0.3,False,5.193,197.7,0.01298,2.4,1777905022
All Pools,RPEPE - AVAX,0.3,False,4.922,6323.66,0.01231,0.07,1777905022
All Pools,SWIFT - USDC.e,0.3,False,4.903,537.41,0.01226,0.83,1777905022
All Pools,SWIFT - WETH.e,0.3,False,4.142,1625.94,0.01035,0.23,1777905022
All Pools,USDT.e - DAI.e,0.3,False,4.034,7339.28,0.01009,0.05,1777905022
All Pools,PNG - JOE,0.3,False,4.029,171.84,0.01007,2.14,1777905022
All Pools,ISA - USDC.e,0.3,False,3.969,488.1,0.00992,0.74,1777905022
All Pools,APOW - AVAX,0.3,False,3.882,1076.14,0.0097,0.33,1777905022
All Pools,LUNA - AVAX,0.3,False,3.793,22.6,0.00948,15.32,1777905022
All Pools,ISA - AVAX,0.3,False,3.699,1457.12,0.00925,0.23,1777905022
All Pools,WETH - USDC.e,0.3,False,3.531,228.28,0.00883,1.41,1777905022
All Pools,LIQR - AVAX,0.3,False,3.413,51936.0,0.00853,0.01,1777905022
All Pools,USDT.e - CLY,0.3,False,3.079,260.76,0.0077,1.08,1777905022
All Pools,DPS - USDC,0.3,False,3.011,1938.52,0.00753,0.14,1777905022
All Pools,DPS - AVAX,0.3,False,3.011,222.17,0.00753,1.24,1777905022
All Pools,YAK - USDC.e,0.3,False,3.006,219.56,0.00751,1.25,1777905022
All Pools,WETH.e - USDT.e,0.3,False,2.891,168.27,0.00723,1.57,1777905022
All Pools,KINGSHIT - AVAX,0.3,False,2.786,4999.14,0.00697,0.05,1777905022
All Pools,TINU - AVAX,0.3,False,2.724,1354.05,0.00681,0.18,1777905022
All Pools,BTC.b - TOPIA,0.3,False,2.643,308.61,0.00661,0.78,1777905022
All Pools,LUNA - USDC.e,0.3,False,2.636,326.72,0.00659,0.74,1777905022
All Pools,REDWOLF - USDC,0.3,False,2.631,203.57,0.00658,1.18,1777905022
All Pools,USDC - SOCK,0.3,False,2.52,481.94,0.0063,0.48,1777905022
All Pools,AVAX - SOCK,0.3,False,2.519,3294.12,0.0063,0.07,1777905022
All Pools,MYST - USDC,0.3,False,2.516,255.23,0.00629,0.9,1777905022
All Pools,AVAX - aXEN,0.3,False,2.498,77.95,0.00625,2.92,1777905022
All Pools,REDWOLF - AVAX,0.3,False,2.421,503.14,0.00605,0.44,1777905022
All Pools,AVAX - FRAX,0.3,False,2.418,271.3,0.00605,0.81,1777905022
All Pools,WETH.e - ONION,0.3,False,2.346,273.81,0.00586,0.78,1777905022
All Pools,AVAX - TIME,0.3,False,2.315,1209.24,0.00579,0.17,1777905022
All Pools,pAVAX - AVAX,0.3,False,2.305,1713.06,0.00576,0.12,1777905022
All Pools,MAGICK - USDC,0.3,False,2.129,239.94,0.00532,0.81,1777905022
All Pools,MAGICK - AVAX,0.3,False,2.129,354.4,0.00532,0.55,1777905022
All Pools,FXS - AVAX,0.3,False,2.128,439.72,0.00532,0.44,1777905022
All Pools,ACS - AVAX,0.3,False,2.125,209.83,0.00531,0.92,1777905022
All Pools,LORD - AVAX,0.3,False,2.109,1958.46,0.00527,0.1,1777905022
All Pools,USDT.e - ONION,0.3,False,2.066,771.28,0.00516,0.24,1777905022
All Pools,HOST - DAI.e,0.3,False,2.054,2587.27,0.00513,0.07,1777905022
All Pools,67 - AVAX,0.3,False,2.022,26.22,0.00505,7.04,1777905022
All Pools,APOW - USDC,0.3,False,2.01,168.21,0.00502,1.09,1777905022
All Pools,AVAX - SPELL,0.3,False,1.975,2769.97,0.00494,0.07,1777905022
All Pools,NOCHILL - OX,0.3,False,1.967,12451.0,0.00492,0.01,1777905022
All Pools,USDC.e - MU,0.3,False,1.953,13440.0,0.00488,0.01,1777905022
All Pools,AVAX - AMI,0.3,False,1.95,540.96,0.00487,0.33,1777905022
All Pools,MIM - LF,0.3,False,1.894,906.01,0.00473,0.19,1777905022
All Pools,LF - AVAX,0.3,False,1.894,291.42,0.00473,0.59,1777905022
All Pools,AVAX - USDT,0.3,False,1.887,2013.97,0.00472,0.09,1777905022
All Pools,APOW - USDt,0.3,False,1.876,168.0,0.00469,1.02,1777905022
All Pools,Gravity - AVAX,0.3,False,1.785,340.86,0.00446,0.48,1777905022
All Pools,FollowTheWhiteRabbit - BLACK,0.3,False,1.743,1188.5,0.00436,0.13,1777905022
All Pools,USDC.e - AVVO,0.3,False,1.724,250.23,0.00431,0.63,1777905022
All Pools,AVAX - ONION,0.3,False,1.694,181.92,0.00424,0.85,1777905022
All Pools,PIZZA - AVAX,0.3,False,1.684,513.9,0.00421,0.3,1777905022
All Pools,Gravity - BLACK,0.3,False,1.675,1077.65,0.00419,0.14,1777905022
All Pools,TRESR - AVAX,0.3,False,1.657,14970.0,0.00414,0.01,1777905022
All Pools,BEAR - AVAX,0.3,False,1.619,7315.31,0.00405,0.02,1777905022
All Pools,COQ - OX,0.3,False,1.61,12679.0,0.00402,0.01,1777905022
All Pools,GENI - AVAX,0.3,False,1.604,74.18,0.00401,1.97,1777905022
All Pools,Psychic - BLACK,0.3,False,1.543,463.31,0.00386,0.3,1777905022
All Pools,USDt - USDT.e,0.3,False,1.541,20460.0,0.00385,0.01,1777905022
All Pools,USDC - SHRAP,0.3,False,1.517,28.03,0.00379,4.94,1777905022
All Pools,BLSEYE🎯 - BEAM,0.3,False,1.51,344.64,0.00378,0.4,1777905022
All Pools,FollowTheWhiteRabbit - AVAX,0.3,False,1.505,166.07,0.00376,0.83,1777905022
All Pools,AVAX - LUCKY,0.3,False,1.463,4108.99,0.00366,0.03,1777905022
All Pools,USDC.e - ONION,0.3,False,1.44,386.38,0.0036,0.34,1777905022
All Pools,COQ - BLSEYE🎯,0.3,False,1.419,214.49,0.00355,0.6,1777905022
All Pools,CRA - AVAX,0.3,False,1.381,10072.0,0.00345,0.01,1777905022
All Pools,Now - AVAX,0.3,False,1.347,268.93,0.00337,0.46,1777905022
All Pools,SMRTr - AVAX,0.3,False,1.345,36735.0,0.00336,0.0,1777905022
All Pools,WBTC.e - USDT.e,0.3,False,1.343,173.6,0.00336,0.71,1777905022
All Pools,SMRTr - USDC.e,0.3,False,1.341,126.0,0.00335,0.97,1777905022
All Pools,Trinity - AVAX,0.3,False,1.333,1039.18,0.00333,0.12,1777905022
All Pools,MIM - PEFI,0.3,False,1.32,205.09,0.0033,0.59,1777905022
All Pools,DAI.e - ONION,0.3,False,1.315,352.34,0.00329,0.34,1777905022
All Pools,BANKSY - USDT.e,0.3,False,1.292,1547.29,0.00323,0.08,1777905022
All Pools,BANKSY - AVAX,0.3,False,1.292,171.89,0.00323,0.69,1777905022
All Pools,JOE - USDT,0.3,False,1.278,365.01,0.00319,0.32,1777905022
All Pools,KIWI - AVAX,0.3,False,1.266,115.77,0.00316,1.0,1777905022
All Pools,XAUt0 - Gravity,0.3,False,1.251,401.18,0.00313,0.28,1777905022
All Pools,KIWI - USDC,0.3,False,1.248,309.3,0.00312,0.37,1777905022
All Pools,COQ - NOCHILL,0.3,False,1.248,14.26,0.00312,7.99,1777905022
All Pools,LUNA - AVAX,0.3,False,1.235,143.01,0.00309,0.79,1777905022
All Pools,BLSEYE🎯 - MEOW,0.3,False,1.199,674.44,0.003,0.16,1777905022
All Pools,DREGG - AVAX,0.3,False,1.193,179.21,0.00298,0.61,1777905022
All Pools,DREGG - USDT.e,0.3,False,1.191,543.94,0.00298,0.2,1777905022
All Pools,AVAX - NaughtiusMaximus,0.3,False,1.158,446.66,0.00289,0.24,1777905022
All Pools,XAUt0 - NaughtiusMaximus,0.3,False,1.155,1060.52,0.00289,0.1,1777905022
All Pools,AVAX - MU,0.3,False,1.15,88.73,0.00287,1.18,1777905022
All Pools,AVAX - IMPACT2,0.3,False,1.122,169.08,0.00281,0.61,1777905022
All Pools,NOCHILL - KET,0.3,False,1.058,15.3,0.00265,6.31,1777905022
All Pools,XAUt0 - Now,0.3,False,1.021,716.96,0.00255,0.13,1777905022
All Pools,AVAX - SMRT,0.3,False,1.003,2338.53,0.00251,0.04,1777905022
All Pools,rloop - AVAX,0.3,False,0.99178,6303.8,0.00248,0.01,1777905022
All Pools,LUEEGI - AVAX,0.3,False,0.98903,1596.69,0.00247,0.06,1777905022
All Pools,WBTC.e - ONION,0.3,False,0.98618,407.43,0.00247,0.22,1777905022
All Pools,ROY - AVAX,0.3,False,0.96256,4994.07,0.00241,0.02,1777905022
All Pools,Trinity - BLACK,0.3,False,0.95298,567.82,0.00238,0.15,1777905022
All Pools,AVAX - AVVO,0.3,False,0.93141,301.83,0.00233,0.28,1777905022
All Pools,USDT.e - SMRT,0.3,False,0.92769,106.44,0.00232,0.8,1777905022
All Pools,DCAU - USDC,0.3,False,0.91297,152.17,0.00228,0.55,1777905022
All Pools,JOE - EXP,0.3,False,0.90657,13399273.0,0.00227,,1777905022
All Pools,UST - USDT.e,0.3,False,0.9028,43.57,0.00226,1.89,1777905022
All Pools,Now - BLACK,0.3,False,0.87364,447.27,0.00218,0.18,1777905022
All Pools,HOST - AVAX,0.3,False,0.84364,106.15,0.00211,0.73,1777905022
All Pools,USDC - GAU,0.3,False,0.83907,12169.0,0.0021,0.01,1777905022
All Pools,AVAX - $SICKO,0.3,False,0.83496,9.996,0.00209,7.62,1777905022
All Pools,MAXI - DAI.e,0.3,False,0.80965,234.15,0.00202,0.32,1777905022
All Pools,MONEY - AVAX,0.3,False,0.79145,627.73,0.00198,0.12,1777905022
All Pools,MM - USDC,0.3,False,0.77746,83.86,0.00194,0.85,1777905022
All Pools,GUN - AMI,0.3,False,0.77541,22.39,0.00194,3.16,1777905022
All Pools,MM - AVAX,0.3,False,0.77477,133.98,0.00194,0.53,1777905022
All Pools,PTOP1100 - TOPIA,0.3,False,0.77027,150.45,0.00193,0.47,1777905022
All Pools,USDC - SPT,0.3,False,0.75966,40.59,0.0019,1.71,1777905022
All Pools,SWIFT - AVAX,0.3,False,0.75193,306.85,0.00188,0.22,1777905022
All Pools,MIM - TIME,0.3,False,0.73904,122.28,0.00185,0.55,1777905022
All Pools,KALM - USDC,0.3,False,0.73338,84.54,0.00183,0.79,1777905022
All Pools,KALM - AVAX,0.3,False,0.73313,126.43,0.00183,0.53,1777905022
All Pools,COQ - OSAK,0.3,False,0.71765,35.58,0.00179,1.84,1777905022
All Pools,AVAX - KONG,0.3,False,0.69187,7534.56,0.00173,0.01,1777905022
All Pools,AVAX - ChristMark,0.3,False,0.68024,360.54,0.0017,0.17,1777905022
All Pools,SYMBIOT - AVAX,0.3,False,0.67626,91.55,0.00169,0.67,1777905022
All Pools,CANS - AVAX,0.3,False,0.67093,12.91,0.00168,4.74,1777905022
All Pools,AVAX - ZUBAX,0.3,False,0.66941,116.98,0.00167,0.52,1777905022
All Pools,SYMBIOT - DAI.e,0.3,False,0.66321,468.11,0.00166,0.13,1777905022
All Pools,50 - USDC,0.3,False,0.66117,119.8,0.00165,0.5,1777905022
All Pools,COQ - COQAI,0.3,False,0.66105,28134.0,0.00165,0.0,1777905022
All Pools,50 - AVAX,0.3,False,0.66094,75.96,0.00165,0.79,1777905022
All Pools,STATIK - AVAX,0.3,False,0.65833,44.43,0.00165,1.35,1777905022
All Pools,Gladiator - AVAX,0.3,False,0.65765,3.705,0.00164,16.2,1777905022
All Pools,ZUBAX - USDT.e,0.3,False,0.64753,184.94,0.00162,0.32,1777905022
All Pools,LINK.e - REDWOLF,0.3,False,0.6436,82.37,0.00161,0.71,1777905022
All Pools,USDC - SDOG,0.3,False,0.64319,482.02,0.00161,0.12,1777905022
All Pools,VPND - AVAX,0.3,False,0.64111,25793.0,0.0016,0.0,1777905022
All Pools,MU - DAI.e,0.3,False,0.63461,244.76,0.00159,0.24,1777905022
All Pools,bCASH - NOCHILL,0.3,False,0.62623,19.11,0.00157,2.99,1777905022
All Pools,GAINS - AVAX,0.3,False,0.62402,40.65,0.00156,1.4,1777905022
All Pools,USDt - IMPACT2,0.3,False,0.61473,71.43,0.00154,0.79,1777905022
All Pools,HUSKY - JOE,0.3,False,0.60625,182.99,0.00152,0.3,1777905022
All Pools,AVAX - SHRAP,0.3,False,0.5778,17.65,0.00144,2.99,1777905022
All Pools,FollowTheWhiteRabbit - LuciferMorningstar,0.3,False,0.56979,3665.68,0.00142,0.01,1777905022
All Pools,USDT.e - MU,0.3,False,0.5546,254.28,0.00139,0.2,1777905022
All Pools,JEWEL - USDC,0.3,False,0.55101,4460.97,0.00138,0.01,1777905022
All Pools,XAUt0 - ChristMark,0.3,False,0.55004,699.05,0.00138,0.07,1777905022
All Pools,Gladiator - USDC,0.3,False,0.53171,563.21,0.00133,0.09,1777905022
All Pools,AVAX - PENDLE,0.3,False,0.53102,7783.91,0.00133,0.01,1777905022
All Pools,MIM - wsOHM,0.3,False,0.5274,1096.23,0.00132,0.04,1777905022
All Pools,Trinity - LuciferMorningstar,0.3,False,0.5204,353297368.0,0.0013,,1777905022
All Pools,AMPL - AVAX,0.3,False,0.51174,342.68,0.00128,0.14,1777905022
All Pools,HEFE - GAINS,0.3,False,0.50879,5.871,0.00127,7.91,1777905022
All Pools,AVAX - ARENA,0.3,False,0.4992,81.01,0.00125,0.56,1777905022
All Pools,Gladiator - AMI,0.3,False,0.49803,369.94,0.00125,0.12,1777905022
All Pools,BTC.b - SPT,0.3,False,0.4927,39.55,0.00123,1.14,1777905022
All Pools,WETH.e - USDC,0.3,False,0.4919,22.79,0.00123,1.97,1777905022
All Pools,Orange - AVAX,0.3,False,0.49095,88.12,0.00123,0.51,1777905022
All Pools,WETH.e - REDWOLF,0.3,False,0.48979,102.83,0.00122,0.43,1777905022
All Pools,SOL - USDC,0.3,False,0.4866,24.12,0.00122,1.84,1777905022
All Pools,AAVE.e - REDWOLF,0.3,False,0.46355,162.25,0.00116,0.26,1777905022
All Pools,Psychic - Now,0.3,False,0.45294,629.57,0.00113,0.07,1777905022
All Pools,gOHM - wsOHM,0.3,False,0.43241,36.91,0.00108,1.07,1777905022
All Pools,WETH.e - SURE,0.3,False,0.43142,1096.51,0.00108,0.04,1777905022
All Pools,SHOE - AVAX,0.3,False,0.43129,670.35,0.00108,0.06,1777905022
All Pools,SHOE - BTC.b,0.3,False,0.43127,853.21,0.00108,0.05,1777905022
All Pools,TECH - OX,0.3,False,0.41895,5028.95,0.00105,0.01,1777905022
All Pools,Trinity - Psychic,0.3,False,0.41679,541.59,0.00104,0.07,1777905022
All Pools,USDt - RUX,0.3,False,0.41442,16000.0,0.00104,0.0,1777905022
All Pools,RUX - AVAX,0.3,False,0.4143,30.19,0.00104,1.25,1777905022
All Pools,NOCHILL - AMI,0.3,False,0.40582,5.656,0.00101,6.55,1777905022
All Pools,LadyMary - AVAX,0.3,False,0.39249,367.44,,0.1,1777905022
All Pools,Orange - DivineFeminine,0.3,False,0.38369,1115.4,,0.03,1777905022
All Pools,MIM - USDC.e,0.3,False,0.38349,2005.62,,0.02,1777905022
All Pools,USDC - CHAM,0.3,False,0.37783,49.83,,0.69,1777905022
All Pools,COQ - JUICE,0.3,False,0.37557,48.55,,0.71,1777905022
All Pools,HEFE - CANS,0.3,False,0.37304,4.277,,7.96,1777905022
All Pools,CQK - USDC,0.3,False,0.37272,34.96,,0.97,1777905022
All Pools,CQK - AVAX,0.3,False,0.37266,130.85,,0.26,1777905022
All Pools,BTC.b - IMPACT2,0.3,False,0.37011,1265.67,,0.03,1777905022
All Pools,MIM - MU,0.3,False,0.36455,253.1,,0.13,1777905022
All Pools,UNI.e - REDWOLF,0.3,False,0.35897,10.32,,3.17,1777905022
All Pools,CGS - USDC.e,0.3,False,0.3587,158.26,,0.21,1777905022
All Pools,CGS - AVAX,0.3,False,0.35862,66.01,,0.5,1777905022
All Pools,USDC - USD+,0.3,False,0.34707,32.73,,0.97,1777905022
All Pools,ZRO - USDC,0.3,False,0.34599,5.559,,5.68,1777905022
All Pools,AVAX - TOPIA,0.3,False,0.34549,523.47,,0.06,1777905022
All Pools,BLS - SHRAP,0.3,False,0.34278,9.945,,3.15,1777905022
All Pools,APIX - LAMBO,0.3,False,0.34158,563.6,,0.06,1777905022
All Pools,USDC - aXEN,0.3,False,0.34123,9.247,,3.37,1777905022
All Pools,IMPACT2 - EURC,0.3,False,0.34049,46.88,,0.66,1777905022
All Pools,BLUB - AVAX,0.3,False,0.33939,17063.0,,0.0,1777905022
All Pools,TSD - AVAX,0.3,False,0.33705,322.24,,0.1,1777905022
All Pools,Anon - AVAX,0.3,False,0.33563,14.27,,2.15,1777905022
All Pools,ABC - AVAX,0.3,False,0.32741,1078.08,,0.03,1777905022
All Pools,BLS - USDt,0.3,False,0.32398,120.16,,0.25,1777905022
All Pools,sAVAX - COQ,0.3,False,0.32084,94.32,,0.31,1777905022
All Pools,BENIS - NOCHILL,0.3,False,0.32067,4.551,,6.43,1777905022
All Pools,USDC - yyAVAX,0.3,False,0.30956,14.21,,1.99,1777905022
All Pools,KIMBO - CANS,0.3,False,0.30532,389.11,,0.07,1777905022
All Pools,LadyMary - FollowTheWhiteRabbit,0.3,False,0.30285,655.43,,0.04,1777905022
All Pools,BRO - COQ,0.3,False,0.30254,208.23,,0.13,1777905022
All Pools,BRO - AVAX,0.3,False,0.30091,140418.0,,,1777905022
All Pools,USDC.e - WXT,0.3,False,0.29996,291.55,,0.09,1777905022
All Pools,DFIAT - USDT.e,0.3,False,0.29867,28.13,,0.97,1777905022
All Pools,VEE - USDC,0.3,False,0.2969,32.04,,0.85,1777905022
All Pools,USDt - REDWOLF,0.3,False,0.29537,15.01,,1.8,1777905022
All Pools,HUSKY - AMI,0.3,False,0.29518,85.88,,0.31,1777905022
All Pools,PTOP900 - TOPIA,0.3,False,0.29008,102.98,,0.26,1777905022
All Pools,SURE - DAI.e,0.3,False,0.28962,28.17,,0.94,1777905022
All Pools,USDC.e - WISE,0.3,False,0.28715,45.84,,0.57,1777905022
All Pools,AVAX - WISE,0.3,False,0.2871,78.24,,0.33,1777905022
All Pools,AVAI - AVAX,0.3,False,0.28075,29.16,,0.88,1777905022
All Pools,AVVO - DAI.e,0.3,False,0.27469,39.31,,0.64,1777905022
All Pools,USDT.e - DUO,0.3,False,0.27347,57.06,,0.44,1777905022
All Pools,AVAX - DUO,0.3,False,0.27336,70.38,,0.35,1777905022
All Pools,AVAX - XPOW,0.3,False,0.27277,39.73,,0.63,1777905022
All Pools,NOCHILL - REDWOLF,0.3,False,0.26931,3.283,,7.49,1777905022
All Pools,miMatic - USDC.e,0.3,False,0.26876,23.22,,1.06,1777905022
All Pools,AVAX - MUG,0.3,False,0.26319,350.92,,0.07,1777905022
All Pools,DFIAT - AVAX,0.3,False,0.26007,7496.56,,0.0,1777905022
All Pools,SLUSH - USDT.e,0.3,False,0.25895,59.74,,0.4,1777905022
All Pools,AVAX - APOW,0.3,False,0.25888,39.28,,0.6,1777905022
All Pools,SLUSH - AVAX,0.3,False,0.25886,58.35,,0.4,1777905022
All Pools,MIM - FORT,0.3,False,0.25853,18044.0,,0.0,1777905022
All Pools,AVAX - FORT,0.3,False,0.25852,38.9,,0.61,1777905022
All Pools,wsOHM - AVAX,0.3,False,0.25795,22.0,,1.07,1777905022
All Pools,BUSD - USDC,0.3,False,0.25726,7.698,,3.05,1777905022
All Pools,MaryMagdalene - AVAX,0.3,False,0.25666,226.71,,0.1,1777905022
All Pools,AVAT - USDC,0.3,False,0.25233,40.29,,0.57,1777905022
All Pools,AftermathsKobe - AVAX,0.3,False,0.25059,296.52,,0.08,1777905022
All Pools,Psychic - AftermathsKobe,0.3,False,0.25005,323.92,,0.07,1777905022
All Pools,BOI - MU,0.3,False,0.24875,1.206,,18.82,1777905022
All Pools,DivineFeminine - Gravity,0.3,False,0.2483,2345.79,,0.01,1777905022
All Pools,AVAX - ELK,0.3,False,0.24765,69.75,,0.32,1777905022
All Pools,YEEHAW - AVAX,0.3,False,0.24728,31.78,,0.71,1777905022
All Pools,$Crazy - AVAX,0.3,False,0.24153,1011.59,,0.02,1777905022
All Pools,USDC.e - SOL,0.3,False,0.23849,42.06,,0.52,1777905022
All Pools,AVAX - SPT,0.3,False,0.23676,16.37,,1.32,1777905022
All Pools,TOPIA - PTOP800,0.3,False,0.23296,146.08,,0.15,1777905022
All Pools,USDt - MILO,0.3,False,0.23148,17.02,,1.24,1777905022
All Pools,AVAX - MILO,0.3,False,0.23142,1140.77,,0.02,1777905022
All Pools,AI - AVAX,0.3,False,0.22982,4307.69,,0.0,1777905022
All Pools,AVAX - CHAM,0.3,False,0.22682,32.79,,0.63,1777905022
All Pools,YEEHAW - BTC.b,0.3,False,0.22193,127.9,,0.16,1777905022
All Pools,GLOBA - AVAX,0.3,False,0.2194,50.97,,0.39,1777905022
All Pools,VENG - AVAX,0.3,False,0.21857,60.52,,0.33,1777905022
All Pools,GLOBA - DAI.e,0.3,False,0.21006,52.16,,0.37,1777905022
All Pools,BOI - AMI,0.3,False,0.20816,1.032,,18.41,1777905022
All Pools,MaryMagdalene - Gravity,0.3,False,0.20797,133.13,,0.14,1777905022
All Pools,EGG - AVAX,0.3,False,0.20728,23337.0,,,1777905022
All Pools,Hopi - AVAX,0.3,False,0.20294,217.35,,0.09,1777905022
All Pools,Hopi - Now,0.3,False,0.2028,720.76,,0.03,1777905022
All Pools,USDT.e - ZABU,0.3,False,0.20131,48.0,,0.38,1777905022
All Pools,MIM - PAPA,0.3,False,0.19942,412.64,,0.04,1777905022
All Pools,PAPA - AVAX,0.3,False,0.19938,30.44,,0.6,1777905022
All Pools,USDC - BVAX,0.3,False,0.18614,30.54,,0.56,1777905022
All Pools,SUB - USDC,0.3,False,0.18119,13.26,,1.25,1777905022
All Pools,METAG - AVAX,0.3,False,0.18073,24.24,,0.68,1777905022
All Pools,Meaning - AVAX,0.3,False,0.17999,455.04,,0.04,1777905022
All Pools,Psychic - Meaning,0.3,False,0.17966,311.28,,0.05,1777905022
All Pools,DéjàVu - Gravity,0.3,False,0.17525,210.0,,0.08,1777905022
All Pools,DCAU - MIM,0.3,False,0.17214,314.03,,0.05,1777905022
All Pools,HEFE - AMI,0.3,False,0.16781,1.77,,8.65,1777905022
All Pools,FollowTheWhiteRabbit - Priory,0.3,False,0.16642,932.01,,0.02,1777905022
All Pools,Priory - AVAX,0.3,False,0.16639,77.01,,0.2,1777905022
All Pools,SURE - USDC.e,0.3,False,0.16636,23.7,,0.64,1777905022
All Pools,USDt - DXN,0.3,False,0.16394,215.8,,0.07,1777905022
All Pools,Chemistry - AVAX,0.3,False,0.16337,89.38,,0.17,1777905022
All Pools,AVAT - AVAX,0.3,False,0.16326,21.37,,0.7,1777905022
All Pools,LUNA - LUNA,0.3,False,0.16299,2.518,,5.91,1777905022
All Pools,Trinity - Gravity,0.3,False,0.15626,2477.98,,0.01,1777905022
All Pools,LINDA - AVAX,0.3,False,0.1533,2096.77,,0.01,1777905022
All Pools,gOHM - SB,0.3,False,0.15289,15.09,,0.92,1777905022
All Pools,USDT.e - EXP,0.3,False,0.15189,44253150.0,,,1777905022
All Pools,AVAX - ZABU,0.3,False,0.1518,30.02,,0.46,1777905022
All Pools,DivineFeminine - AVAX,0.3,False,0.15157,6.254,,2.21,1777905022
All Pools,USDT - ETH,0.3,False,0.14952,216.8,,0.06,1777905022
All Pools,COQ - BOOTY,0.3,False,0.14938,10.42,,1.31,1777905022
All Pools,MIM - USDC,0.3,False,0.14914,76.96,,0.18,1777905022
All Pools,USDt - XPOW,0.3,False,0.1484,20.13,,0.67,1777905022
All Pools,MELT - AVAX,0.3,False,0.14589,24.72,,0.54,1777905022
All Pools,Chemistry - Now,0.3,False,0.14346,909.7,,0.01,1777905022
All Pools,WarpSpeed - AVAX,0.3,False,0.14306,139.16,,0.09,1777905022
All Pools,Gravity - WarpSpeed,0.3,False,0.14303,85.28,,0.15,1777905022
All Pools,TrumpTower - AVAX,0.3,False,0.14213,160.39,,0.08,1777905022
All Pools,TrumpTower - Gravity,0.3,False,0.1421,76.56,,0.17,1777905022
All Pools,AVAX - SDOG,0.3,False,0.1396,10.16,,1.25,1777905022
All Pools,MIM - BLANC,0.3,False,0.135,8387.18,,0.0,1777905022
All Pools,AVAX - BLANC,0.3,False,0.13498,21.79,,0.57,1777905022
All Pools,NOCHILL - MU,0.3,False,0.13353,2.023,,6.02,1777905022
All Pools,USDC - APOW,0.3,False,0.13106,20.09,,0.6,1777905022
All Pools,miMatic - AVAX,0.3,False,0.13098,36.62,,0.33,1777905022
All Pools,WLRS - USDC.e,0.3,False,0.12838,4529.15,,0.0,1777905022
All Pools,USDt - APOW,0.3,False,0.12784,20.12,,0.58,1777905022
All Pools,FollowTheWhiteRabbit - DivineFeminine,0.3,False,0.12508,684.16,,0.02,1777905022
All Pools,USDC - XPOW,0.3,False,0.12444,20.15,,0.56,1777905022
All Pools,TOMB - USDC,0.3,False,0.12333,10.59,,1.06,1777905022
All Pools,GURS - NOCHILL,0.3,False,0.12274,1.828,,6.13,1777905022
All Pools,Matter - AVAX,0.3,False,0.12189,80.62,,0.14,1777905022
All Pools,Orange - Matter,0.3,False,0.12162,9059.83,,0.0,1777905022
All Pools,FLAKE - USDT.e,0.3,False,0.12095,50.59,,0.22,1777905022
All Pools,FLAKE - AVAX,0.3,False,0.12091,21.22,,0.52,1777905022
All Pools,AVAX - SNOB,0.3,False,0.12044,967.78,,0.01,1777905022
All Pools,YETI - AVAX,0.3,False,0.12008,3304.13,,0.0,1777905022
All Pools,FollowTheWhiteRabbit - TheGospelOfMary,0.3,False,0.11919,158.96,,0.07,1777905022
All Pools,AVAX - TheGospelOfMary,0.3,False,0.11907,159.71,,0.07,1777905022
All Pools,AVAX - GAU,0.3,False,0.11419,9.135,,1.14,1777905022
All Pools,BrideOfChrist - AVAX,0.3,False,0.11408,89.84,,0.12,1777905022
All Pools,Beyond - AVAX,0.3,False,0.114,89.76,,0.12,1777905022
All Pools,Beyond - Orange,0.3,False,0.11378,4470.57,,0.0,1777905022
All Pools,Solar - AVAX,0.3,False,0.10994,89.59,,0.11,1777905022
All Pools,Solar - Now,0.3,False,0.10987,912.88,,0.01,1777905022
All Pools,LIBRE - USDC.e,0.3,False,0.1089,14.9,,0.67,1777905022
All Pools,VELAI - AVAX,0.3,False,0.10813,0.32479,,30.38,1777905022
All Pools,METAG - USDt,0.3,False,0.10757,16.02,,0.61,1777905022
All Pools,Psychic - DéjàVu,0.3,False,0.1071,196.24,,0.05,1777905022
All Pools,ORNG - JUICE,0.3,False,0.10341,2.761,,3.42,1777905022
All Pools,BrideOfChrist - FollowTheWhiteRabbit,0.3,False,0.10232,734.86,,0.01,1777905022
All Pools,Jjj - AVAX,0.3,False,0.10047,292.37,,0.03,1777905022
All Pools,YEEHAW - USDC,0.3,False,0.10032,12.7,,0.72,1777905022
All Pools,Psychic - Jjj,0.3,False,0.10029,319.18,,0.03,1777905022
All Pools,MAJIN - REDWOLF,0.3,False,0.0999,7.083,,1.29,1777905022
All Pools,JPYC - USDC.e,0.3,False,0.09987,4.809,,1.89,1777905022
All Pools,Christmas - Merovingian,0.3,False,0.09712,118.19,,0.07,1777905022
All Pools,Christmas - AVAX,0.3,False,0.09709,250.21,,0.04,1777905022
All Pools,ALOT - USDC.e,0.3,False,0.09706,9.314,,0.95,1777905022
All Pools,Now - Merovingian,0.3,False,0.09665,70.2,,0.13,1777905022
All Pools,MAJIN - MU,0.3,False,0.09607,4.422,,1.98,1777905022
All Pools,Xmas - AVAX,0.3,False,0.09586,275.12,,0.03,1777905022
All Pools,Psychic - Xmas,0.3,False,0.09565,299.86,,0.03,1777905022
All Pools,UST - USDC,0.3,False,0.0936,4.459,,1.92,1777905022
All Pools,WINK - NOCHILL,0.3,False,0.09213,0.84311,,9.97,1777905022
All Pools,Ducks - AVAX,0.3,False,0.09195,291.78,,0.03,1777905022
All Pools,AVAX - STRAW,0.3,False,0.09191,15.69,,0.53,1777905022
All Pools,Psychic - Ducks,0.3,False,0.09178,318.78,,0.03,1777905022
All Pools,MELT - USDT.e,0.3,False,0.09123,30.72,,0.27,1777905022
All Pools,wsOHM - USDC.e,0.3,False,0.09113,42.28,,0.2,1777905022
All Pools,KRW - AVAX,0.3,False,0.09109,458.5,,0.02,1777905022
All Pools,JOE - KRW,0.3,False,0.09099,239.15,,0.03,1777905022
All Pools,JOE - ZABU,0.3,False,0.09038,18.39,,0.45,1777905022
All Pools,Trinity - LadyMary,0.3,False,0.09006,11267.0,,,1777905022
All Pools,NOCHILL - WAIFU,0.3,False,0.08923,149.89,,0.05,1777905022
All Pools,HIGHER - AVAX,0.3,False,0.08872,1.833,,4.42,1777905022
All Pools,MIM - GRAPE,0.3,False,0.08861,2398.73,,0.0,1777905022
All Pools,WLRS - GRAPE,0.3,False,0.08859,77.83,,0.1,1777905022
All Pools,DAI.e - STRAW,0.3,False,0.08796,34.15,,0.24,1777905022
All Pools,Gil - AVAX,0.3,False,0.08705,17.05,,0.47,1777905022
All Pools,HUSKY - MUG,0.3,False,0.08522,24.07,,0.32,1777905022
All Pools,CNR - USDC,0.3,False,0.08512,4.814,,1.61,1777905022
All Pools,SLIME - AVAX,0.3,False,0.08486,21560.0,,,1777905022
All Pools,SLIME - USDt,0.3,False,0.08485,7.33,,1.06,1777905022
All Pools,LINK.e - MU,0.3,False,0.08467,7.502,,1.03,1777905022
All Pools,BANKSY - USDC.e,0.3,False,0.08457,31.31,,0.25,1777905022
All Pools,BANKSY - AVAX,0.3,False,0.08454,23.28,,0.33,1777905022
All Pools,AVAX - MeaningOfNumbers,0.3,False,0.08388,292.01,,0.03,1777905022
All Pools,GAS - AVAX,0.3,False,0.08385,229.04,,0.03,1777905022
All Pools,Psychic - MeaningOfNumbers,0.3,False,0.08373,319.12,,0.02,1777905022
All Pools,Gil - DAI.e,0.3,False,0.08329,28.39,,0.27,1777905022
All Pools,aAvaLINK - AVAX,0.3,False,0.08291,9.524,,0.79,1777905022
All Pools,USDt - NEMO,0.3,False,0.08239,96.42,,0.08,1777905022
All Pools,AVAX - NEMO,0.3,False,0.08238,7.758,,0.97,1777905022
All Pools,PTOP1300 - TOPIA,0.3,False,0.08188,96.25,,0.08,1777905022
All Pools,HEFE - HIGHER,0.3,False,0.08153,0.87946,,8.46,1777905022
All Pools,KLO - USDT.e,0.3,False,0.08151,5.584,,1.33,1777905022
All Pools,COQ - AMI,0.3,False,0.08087,14.11,,0.52,1777905022
All Pools,AVAX - Prometheus,0.3,False,0.08028,285.35,,0.03,1777905022
All Pools,Psychic - Prometheus,0.3,False,0.08012,310.39,,0.02,1777905022
All Pools,BTC.b - USDC,0.3,False,0.07867,4.687,,1.53,1777905022
All Pools,ZUM - NOCHILL,0.3,False,0.07681,1.167,,6.0,1777905022
All Pools,MEOW - AVAX,0.3,False,0.07519,10462.0,,,1777905022
All Pools,BTC.b - MU,0.3,False,0.07421,11.32,,0.6,1777905022
All Pools,METAG - USDT.e,0.3,False,0.07317,49.23,,0.14,1777905022
All Pools,AVAX - Nala,0.3,False,0.0691,25.71,,0.25,1777905022
All Pools,USDT.e - XAVA,0.3,False,0.06878,11.25,,0.56,1777905022
All Pools,Mungo - AVAX,0.3,False,0.06843,41.2,,0.15,1777905022
All Pools,DéjàVu - Mungo,0.3,False,0.06835,184.23,,0.03,1777905022
All Pools,bECH - AVAX,0.3,False,0.06724,21.53,,0.28,1777905022
All Pools,SOB - LUNA,0.3,False,0.06628,1.331,,4.54,1777905022
All Pools,MIM - AUSD,0.3,False,0.0661,35.0,,0.17,1777905022
All Pools,WDAO - MIM,0.3,False,0.06606,23.43,,0.26,1777905022
All Pools,WDAO - AVAX,0.3,False,0.06604,19.57,,0.31,1777905022
All Pools,UNIQOC - AVAX,0.3,False,0.06448,1138.43,,0.01,1777905022
All Pools,UNIQOC - COQ,0.3,False,0.0641,54.54,,0.11,1777905022
All Pools,USDC - AMI,0.3,False,0.06343,0.66777,,8.67,1777905022
All Pools,ElvisJackpot - BLACK,0.3,False,0.06289,17.93,,0.32,1777905022
All Pools,FINANCE - NOCHILL,0.3,False,0.06185,445.74,,0.01,1777905022
All Pools,Light - AVAX,0.3,False,0.06184,89.73,,0.06,1777905022
All Pools,Psychic - Stolen,0.3,False,0.06179,85.08,,0.07,1777905022
All Pools,Light - Now,0.3,False,0.0617,914.43,,0.01,1777905022
All Pools,AVAX - LuciferMorningstar,0.3,False,0.06082,14.63,,0.38,1777905022
All Pools,BrideOfChrist - BLACK,0.3,False,0.06046,33.47,,0.16,1777905022
All Pools,MIM - GG,0.3,False,0.05859,292.19,,0.02,1777905022
All Pools,AVAX - GG,0.3,False,0.05858,9.415,,0.57,1777905022
All Pools,MIM - SPELL,0.3,False,0.05845,7.608,,0.7,1777905022
All Pools,wMEMO - MIM,0.3,False,0.05757,20.65,,0.25,1777905022
All Pools,FITFI - USDC,0.3,False,0.05569,0.44746,,11.36,1777905022
All Pools,MIM - GG,0.3,False,0.05562,23.38,,0.22,1777905022
All Pools,GG - AVAX,0.3,False,0.05561,12.3,,0.41,1777905022
All Pools,CNR - USDt,0.3,False,0.05517,4.84,,1.04,1777905022
All Pools,MELT - USDC.e,0.3,False,0.05469,31.04,,0.16,1777905022
All Pools,HEFE - Always,0.3,False,0.05398,0.86941,,5.67,1777905022
All Pools,wMEMO - AVAX,0.3,False,0.05337,13.73,,0.35,1777905022
All Pools,AMI - JUICY,0.3,False,0.05198,0.92368,,5.14,1777905022
All Pools,Sanskrit - AVAX,0.3,False,0.05151,89.84,,0.05,1777905022
All Pools,Sanskrit - Now,0.3,False,0.0514,915.64,,0.01,1777905022
All Pools,UST - UST,0.3,False,0.05138,1.897,,2.47,1777905022
All Pools,CommieSukey - AVAX,0.3,False,0.05112,292.96,,0.02,1777905022
All Pools,Psychic - CommieSukey,0.3,False,0.05102,319.11,,0.01,1777905022
All Pools,DUO - USDT.e,0.3,False,0.0507,7.282,,0.64,1777905022
All Pools,GOLD - AVAX,0.3,False,0.04973,0.00687,,661.03,1777905022
All Pools,AVAX - LYLY,0.3,False,0.0497,71.99,,0.06,1777905022
All Pools,USDR - USDC,0.3,False,0.04942,40.67,,0.11,1777905022
All Pools,AVAX - Mentor,0.3,False,0.0494,89.44,,0.05,1777905022
All Pools,Now - Mentor,0.3,False,0.04934,912.02,,0.0,1777905022
All Pools,meGNX - AVAX,0.3,False,0.0488,17.53,,0.25,1777905022
All Pools,JOE - ZUBAX,0.3,False,0.04876,9.104,,0.49,1777905022
All Pools,MaryMagdalene - BrideOfChrist,0.3,False,0.04866,120.94,,0.04,1777905022
All Pools,MPL - USDt,0.3,False,0.04844,30.6,,0.14,1777905022
All Pools,MPL - AVAX,0.3,False,0.04842,6.138,,0.72,1777905022
All Pools,AVAX - RedFolder,0.3,False,0.04801,291.76,,0.02,1777905022
All Pools,Psychic - RedFolder,0.3,False,0.04792,318.03,,0.01,1777905022
All Pools,Stolen - AVAX,0.3,False,0.04777,17.65,,0.25,1777905022
All Pools,USDC.e - WOLF,0.3,False,0.04738,8.775,,0.49,1777905022
All Pools,AVAX - WOLF,0.3,False,0.04737,73.86,,0.06,1777905022
All Pools,Silver - AVAX,0.3,False,0.04712,88.29,,0.05,1777905022
All Pools,Silver - Now,0.3,False,0.04703,916.04,,0.0,1777905022
All Pools,Uncontractable - AVAX,0.3,False,0.04578,87.99,,0.05,1777905022
All Pools,Uncontractable - Now,0.3,False,0.04572,892.05,,0.0,1777905022
All Pools,MIM - NADO,0.3,False,0.04556,1164.84,,0.0,1777905022
All Pools,AVAX - NADO,0.3,False,0.04555,7.747,,0.54,1777905022
All Pools,REDWOLF - SOL,0.3,False,0.04551,75.29,,0.06,1777905022
All Pools,Chrism - ChristMark,0.3,False,0.04539,181.85,,0.02,1777905022
All Pools,ACS - USDC.e,0.3,False,0.04526,5.391,,0.77,1777905022
All Pools,RoselineBloodline - AVAX,0.3,False,0.04485,44.16,,0.09,1777905022
All Pools,FollowTheWhiteRabbit - RoselineBloodline,0.3,False,0.04484,41.49,,0.1,1777905022
All Pools,AVAX - All,0.3,False,0.04472,293.79,,0.01,1777905022
All Pools,Psychic - All,0.3,False,0.04464,318.67,,0.01,1777905022
All Pools,XAUt0 - ElvisJackpot,0.3,False,0.04393,330.01,,0.01,1777905022
All Pools,Trinity - Nala,0.3,False,0.04388,40.99,,0.1,1777905022
All Pools,WBTC.e - USDC.e,0.3,False,0.0436,9.01,,0.44,1777905022
All Pools,MIM - LIFE,0.3,False,0.04345,66.99,,0.06,1777905022
All Pools,LIFE - AVAX,0.3,False,0.04345,7.222,,0.55,1777905022
All Pools,USDT.e - TMT,0.3,False,0.04322,26.02,,0.15,1777905022
All Pools,AVAX - TMT,0.3,False,0.04321,7.082,,0.56,1777905022
All Pools,MELT - USDC.e,0.3,False,0.04269,7.027,,0.55,1777905022
All Pools,MELT - AVAX,0.3,False,0.04268,1132.28,,0.0,1777905022
All Pools,COQ - JUICY,0.3,False,0.0423,0.70968,,5.44,1777905022
All Pools,AVAX - Wej,0.3,False,0.04226,291.98,,0.01,1777905022
All Pools,Psychic - Wej,0.3,False,0.04218,318.01,,0.01,1777905022
All Pools,Apollyon - AVAX,0.3,False,0.04211,36.45,,0.11,1777905022
All Pools,Apollyon - LuciferMorningstar,0.3,False,0.04206,235196665.0,,,1777905022
All Pools,TruthClosure - BLACK,0.3,False,0.04168,26.0,,0.15,1777905022
All Pools,MIM - SBR,0.3,False,0.04103,39.66,,0.09,1777905022
All Pools,SBR - AVAX,0.3,False,0.04102,7.284,,0.51,1777905022
All Pools,Trinity - Stolen,0.3,False,0.04098,29.81,,0.13,1777905022
All Pools,ICUBE - USDT.e,0.3,False,0.04063,108.06,,0.03,1777905022
All Pools,ICUBE - AVAX,0.3,False,0.04061,6.345,,0.58,1777905022
All Pools,BNB - AVAX,0.3,False,0.04007,4090.95,,,1777905022
All Pools,aAvaLINK - meGNX,0.3,False,0.03978,10.51,,0.35,1777905022
All Pools,LoveYou - Gravity,0.3,False,0.03873,57.21,,0.06,1777905022
All Pools,LoveYou - AVAX,0.3,False,0.03873,61.68,,0.06,1777905022
All Pools,Necromancer - AVAX,0.3,False,0.03845,89.71,,0.04,1777905022
All Pools,Now - Necromancer,0.3,False,0.03837,914.36,,0.0,1777905022
All Pools,HOWDY - NOCHILL,0.3,False,0.03829,1.064,,3.28,1777905022
All Pools,USDC - MXNB,0.3,False,0.03766,27.43,,0.13,1777905022
All Pools,RUGPULL - MUG,0.3,False,0.03764,183.78,,0.02,1777905022
All Pools,AMI - TOPIA,0.3,False,0.03758,221.54,,0.02,1777905022
All Pools,MIM - DAI.e,0.3,False,0.03737,52.39,,0.07,1777905022
All Pools,USDC - WSPP,0.3,False,0.03726,43.76,,0.08,1777905022
All Pools,AVAX - WSPP,0.3,False,0.03725,2.968,,1.15,1777905022
All Pools,SURE - AVAX,0.3,False,0.03694,7.17,,0.47,1777905022
All Pools,Void - AVAX,0.3,False,0.0361,88.06,,0.04,1777905022
All Pools,Void - Now,0.3,False,0.03603,917.5,,0.0,1777905022
All Pools,USDT.e - BOREA,0.3,False,0.03567,26.49,,0.12,1777905022
All Pools,ArniStitch - AVAX,0.3,False,0.03565,291.3,,0.01,1777905022
All Pools,AVAX - BOREA,0.3,False,0.03564,6.658,,0.49,1777905022
All Pools,Psychic - ArniStitch,0.3,False,0.03559,318.24,,0.01,1777905022
All Pools,Four - AVAX,0.3,False,0.03542,74.42,,0.04,1777905022
All Pools,DrainTheSwamp - AVAX,0.3,False,0.03457,37.53,,0.08,1777905022
All Pools,REDWOLF - SHRAP,0.3,False,0.03363,1.146,,2.68,1777905022
All Pools,ELE - AVAX,0.3,False,0.03357,123.6,,0.02,1777905022
All Pools,OH - AVAX,0.3,False,0.03315,93.57,,0.03,1777905022
All Pools,GOOD - GAINS,0.3,False,0.03192,3.759,,0.77,1777905022
All Pools,GOOD - AVAX,0.3,False,0.03177,152.91,,0.02,1777905022
All Pools,QI - LYLY,0.3,False,0.03163,2.706,,1.07,1777905022
All Pools,RUG - USDT.e,0.3,False,0.03129,14.76,,0.19,1777905022
All Pools,wALGO - AVAX,0.3,False,0.03096,161.38,,0.02,1777905022
All Pools,wALGO - USDC,0.3,False,0.03095,2.81,,1.01,1777905022
All Pools,FITFI - USDC.e,0.3,False,0.03064,0.24141,,11.58,1777905022
All Pools,gOHM - JOE,0.3,False,0.03015,3.851,,0.71,1777905022
All Pools,FollowTheWhiteRabbit - StatueOfLiberty,0.3,False,0.03008,511.08,,0.01,1777905022
All Pools,StatueOfLiberty - AVAX,0.3,False,0.03005,14.73,,0.19,1777905022
All Pools,Milk - USDT.e,0.3,False,0.02966,14.45,,0.19,1777905022
All Pools,Milk - AVAX,0.3,False,0.02964,6.624,,0.41,1777905022
All Pools,AVAX - BlackAndGold,0.3,False,0.02962,293.49,,0.01,1777905022
All Pools,Psychic - BlackAndGold,0.3,False,0.02957,318.54,,0.01,1777905022
All Pools,AVAX - Propriety,0.3,False,0.02874,89.6,,0.03,1777905022
All Pools,AVAX - BLACK,0.3,False,0.0287,6.08,,0.43,1777905022
All Pools,Now - Propriety,0.3,False,0.02869,915.07,,0.0,1777905022
All Pools,USDT.e - GOT,0.3,False,0.02805,12.85,,0.2,1777905022
All Pools,AVAX - GOT,0.3,False,0.02804,5.242,,0.49,1777905022
All Pools,AVAX - √Root,0.3,False,0.02762,89.79,,0.03,1777905022
All Pools,Now - √Root,0.3,False,0.02757,914.99,,0.0,1777905022
All Pools,Blue - AVAX,0.3,False,0.02754,262.29,,0.01,1777905022
All Pools,KOVIN - AVAX,0.3,False,0.02667,3179.52,,,1777905022
All Pools,USDC.e - SPADE,0.3,False,0.02656,16.16,,0.15,1777905022
All Pools,AVAX - SPADE,0.3,False,0.02655,6.044,,0.4,1777905022
All Pools,3ULL - AVAX,0.3,False,0.02651,47.24,,0.05,1777905022
All Pools,AVAX - IMPACT,0.3,False,0.02648,6.229,,0.39,1777905022
All Pools,KrisKringle - Gravity,0.3,False,0.02626,77.95,,0.03,1777905022
All Pools,KrisKringle - AVAX,0.3,False,0.02625,26.07,,0.09,1777905022
All Pools,Trinity - Sinterklaas,0.3,False,0.02607,26.13,,0.09,1777905022
All Pools,AVAX - Sinterklaas,0.3,False,0.02607,139.31,,0.02,1777905022
All Pools,SMRT - XAVA,0.3,False,0.02589,2.846,,0.83,1777905022
All Pools,BSGG - AVAX,0.3,False,0.02566,3.858,,0.61,1777905022
All Pools,USDC.e - UST,0.3,False,0.02536,1.751,,1.32,1777905022
All Pools,Psychic - Nala,0.3,False,0.02528,267.34,,0.01,1777905022
All Pools,BTC.b - HOWDY,0.3,False,0.02526,184.74,,0.01,1777905022
All Pools,Gravity - HustleTappers,0.3,False,0.02526,24.08,,0.1,1777905022
All Pools,AVAX - HustleTappers,0.3,False,0.02525,55.42,,0.04,1777905022
All Pools,USDT.e - AVVO,0.3,False,0.02518,4.022,,0.57,1777905022
All Pools,NOCHILL - ARENA,0.3,False,0.02512,0.41024,,5.59,1777905022
All Pools,USDt - IMPACT,0.3,False,0.02489,3.339,,0.68,1777905022
All Pools,Gravity - ChristMark,0.3,False,0.02483,15.6,,0.15,1777905022
All Pools,WETH.e - USDR,0.3,False,0.02466,2.78,,0.81,1777905022
All Pools,XIO - USDC,0.3,False,0.02451,24.35,,0.09,1777905022
All Pools,XIO - AVAX,0.3,False,0.02451,2.795,,0.8,1777905022
All Pools,LoveIsTheKey - AVAX,0.3,False,0.02436,14.99,,0.15,1777905022
All Pools,AAVE.e - USDT.e,0.3,False,0.02414,2.592,,0.85,1777905022
All Pools,AVAX - Ouroboros,0.3,False,0.02387,21.67,,0.1,1777905022
All Pools,ARENA - MU,0.3,False,0.02386,3.306,,0.66,1777905022
All Pools,BTC.b - GMX,0.3,False,0.02366,1.546,,1.4,1777905022
All Pools,WhollySphere - Gravity,0.3,False,0.02358,22.97,,0.09,1777905022
All Pools,WhollySphere - AVAX,0.3,False,0.02357,50.65,,0.04,1777905022
All Pools,WOLF - USDT.e,0.3,False,0.02357,4.064,,0.53,1777905022
All Pools,WOLF - AVAX,0.3,False,0.02356,70.36,,0.03,1777905022
All Pools,SOB - AVAX,0.3,False,0.02352,549.23,,0.0,1777905022
All Pools,Gravity - McdonaldTrouped,0.3,False,0.02344,22.95,,0.09,1777905022
All Pools,McdonaldTrouped - AVAX,0.3,False,0.02343,50.58,,0.04,1777905022
All Pools,Wingdings - Gravity,0.3,False,0.02318,21.94,,0.1,1777905022
All Pools,Wingdings - AVAX,0.3,False,0.02318,50.72,,0.04,1777905022
All Pools,FollowTheWhiteRabbit - TruthClosure,0.3,False,0.02314,45.84,,0.05,1777905022
All Pools,AVAX - USDR,0.3,False,0.02304,2.953,,0.71,1777905022
All Pools,Hydrogen - AVAX,0.3,False,0.02302,262.24,,0.01,1777905022
All Pools,HIGHER - NOCHILL,0.3,False,0.02275,0.31832,,6.52,1777905022
All Pools,AVAX - Teste,0.3,False,0.02274,88.93,,0.02,1777905022
All Pools,Now - Teste,0.3,False,0.0227,917.82,,0.0,1777905022
All Pools,DrainTheSwamp - Gravity,0.3,False,0.02254,22.63,,0.09,1777905022
All Pools,WINK - MU,0.3,False,0.02237,0.46967,,4.35,1777905022
All Pools,USDC.e - RUG,0.3,False,0.02228,24.88,,0.08,1777905022
All Pools,PNG - REDWOLF,0.3,False,0.02223,4.271,,0.47,1777905022
All Pools,CHAMP - ARENA,0.3,False,0.02213,17.11,,0.12,1777905022
All Pools,CHAMP - AMI,0.3,False,0.02213,38.39,,0.05,1777905022
All Pools,GMX - USDC,0.3,False,0.02195,0.89941,,2.23,1777905022
All Pools,MU - WAIFU,0.3,False,0.02155,100.08,,0.02,1777905022
All Pools,HIGHER - AMI,0.3,False,0.02147,3.254,,0.6,1777905022
All Pools,BNZ - WINK,0.3,False,0.02108,0.43328,,4.44,1777905022
All Pools,MerryXmas - AVAX,0.3,False,0.0209,268.61,,0.01,1777905022
All Pools,bCASH - LINK.e,0.3,False,0.0209,381.91,,0.0,1777905022
All Pools,Psychic - MerryXmas,0.3,False,0.02087,292.61,,0.01,1777905022
All Pools,AVAX - Always,0.3,False,0.0208,0.59261,,3.2,1777905022
All Pools,3ULL - USDt,0.3,False,0.02032,2.52,,0.74,1777905022
All Pools,CodexKennyMin - AVAX,0.3,False,0.02023,24.95,,0.07,1777905022
All Pools,XOMB - USDT.e,0.3,False,0.02023,2.417,,0.76,1777905022
All Pools,CodexKennyMin - FollowTheWhiteRabbit,0.3,False,0.02023,21.95,,0.08,1777905022
All Pools,XOMB - AVAX,0.3,False,0.02022,21.42,,0.09,1777905022
All Pools,ARA - AVAX,0.3,False,0.02021,2.837,,0.65,1777905022
All Pools,BGLD - USDT.e,0.3,False,0.02019,16.95,,0.11,1777905022
All Pools,BGLD - AVAX,0.3,False,0.02019,4.364,,0.42,1777905022
All Pools,WOLF - MU,0.3,False,0.02016,5.118,,0.36,1777905022
All Pools,HIGHER - HOWDY,0.3,False,0.02006,1.495,,1.23,1777905022
All Pools,AVAX - SwiftTaylor,0.3,False,0.01992,14.65,,0.12,1777905022
All Pools,CNR - AVAX,0.3,False,0.01989,61.33,,0.03,1777905022
All Pools,FatherChristmas - AVAX,0.3,False,0.01983,53.52,,0.03,1777905022
All Pools,FatherChristmas - Gravity,0.3,False,0.01979,21.89,,0.08,1777905022
All Pools,Satoshi - Gravity,0.3,False,0.01975,55.09,,0.03,1777905022
All Pools,Satoshi - AVAX,0.3,False,0.01974,19.09,,0.09,1777905022
All Pools,MUMO - USDC,0.3,False,0.01967,8.281,,0.22,1777905022
All Pools,Gravity - Vaccinations,0.3,False,0.01963,61.86,,0.03,1777905022
All Pools,AVAX - Vaccinations,0.3,False,0.01963,18.34,,0.1,1777905022
All Pools,QI - REDWOLF,0.3,False,0.01959,1.579,,1.13,1777905022
All Pools,Gravity - Nakamoto,0.3,False,0.01954,62.02,,0.03,1777905022
All Pools,Nakamoto - AVAX,0.3,False,0.01954,18.35,,0.1,1777905022
All Pools,COQ - REDWOLF,0.3,False,0.01948,12.37,,0.14,1777905022
All Pools,COQ - KOVIN,0.3,False,0.01937,12.94,,0.14,1777905022
All Pools,AVAX - TT,0.3,False,0.01921,1.927,,0.91,1777905022
All Pools,WETH.e - yyAVAX,0.3,False,0.0192,19.35,,0.09,1777905022
All Pools,MerryChristmas - Gravity,0.3,False,0.01913,62.07,,0.03,1777905022
All Pools,MerryChristmas - AVAX,0.3,False,0.01913,18.38,,0.09,1777905022
All Pools,BTC.b - MUMO,0.3,False,0.0191,4.833,,0.36,1777905022
All Pools,TruthClosure - AVAX,0.3,False,0.01856,11.58,,0.15,1777905022
All Pools,Who - BLACK,0.3,False,0.01842,4.827,,0.35,1777905022
All Pools,Who - AVAX,0.3,False,0.01842,139.45,,0.01,1777905022
All Pools,Stolen - BLACK,0.3,False,0.01826,5.43,,0.31,1777905022
All Pools,KIWI - USDt,0.3,False,0.01819,20.39,,0.08,1777905022
All Pools,COQ - LYLY,0.3,False,0.01807,15.22,,0.11,1777905022
All Pools,Four - Found,0.3,False,0.01773,1847.7,,,1777905022
All Pools,USDT.e - iBONE,0.3,False,0.01746,4.82,,0.33,1777905022
All Pools,AVAX - iBONE,0.3,False,0.01746,5.416,,0.29,1777905022
All Pools,ILoveYouWordSpell - AVAX,0.3,False,0.01745,18.22,,0.09,1777905022
All Pools,ILoveYouWordSpell - Gravity,0.3,False,0.01744,102.29,,0.02,1777905022
All Pools,SodomAndGomorrah - AVAX,0.3,False,0.01741,19.22,,0.08,1777905022
All Pools,Trinity - SodomAndGomorrah,0.3,False,0.0174,22.69,,0.07,1777905022
All Pools,WalkTheWalkNowJesus - Gravity,0.3,False,0.01719,25.44,,0.06,1777905022
All Pools,WalkTheWalkNowJesus - AVAX,0.3,False,0.01719,24.79,,0.06,1777905022
All Pools,COQ - MU,0.3,False,0.01711,4.543,,0.34,1777905022
All Pools,GRELF[ava] - AVAX,0.3,False,0.01701,1153.92,,0.0,1777905022
All Pools,AVAX - LookingGlass,0.3,False,0.01639,16.22,,0.09,1777905022
All Pools,HCT - AVAX,0.3,False,0.01636,3.37,,0.44,1777905022
All Pools,Gravity - LookingGlass,0.3,False,0.01635,184.55,,0.01,1777905022
All Pools,KOKSAL - USDC,0.3,False,0.0163,4.74,,0.31,1777905022
All Pools,KOKSAL - AVAX,0.3,False,0.01629,3.507,,0.42,1777905022
All Pools,REDWOLF - ODDZ,0.3,False,0.0162,1.541,,0.96,1777905022
All Pools,ZH - JOE,0.3,False,0.01619,2.828,,0.52,1777905022
All Pools,ZH - USDC.e,0.3,False,0.01619,22.98,,0.06,1777905022
All Pools,JOE - QI,0.3,False,0.01603,0.94292,,1.55,1777905022
All Pools,WOLF - AVAX,0.3,False,0.01578,43044.0,,,1777905022
All Pools,QI - USDC.e,0.3,False,0.01574,0.81068,,1.77,1777905022
All Pools,Trinity - Yeshua,0.3,False,0.01563,34.61,,0.04,1777905022
All Pools,AVAX - Yeshua,0.3,False,0.01562,29.33,,0.05,1777905022
All Pools,WETH.e - MU,0.3,False,0.01524,2.056,,0.68,1777905022
All Pools,DUA - USDC,0.3,False,0.01494,11.52,,0.12,1777905022
All Pools,AVAX - DUA,0.3,False,0.01494,2.06,,0.66,1777905022
All Pools,GAINS - COQ,0.3,False,0.01472,2.016,,0.67,1777905022
All Pools,GAINS - BOBS,0.3,False,0.01456,2.231,,0.6,1777905022
All Pools,AVAX - BOBS,0.3,False,0.01451,5466.59,,,1777905022
All Pools,SUB - AVAX,0.3,False,0.01422,20.68,,0.06,1777905022
All Pools,Psychic - Blue,0.3,False,0.0141,81.53,,0.02,1777905022
All Pools,LoveIsTheKey - FollowTheWhiteRabbit,0.3,False,0.01391,64.8,,0.02,1777905022
All Pools,Strength - BLACK,0.3,False,0.01388,4.831,,0.26,1777905022
All Pools,AVAX - Strength,0.3,False,0.01387,140.63,,0.01,1777905022
All Pools,Go - BLACK,0.3,False,0.01385,4.825,,0.26,1777905022
All Pools,Go - AVAX,0.3,False,0.01385,139.66,,0.01,1777905022
All Pools,AVAX - Wormwood,0.3,False,0.0138,17.05,,0.07,1777905022
All Pools,Gravity - Wormwood,0.3,False,0.0138,15.4,,0.08,1777905022
All Pools,AVAX - WOHM,0.3,False,0.01376,3.371,,0.37,1777905022
All Pools,MIM - WOHM,0.3,False,0.01375,86.05,,0.01,1777905022
All Pools,AVAX - SantaClaus,0.3,False,0.01372,24.69,,0.05,1777905022
All Pools,Gravity - SantaClaus,0.3,False,0.01371,11.9,,0.11,1777905022
All Pools,USDV - REDWOLF,0.3,False,0.01367,18.17,,0.07,1777905022
All Pools,Yellow - BLACK,0.3,False,0.01364,4.862,,0.26,1777905022
All Pools,Yellow - AVAX,0.3,False,0.01363,264.5,,0.0,1777905022
All Pools,AVAX - LoveWins,0.3,False,0.01352,7.785,,0.16,1777905022
All Pools,FollowTheWhiteRabbit - LoveWins,0.3,False,0.01352,151.86,,0.01,1777905022
All Pools,Hydrogen - BLACK,0.3,False,0.01349,4.877,,0.25,1777905022
All Pools,Blue - BLACK,0.3,False,0.01342,4.88,,0.25,1777905022
All Pools,TRYB - USDC.e,0.3,False,0.01341,31.49,,0.04,1777905022
All Pools,XAVA - HON,0.3,False,0.01336,1.855,,0.66,1777905022
All Pools,MIM - RUG,0.3,False,0.01335,22.89,,0.05,1777905022
All Pools,Gravity - Ouroboros,0.3,False,0.01324,30.47,,0.04,1777905022
All Pools,AVAX - ETH,0.3,False,0.01321,16.65,,0.07,1777905022
All Pools,aDXN - AVAX,0.3,False,0.0131,3.665,,0.33,1777905022
All Pools,Trinity - SwiftTaylor,0.3,False,0.01292,17.72,,0.07,1777905022
All Pools,TokenZ - USDC,0.3,False,0.01272,3.765,,0.31,1777905022
All Pools,TokenZ - AVAX,0.3,False,0.01271,2.388,,0.49,1777905022
All Pools,LUNA - USDC,0.3,False,0.01269,1.401,,0.83,1777905022
All Pools,CAI - AMI,0.3,False,0.01268,0.51529,,2.25,1777905022
All Pools,3AC - NOCHILL,0.3,False,0.01268,0.17239,,6.71,1777905022
All Pools,AVAX - GrinchKidAfflict,0.3,False,0.01267,43.29,,0.03,1777905022
All Pools,ValentinMidwifes - Gravity,0.3,False,0.01267,39.06,,0.03,1777905022
All Pools,Gravity - GrinchKidAfflict,0.3,False,0.01266,9.14,,0.13,1777905022
All Pools,GAINS - Degen,0.3,False,0.01254,2.017,,0.57,1777905022
All Pools,Degen - AVAX,0.3,False,0.0125,1998.14,,,1777905022
All Pools,USDC - COSMIC,0.3,False,0.01249,54.19,,0.02,1777905022
All Pools,AVAX - COSMIC,0.3,False,0.01248,1.246,,0.91,1777905022
All Pools,NineHundred - AVAX,0.3,False,0.01246,140.14,,0.01,1777905022
All Pools,NineHundred - BLACK,0.3,False,0.01246,4.855,,0.23,1777905022
All Pools,JOE - USDt,0.3,False,0.01245,0.84323,,1.35,1777905022
All Pools,AVAX - LODE,0.3,False,0.01208,1.027,,1.07,1777905022
All Pools,DrainTheSwamp - FollowTheWhiteRabbit,0.3,False,0.01203,11.02,,0.1,1777905022
All Pools,AVAX - BAVA,0.3,False,0.01171,11.37,,0.09,1777905022
All Pools,ARENA - AMI,0.3,False,0.01158,1.392,,0.76,1777905022
All Pools,WETH.e - STATIK,0.3,False,0.0115,1.365,,0.77,1777905022
All Pools,AVAX - MUG,0.3,False,0.01145,1.214,,0.86,1777905022
All Pools,Anon - USDC,0.3,False,0.01142,1.04,,1.0,1777905022
All Pools,AVAX - QUASI,0.3,False,0.01123,586.86,,0.0,1777905022
All Pools,GAINS - QUASI,0.3,False,0.01118,1.396,,0.73,1777905022
All Pools,Orange - BLACK,0.3,False,0.01116,4.137,,0.25,1777905022
All Pools,Wormhole - AVAX,0.3,False,0.01116,103.77,,0.01,1777905022
All Pools,Trinity - Wormhole,0.3,False,0.01115,6.19,,0.16,1777905022
All Pools,Orem - AVAX,0.3,False,0.01095,103.87,,0.01,1777905022
All Pools,Trinity - Orem,0.3,False,0.01094,6.196,,0.16,1777905022
All Pools,COQ - MCV,0.3,False,0.01085,9.763,,0.1,1777905022
All Pools,MCV - AVAX,0.3,False,0.01082,400.08,,0.0,1777905022
All Pools,TickTock - AVAX,0.3,False,0.01076,89.75,,0.01,1777905022
All Pools,TickTock - Now,0.3,False,0.01074,914.81,,0.0,1777905022
All Pools,AVAX - DWC,0.3,False,0.01053,6010.23,,,1777905022
All Pools,LoveIsTheKey - BLACK,0.3,False,0.01047,7.973,,0.12,1777905022
All Pools,BNZ - AVAX,0.3,False,0.01045,62.09,,0.02,1777905022
All Pools,MU - COQAI,0.3,False,0.01042,6.492,,0.15,1777905022
All Pools,Psychic - Turtle,0.3,False,0.01041,60.45,,0.02,1777905022
All Pools,AVAX - EDG,0.3,False,0.0104,3.126,,0.3,1777905022
All Pools,MIM - EDG,0.3,False,0.01039,7.856,,0.12,1777905022
All Pools,Chrism - BLACK,0.3,False,0.01038,2.409,,0.39,1777905022
All Pools,AVAX - OK,0.3,False,0.01014,1.951,,0.47,1777905022
All Pools,AVAX - NORTH,0.3,False,0.01013,2.111,,0.44,1777905022
All Pools,USDT.e - NORTH,0.3,False,0.01011,26.72,,0.03,1777905022
All Pools,aAvaLINK - LINK.e,0.3,False,0.01011,1.865,,0.49,1777905022
All Pools,BLACK - SantaGospel,0.3,False,0.01008,4.811,,0.19,1777905022
All Pools,AVAX - SantaGospel,0.3,False,0.01008,133.93,,0.01,1777905022
All Pools,FTOMB - AVAX,0.3,False,0.01005,10262.0,,,1777905022
All Pools,SHERPA - AVAX,0.3,False,0.00998,131.33,,0.01,1777905022
All Pools,DivineFeminine - ValentinMidwifes,0.3,False,0.00987,41.25,,0.02,1777905022
All Pools,CATWIF - MAJIN,0.3,False,0.00979,0.85655,,1.04,1777905022
All Pools,XETA - AVAX,0.3,False,0.0096,0.24562,,3.57,1777905022
All Pools,TRACTOR - AVAX,0.3,False,0.00959,14853.0,,,1777905022
All Pools,TRACTOR - USDT.e,0.3,False,0.00958,1.973,,0.44,1777905022
All Pools,Psychic - Hydrogen,0.3,False,0.00951,81.87,,0.01,1777905022
All Pools,Psychic - Mirror,0.3,False,0.00949,60.41,,0.01,1777905022
All Pools,APOW - MU,0.3,False,0.00934,3.468,,0.25,1777905022
All Pools,aDXN - aXEN,0.3,False,0.00934,0.62065,,1.37,1777905022
All Pools,wsOHM - OTWO,0.3,False,0.00919,3.639,,0.23,1777905022
All Pools,gOHM - OTWO,0.3,False,0.0091,88389.0,,,1777905022
All Pools,AVAX - VYBE,0.3,False,0.00904,3.265,,0.25,1777905022
All Pools,MIM - VYBE,0.3,False,0.00903,3.733,,0.22,1777905022
All Pools,KIMBO - GAINS,0.3,False,0.00898,1.35,,0.61,1777905022
All Pools,MU - SOL,0.3,False,0.0089,1.323,,0.61,1777905022
All Pools,AVAX - TUSK,0.3,False,0.0088,2.485,,0.32,1777905022
All Pools,USDC.e - TUSK,0.3,False,0.00879,9.727,,0.08,1777905022
All Pools,AUSD - HUSKY,0.3,False,0.00872,0.7592,,1.05,1777905022
All Pools,Trinity - FourFourFour,0.3,False,0.00864,4.971,,0.16,1777905022
All Pools,USDC.e - BAVA,0.3,False,0.00858,2.946,,0.27,1777905022
All Pools,COQ - SNP,0.3,False,0.00855,26.58,,0.03,1777905022
All Pools,SYN - USDC.e,0.3,False,0.00854,1.226,,0.64,1777905022
All Pools,SNP - AVAX,0.3,False,0.00853,11.57,,0.07,1777905022
All Pools,GAINS - MEAT,0.3,False,0.00853,0.98514,,0.79,1777905022
All Pools,AVAX - HOST,0.3,False,0.00845,1.94,,0.4,1777905022
All Pools,KOVIN - MU,0.3,False,0.00822,3.044,,0.25,1777905022
All Pools,XPOW - AVAX,0.3,False,0.00818,119.08,,0.01,1777905022
All Pools,XPOW - USDt,0.3,False,0.00817,1.395,,0.53,1777905022
All Pools,BENIS - AVAX,0.3,False,0.00811,15.54,,0.05,1777905022
All Pools,HOST - DAI.e,0.3,False,0.00808,2.995,,0.25,1777905022
All Pools,Psychic - Oracle,0.3,False,0.00791,60.45,,0.01,1777905022
All Pools,AAVE.e - USDC.e,0.3,False,0.00789,1.255,,0.57,1777905022
All Pools,AI9000 - AVAX,0.3,False,0.00782,303.06,,0.0,1777905022
All Pools,Psychic - Penny,0.3,False,0.00771,60.45,,0.01,1777905022
All Pools,JOE - REDWOLF,0.3,False,0.0077,3.964,,0.18,1777905022
All Pools,AprilFoolsDay - AVAX,0.3,False,0.00768,103.71,,0.01,1777905022
All Pools,Trinity - AprilFoolsDay,0.3,False,0.00767,6.216,,0.11,1777905022
All Pools,AVAX - AXIAL,0.3,False,0.00764,1034.77,,,1777905022
All Pools,LUNA - USDt,0.3,False,0.00763,1.329,,0.52,1777905022
All Pools,AKA - AVAX,0.3,False,0.00754,2.26,,0.3,1777905022
All Pools,AKA - USDt,0.3,False,0.00754,2.924,,0.24,1777905022
All Pools,Psychic - Verse,0.3,False,0.00752,60.42,,0.01,1777905022
All Pools,Psychic - Gematria,0.3,False,0.00744,60.45,,0.01,1777905022
All Pools,COQ - ARENA,0.3,False,0.00736,1.235,,0.54,1777905022
All Pools,ACS - USDt,0.3,False,0.00732,0.97435,,0.69,1777905022
All Pools,WITCH - AVAX,0.3,False,0.00728,2.761,,0.24,1777905022
All Pools,WITCH - USDC,0.3,False,0.00728,1.718,,0.39,1777905022
All Pools,ChristMark - ChristIAmYou,0.3,False,0.00723,26.53,,0.02,1777905022
All Pools,Psychic - OneOneOne,0.3,False,0.00718,60.44,,0.01,1777905022
All Pools,Psychic - Architect,0.3,False,0.00716,60.45,,0.01,1777905022
All Pools,Psychic - daVinci,0.3,False,0.00714,60.44,,0.01,1777905022
All Pools,Psychic - Gematria,0.3,False,0.00713,60.45,,0.01,1777905022
All Pools,Psychic - RefZip,0.3,False,0.00712,60.44,,0.01,1777905022
All Pools,JOE - aXEN,0.3,False,0.00711,0.24026,,2.7,1777905022
All Pools,Psychic - Finish,0.3,False,0.00711,60.41,,0.01,1777905022
All Pools,Psychic - Qubit,0.3,False,0.0071,60.41,,0.01,1777905022
All Pools,Psychic - Blessings,0.3,False,0.00708,60.41,,0.01,1777905022
All Pools,Psychic - Solved,0.3,False,0.00708,60.45,,0.01,1777905022
All Pools,Psychic - IAmThatIAm,0.3,False,0.00706,60.45,,0.01,1777905022
All Pools,Psychic - Confusion,0.3,False,0.00705,60.45,,0.01,1777905022
All Pools,AVAX - GematrixDotOrg,0.3,False,0.00705,16.65,,0.04,1777905022
All Pools,Gravity - GematrixDotOrg,0.3,False,0.00703,13.01,,0.05,1777905022
All Pools,Psychic - TwinFlames,0.3,False,0.00703,61.13,,0.01,1777905022
All Pools,NotBrideOfChrist - AVAX,0.3,False,0.00702,69.2,,0.01,1777905022
All Pools,NotBrideOfChrist - SwiftTaylor,0.3,False,0.00701,52.12,,0.01,1777905022
All Pools,Psychic - TrumpCard,0.3,False,0.00699,60.46,,0.01,1777905022
All Pools,Choice - Psychic,0.3,False,0.00698,60.42,,0.01,1777905022
All Pools,Psychic - YouAndI,0.3,False,0.00694,60.44,,0.01,1777905022
All Pools,DCAR - AVAX,0.3,False,0.00689,1.094,,0.57,1777905022
All Pools,DCAR - USDC,0.3,False,0.00688,55.81,,0.01,1777905022
All Pools,Loyalty - Psychic,0.3,False,0.00686,60.41,,0.01,1777905022
All Pools,HOWDY - AVAX,0.3,False,0.00686,21091.0,,,1777905022
All Pools,STOMB - AVAX,0.3,False,0.00683,7912.4,,,1777905022
All Pools,Psychic - BiTonic,0.3,False,0.00681,60.45,,0.01,1777905022
All Pools,Psychic - TheArcher,0.3,False,0.00681,60.44,,0.01,1777905022
All Pools,MU - MUG,0.3,False,0.00679,2425.9,,,1777905022
All Pools,Psychic - Artemis,0.3,False,0.00678,60.39,,0.01,1777905022
All Pools,USDC - MU,0.3,False,0.00674,0.34163,,1.8,1777905022
All Pools,LYD - REDWOLF,0.3,False,0.00661,4.787,,0.13,1777905022
All Pools,Psychic - Six,0.3,False,0.00657,60.45,,0.01,1777905022
All Pools,GAINS - TECH,0.3,False,0.00654,0.61103,,0.98,1777905022
All Pools,Psychic - Nine,0.3,False,0.00654,60.42,,0.01,1777905022
All Pools,GAINS - DWC,0.3,False,0.00653,0.96911,,0.61,1777905022
All Pools,Psychic - ElmoSunkGematria,0.3,False,0.00652,60.46,,0.01,1777905022
All Pools,Spider - Psychic,0.3,False,0.0065,60.4,,0.01,1777905022
All Pools,Psychic - Zero,0.3,False,0.00648,60.42,,0.01,1777905022
All Pools,NXPC - USDC,0.3,False,0.00643,0.72041,,0.81,1777905022
All Pools,USV - AVAX,0.3,False,0.0064,1.151,,0.51,1777905022
All Pools,WBTC.e - USDC,0.3,False,0.00633,0.2093,,2.76,1777905022
All Pools,gOHM - USDT.e,0.3,False,0.00632,0.59515,,0.97,1777905022
All Pools,Psychic - Lock,0.3,False,0.00631,60.43,,0.01,1777905022
All Pools,MIM - SMRT,0.3,False,0.0063,1.655,,0.35,1777905022
All Pools,ABC - AMI,0.3,False,0.00629,3.914,,0.15,1777905022
All Pools,SNTA - MIM,0.3,False,0.00622,0.99615,,0.57,1777905022
All Pools,Psychic - KekiusMaximus,0.3,False,0.0062,60.45,,0.01,1777905022
All Pools,GAINS - BAWLS,0.3,False,0.00619,0.91703,,0.62,1777905022
All Pools,Psychic - SevenSevenSeven,0.3,False,0.00617,60.45,,0.01,1777905022
All Pools,BAWLS - AVAX,0.3,False,0.00617,16.41,,0.03,1777905022
All Pools,Psychic - BirthingCode,0.3,False,0.0061,60.45,,0.01,1777905022
All Pools,Flection - Psychic,0.3,False,0.00607,60.45,,0.01,1777905022
All Pools,Psychic - LordJesusChrist,0.3,False,0.00602,57.91,,0.01,1777905022
All Pools,Psychic - Diamonds,0.3,False,0.006,60.45,,0.01,1777905022
All Pools,Psychic - Numbers,0.3,False,0.00595,60.44,,0.01,1777905022
All Pools,SYN - REDWOLF,0.3,False,0.00594,2.624,,0.21,1777905022
All Pools,LUNA - USDC,0.3,False,0.00592,0.13263,,4.08,1777905022
All Pools,Psychic - Crypt,0.3,False,0.00591,60.4,,0.01,1777905022
All Pools,USDC - OK,0.3,False,0.0059,1.187,,0.45,1777905022
All Pools,Psychic - Luck,0.3,False,0.00589,60.45,,0.01,1777905022
All Pools,Psychic - Thick,0.3,False,0.00587,60.42,,0.01,1777905022
All Pools,Psychic - Bonfire,0.3,False,0.00587,60.44,,0.01,1777905022
All Pools,Psychic - PennyTrinity,0.3,False,0.00585,60.46,,0.01,1777905022
All Pools,AVAX - Gaza,0.3,False,0.0058,3.186,,0.17,1777905022
All Pools,TEDDY - AVAX,0.3,False,0.00579,16.79,,0.03,1777905022
All Pools,Psychic - [In]finity,0.3,False,0.00579,60.42,,0.01,1777905022
All Pools,Trinity - Gaza,0.3,False,0.00579,3.771,,0.14,1777905022
All Pools,Psychic - WhoWhoWho,0.3,False,0.00577,60.41,,0.01,1777905022
All Pools,Psychic - Alphabet,0.3,False,0.00568,60.46,,0.01,1777905022
All Pools,WETH.e - JOE,0.3,False,0.00567,0.03763,,13.74,1777905022
All Pools,SatoshiNakamoto - Psychic,0.3,False,0.00566,60.45,,0.01,1777905022
All Pools,Psychic - Sequence,0.3,False,0.00564,60.45,,0.01,1777905022
All Pools,AVAI - USDC.e,0.3,False,0.00561,33.39,,0.02,1777905022
All Pools,MIM - SDOG,0.3,False,0.00561,316.7,,0.0,1777905022
All Pools,AVAX - WINE,0.3,False,0.0056,0.66509,,0.77,1777905022
All Pools,KIMBO - KOVIN,0.3,False,0.00559,5.269,,0.1,1777905022
All Pools,USDC.e - SMRT,0.3,False,0.00554,2.197,,0.23,1777905022
All Pools,DWC - MU,0.3,False,0.00554,3.446,,0.15,1777905022
All Pools,Psychic - Codes,0.3,False,0.00554,60.45,,0.01,1777905022
All Pools,CATWIF - MU,0.3,False,0.00552,3.587,,0.14,1777905022
All Pools,Psychic - Partment,0.3,False,0.00548,60.43,,0.01,1777905022
All Pools,TEMPO - AVAX,0.3,False,0.00545,1.065,,0.47,1777905022
All Pools,MIM - TEMPO,0.3,False,0.00544,6.677,,0.07,1777905022
All Pools,AVAX - WISE,0.3,False,0.00544,2.806,,0.18,1777905022
All Pools,USDC.e - WISE,0.3,False,0.00543,7.139,,0.07,1777905022
All Pools,GAINS - KONG,0.3,False,0.00542,0.75601,,0.65,1777905022
All Pools,WETH.e - BTCBR,0.3,False,0.00538,0.06093,,8.06,1777905022
All Pools,Eye - Psychic,0.3,False,0.00532,60.45,,0.01,1777905022
All Pools,Hollywood - Ouroboros,0.3,False,0.00531,13.04,,0.04,1777905022
All Pools,3ULL - USDC,0.3,False,0.00529,0.65091,,0.74,1777905022
All Pools,Psychic - Line,0.3,False,0.00524,61.2,,0.01,1777905022
All Pools,Psychic - Who,0.3,False,0.00522,60.45,,0.01,1777905022
All Pools,MEOW - MU,0.3,False,0.00521,1.551,,0.31,1777905022
All Pools,FiveTwelveThirteen - AVAX,0.3,False,0.00521,5.192,,0.09,1777905022
All Pools,ElkeNevusRome - AVAX,0.3,False,0.00521,13.02,,0.04,1777905022
All Pools,COQ - MICRO,0.3,False,0.0052,3.757,,0.13,1777905022
All Pools,ElkeNevusRome - Gravity,0.3,False,0.00519,4.957,,0.1,1777905022
All Pools,FiveTwelveThirteen - Gravity,0.3,False,0.00519,6.882,,0.07,1777905022
All Pools,ETHM - AVAX,0.3,False,0.00518,27.27,,0.02,1777905022
All Pools,AVAX - MICRO,0.3,False,0.00518,23.78,,0.02,1777905022
All Pools,USDC - LODE,0.3,False,0.00513,880.33,,,1777905022
All Pools,Psychic - Ups,0.3,False,0.00509,60.45,,0.01,1777905022
All Pools,WLRS - USDC,0.3,False,0.00501,4.01,,0.11,1777905022
All Pools,WINK - AMI,0.3,False,0.00499,0.10757,,4.23,1777905022
All Pools,GURS - ARENA,0.3,False,0.0049,7.389,,0.06,1777905022
All Pools,TrueLove - AVAX,0.3,False,0.0048,12.88,,0.03,1777905022
All Pools,TrueLove - Gravity,0.3,False,0.00479,4.902,,0.09,1777905022
All Pools,GMX - JOE,0.3,False,0.00472,0.42125,,1.02,1777905022
All Pools,BEAM - MU,0.3,False,0.0047,1.072,,0.4,1777905022
All Pools,AI9000 - USDt,0.3,False,0.00469,0.90161,,0.47,1777905022
All Pools,RGOGLZ - AVAX,0.3,False,0.00464,4.087,,0.1,1777905022
All Pools,JPYC - AVAX,0.3,False,0.00461,0.27537,,1.53,1777905022
All Pools,AMI - MU,0.3,False,0.00453,1.695,,0.24,1777905022
All Pools,ETHM - DAI.e,0.3,False,0.00447,0.67411,,0.6,1777905022
All Pools,KR - AVAX,0.3,False,0.00442,1.699,,0.24,1777905022
All Pools,GMX - USDt,0.3,False,0.00441,0.37328,,1.08,1777905022
All Pools,KR - USDC.e,0.3,False,0.0044,11.48,,0.04,1777905022
All Pools,REDWOLF - GEC,0.3,False,0.00431,3.963,,0.1,1777905022
All Pools,TT - DAI.e,0.3,False,0.0043,1.916,,0.2,1777905022
All Pools,GAINS - KOVIN,0.3,False,0.0042,0.64104,,0.6,1777905022
All Pools,Psychic - Number,0.3,False,0.00419,60.46,,0.01,1777905022
All Pools,Psychic - Vampire,0.3,False,0.00418,60.45,,0.01,1777905022
All Pools,AAVE.e - meGNX,0.3,False,0.00417,4.034,,0.09,1777905022
All Pools,Psychic - Aquarius,0.3,False,0.00417,60.42,,0.01,1777905022
All Pools,SYN - USDT.e,0.3,False,0.00399,0.65563,,0.56,1777905022
All Pools,Psychic - TrueStory,0.3,False,0.00397,60.45,,0.01,1777905022
All Pools,AVAX - PAR,0.3,False,0.00396,2.389,,0.15,1777905022
All Pools,MIM - PAR,0.3,False,0.00395,1.922,,0.19,1777905022
All Pools,Lightworker - AVAX,0.3,False,0.00395,2.735,,0.13,1777905022
All Pools,GRAPE - AVAX,0.3,False,0.00394,0.87907,,0.41,1777905022
All Pools,Gravity - Lightworker,0.3,False,0.00394,53.4,,0.01,1777905022
All Pools,Evergreen - AVAX,0.3,False,0.00393,25.28,,0.01,1777905022
All Pools,Evergreen - Gravity,0.3,False,0.00392,4.769,,0.07,1777905022
All Pools,Psychic - Seminole,0.3,False,0.00389,60.41,,0.01,1777905022
All Pools,YEEHAW - ARENA,0.3,False,0.00389,2.341,,0.15,1777905022
All Pools,- AMI,0.3,False,0.00388,13.19,,0.03,1777905022
All Pools,Psychic - PoPo,0.3,False,0.00386,60.45,,0.01,1777905022
All Pools,Psychic - James,0.3,False,0.00382,60.46,,0.01,1777905022
All Pools,RUGPULL - AVAX,0.3,False,0.00381,2.957,,0.12,1777905022
All Pools,Psychic - FinityFinity,0.3,False,0.0038,60.46,,0.01,1777905022
All Pools,gOHM - USDC.e,0.3,False,0.00379,0.30302,,1.14,1777905022
All Pools,EHCNALAVA - AVAX,0.3,False,0.00379,1506.96,,,1777905022
All Pools,COQ - ZUM,0.3,False,0.00379,1.121,,0.31,1777905022
All Pools,KIMBO - EHCNALAVA,0.3,False,0.00379,2.831,,0.12,1777905022
All Pools,SaintGermain - BLACK,0.3,False,0.00376,2.52,,0.14,1777905022
All Pools,SYN - WETH.e,0.3,False,0.00373,0.68019,,0.5,1777905022
All Pools,Psychic - QuetzalCoatl,0.3,False,0.00373,60.45,,0.01,1777905022
All Pools,Trinity - IfYouKnowYouKnow,0.3,False,0.00371,5.027,,0.07,1777905022
All Pools,KIMBO - COQ,0.3,False,0.00371,1.687,,0.2,1777905022
All Pools,WETH.e - meGNX,0.3,False,0.00367,6.647,,0.05,1777905022
All Pools,xJOE - AVAX,0.3,False,0.00365,2.79,,0.12,1777905022
All Pools,YETI - WINE,0.3,False,0.00362,1.45,,0.23,1777905022
All Pools,YETI - AVAX,0.3,False,0.00361,943.09,,,1777905022
All Pools,GATOR - AMI,0.3,False,0.00358,4.484,,0.07,1777905022
All Pools,SMRTr - USDT.e,0.3,False,0.00358,1.308,,0.25,1777905022
All Pools,Psychic - Checkmate,0.3,False,0.00351,60.59,,0.01,1777905022
All Pools,GG - AVAX,0.3,False,0.00347,0.15981,,1.98,1777905022
All Pools,Psychic - Equal,0.3,False,0.00347,60.45,,0.01,1777905022
All Pools,Psychic - Abracadabra,0.3,False,0.00345,60.43,,0.01,1777905022
All Pools,WETH.e - HOWDY,0.3,False,0.00344,1.051,,0.3,1777905022
All Pools,MIM - DUNEV3,0.3,False,0.00343,66822.0,,,1777905022
All Pools,BTCBR - USDC,0.3,False,0.00342,0.20325,,1.54,1777905022
All Pools,Psychic - PlotTwist,0.3,False,0.00341,61.8,,0.01,1777905022
All Pools,Psychic - WhoWho,0.3,False,0.00334,60.45,,0.01,1777905022
All Pools,MIM - ICE,0.3,False,0.0033,0.99938,,0.3,1777905022
All Pools,STG - JOE,0.3,False,0.00326,0.17039,,1.75,1777905022
All Pools,EGG - AVAX,0.3,False,0.00326,1.7,,0.17,1777905022
All Pools,Psychic - KatzJoel,0.3,False,0.00325,60.42,,0.0,1777905022
All Pools,EGG - USDT.e,0.3,False,0.00324,1.99,,0.15,1777905022
All Pools,USDt - USDC.e,0.3,False,0.00323,14.25,,0.02,1777905022
All Pools,ELXR - USDC.e,0.3,False,0.00321,1096.58,,,1777905022
All Pools,Psychic - Hexagon,0.3,False,0.00318,60.45,,0.0,1777905022
All Pools,WBTC.e - MU,0.3,False,0.00312,0.71877,,0.4,1777905022
All Pools,AI9000 - MU,0.3,False,0.00312,1.269,,0.22,1777905022
All Pools,CRAFT - USDC.e,0.3,False,0.00309,0.86846,,0.32,1777905022
All Pools,JOE - aDXN,0.3,False,0.00301,0.836,,0.33,1777905022
All Pools,CATWIF - REDWOLF,0.3,False,0.00299,0.97274,,0.28,1777905022
All Pools,EagleToken - AVAX,0.3,False,0.00293,2.117,,0.13,1777905022
All Pools,EagleToken - USDC.e,0.3,False,0.00292,2.219,,0.12,1777905022
All Pools,AVXT - AVAX,0.3,False,0.00291,52.66,,0.01,1777905022
All Pools,BUSD - USDT.e,0.3,False,0.00289,0.07845,,3.36,1777905022
All Pools,ValentinMidwifes - AVAX,0.3,False,0.00282,2.379,,0.11,1777905022
All Pools,GURS - HOWDY,0.3,False,0.00278,1.861,,0.14,1777905022
All Pools,USDC - TT,0.3,False,0.00276,2.002,,0.13,1777905022
All Pools,UST - WINE,0.3,False,0.00274,0.8821,,0.28,1777905022
All Pools,MU - KET,0.3,False,0.00269,1.318,,0.19,1777905022
All Pools,AVAX - SAGE,0.3,False,0.00265,0.89036,,0.27,1777905022
All Pools,USDC.e - SAGE,0.3,False,0.00264,2.182,,0.11,1777905022
All Pools,TEDDY - USDC,0.3,False,0.00263,0.42741,,0.56,1777905022
All Pools,PNG - USDT.e,0.3,False,0.00259,0.88942,,0.27,1777905022
All Pools,BLUB - AVAX,0.0,False,0.00257,47.78,0.0,0.0,1777905022
All Pools,DREGG - USDC.e,0.3,False,0.00253,3.057,,0.08,1777905022
All Pools,AVAX - CAKE,0.3,False,0.00249,0.72083,,0.31,1777905022
All Pools,USDT.e - CAKE,0.3,False,0.00248,48.64,,0.0,1777905022
All Pools,YAK - USDT.e,0.3,False,0.00247,0.55578,,0.41,1777905022
All Pools,KIMBO - UNIQOC,0.3,False,0.00246,0.72709,,0.31,1777905022
All Pools,ARENA - JUICY,0.3,False,0.00245,0.0337,,6.64,1777905022
All Pools,UNIQOC - MAJIN,0.3,False,0.00243,0.25522,,0.87,1777905022
All Pools,BTC.b - MUG,0.3,False,0.00241,0.89617,,0.25,1777905022
All Pools,AVAX - WARP,0.3,False,0.0024,1.477,,0.15,1777905022
All Pools,EUROS - AVAX,0.3,False,0.00236,1.189,,0.18,1777905022
All Pools,MAXI - AVAX,0.3,False,0.00227,0.78538,,0.26,1777905022
All Pools,Psychic - Self,0.3,False,0.00222,62.43,,0.0,1777905022
All Pools,LINK.e - MUG,0.3,False,0.00222,0.25199,,0.8,1777905022
All Pools,YEEHAW - HIGHER,0.3,False,0.00219,0.44741,,0.45,1777905022
All Pools,COQ - COFI,0.3,False,0.00217,1.859,,0.11,1777905022
All Pools,AVAX - COFI,0.3,False,0.00217,614.03,,,1777905022
All Pools,KIMBO - AMI,0.3,False,0.00213,4.273,,0.05,1777905022
All Pools,sAVAX - USDC,0.3,False,0.00205,0.532,,0.35,1777905022
All Pools,XPOW - USDC,0.3,False,0.00202,0.03842,,4.81,1777905022
All Pools,TT - USDT.e,0.3,False,0.00202,2.004,,0.09,1777905022
All Pools,USDt - TT,0.3,False,0.00201,2.01,,0.09,1777905022
All Pools,aAvaWAVAX - AVAX,0.3,False,0.00195,0.25828,,0.69,1777905022
All Pools,USDC.e - CHAM,0.3,False,0.00195,0.82572,,0.22,1777905022
All Pools,GATOR - ARENA,0.3,False,0.00195,1.97,,0.09,1777905022
All Pools,XPOW - USDt,0.3,False,0.00195,0.03466,,5.13,1777905022
All Pools,BEE - AVAX,0.3,False,0.00192,0.80547,,0.22,1777905022
All Pools,BEE - USDT.e,0.3,False,0.00192,32.4,,0.01,1777905022
All Pools,Gravity - NaughtiusMaximus,0.3,False,0.0019,5.068,,0.03,1777905022
All Pools,CRAFT - AVAX,0.3,False,0.00189,408.27,,,1777905022
All Pools,LIRA - BUSD,0.3,False,0.00184,0.08265,,2.03,1777905022
All Pools,TECH - REDWOLF,0.3,False,0.00183,0.85593,,0.2,1777905022
All Pools,GGP - JUICY,0.3,False,0.0018,0.03429,,4.79,1777905022
All Pools,YAK - JOE,0.3,False,0.00178,1.237,,0.13,1777905022
All Pools,toi - AVAX,0.3,False,0.00178,0.93922,,0.17,1777905022
All Pools,MIM - toi,0.3,False,0.00178,3.442,,0.05,1777905022
All Pools,AVAX - DREX,0.3,False,0.00177,0.59797,,0.27,1777905022
All Pools,MIM - WINE,0.3,False,0.00177,3086.08,,,1777905022
All Pools,MIM - DREX,0.3,False,0.00176,37.59,,0.0,1777905022
All Pools,GAINS - Always,0.3,False,0.00174,0.10539,,1.51,1777905022
All Pools,JOE - CRA,0.3,False,0.00173,10.98,,0.01,1777905022
All Pools,WETH.e - LINK.e,0.3,False,0.00172,0.14965,,1.05,1777905022
All Pools,MM - USDC.e,0.3,False,0.00168,0.60108,,0.25,1777905022
All Pools,HERESY - MEOW,0.3,False,0.00167,0.27698,,0.55,1777905022
All Pools,JOE - USDR,0.3,False,0.00167,0.72383,,0.21,1777905022
All Pools,LIFE - AVAX,0.3,False,0.00162,1.341,,0.11,1777905022
All Pools,MIM - LIFE,0.3,False,0.00162,0.9435,,0.16,1777905022
All Pools,AMI - EROL,0.3,False,0.0016,0.67499,,0.22,1777905022
All Pools,BTC.b - IMPACT,0.3,False,0.00158,0.6284,,0.23,1777905022
All Pools,AVAX - sSB,0.3,False,0.00156,0.50397,,0.28,1777905022
All Pools,AVAX - MTB,0.3,False,0.00156,0.95953,,0.15,1777905022
All Pools,REDEEMER - AMI,0.3,False,0.00156,0.01447,,9.81,1777905022
All Pools,USDC.e - sSB,0.3,False,0.00155,838.15,,,1777905022
All Pools,MIM - MTB,0.3,False,0.00155,2.215,,0.06,1777905022
All Pools,AVAX - RUG,0.3,False,0.00155,0.53084,,0.27,1777905022
All Pools,Always - KONG,0.3,False,0.00151,0.04356,,3.17,1777905022
All Pools,AVAX - ICE,0.3,False,0.00151,150.83,,,1777905022
All Pools,AVAX - NXUSD,0.3,False,0.0015,0.49104,,0.28,1777905022
All Pools,USDC.e - NXUSD,0.3,False,0.00149,1.661,,0.08,1777905022
All Pools,USDC.e - WARP,0.3,False,0.00149,0.8645,,0.16,1777905022
All Pools,MUMO - AVAX,0.3,False,0.00148,0.17992,,0.75,1777905022
All Pools,DB - AVAX,0.3,False,0.0014,2.207,,0.06,1777905022
All Pools,MIM - YAK,0.3,False,0.0014,0.43025,,0.3,1777905022
All Pools,MIM - DB,0.3,False,0.0014,0.67095,,0.19,1777905022
All Pools,WETH.e - ETHM,0.3,False,0.00138,0.50085,,0.25,1777905022
All Pools,ETHM - USDC.e,0.3,False,0.00138,0.47835,,0.26,1777905022
All Pools,USDt - APOW,0.3,False,0.00137,0.15504,,0.8,1777905022
All Pools,STICK - AMI,0.3,False,0.00136,0.31007,,0.4,1777905022
All Pools,CANS - AMI,0.3,False,0.00135,0.22727,,0.54,1777905022
All Pools,SLUSH - AVAX,0.3,False,0.00134,0.701,,0.17,1777905022
All Pools,SLUSH - USDT.e,0.3,False,0.00133,1.326,,0.09,1777905022
All Pools,MEAT - MU,0.3,False,0.00131,0.49715,,0.24,1777905022
All Pools,HUSKY - SNOWY,0.3,False,0.00131,0.4349,,0.27,1777905022
All Pools,QI - SNOWY,0.3,False,0.0013,0.80107,,0.15,1777905022
All Pools,LYD - AVAX,0.3,False,0.00129,0.81924,,0.14,1777905022
All Pools,KANA - AVAX,0.3,False,0.00127,1135.28,,,1777905022
All Pools,Naughty - HIGHER,0.3,False,0.00127,0.44453,,0.26,1777905022
All Pools,KANA - USDC,0.3,False,0.00127,0.51195,,0.23,1777905022
All Pools,Trinity - IngersollLockwood,0.3,False,0.00127,1.125,,0.1,1777905022
All Pools,ALPHAZERO - USDT.e,0.3,False,0.00127,2.165,,0.05,1777905022
All Pools,Naughty - AVAX,0.3,False,0.00126,238.04,,,1777905022
All Pools,MAJIN - AMI,0.3,False,0.00124,0.15519,,0.73,1777905022
All Pools,CRA - USDC.e,0.3,False,0.00123,0.56214,,0.2,1777905022
All Pools,MUME - USDC,0.3,False,0.00123,0.08483,,1.32,1777905022
All Pools,ABOB - AVAX,0.3,False,0.00122,829.66,,,1777905022
All Pools,aAvaWAVAX - meGNX,0.3,False,0.0012,4.015,,0.03,1777905022
All Pools,COQ - HOWDY,0.3,False,0.00119,0.5638,,0.19,1777905022
All Pools,HUSKY - aXEN,0.3,False,0.00118,0.07199,,1.5,1777905022
All Pools,NOCHILL - ABOB,0.3,False,0.00117,0.0214,,5.0,1777905022
All Pools,tst1 - AVAX,0.3,False,0.00117,0.57904,,0.18,1777905022
All Pools,tst1 - USDT.e,0.3,False,0.00117,2.702,,0.04,1777905022
All Pools,weETH - AVAX,0.3,False,0.00117,0.38726,,0.27,1777905022
All Pools,HOOP - ROCO,0.3,False,0.00116,0.14593,,0.72,1777905022
All Pools,QI - USDC,0.3,False,0.00114,0.08843,,1.18,1777905022
All Pools,SUB - AVAX,0.3,False,0.00113,0.50771,,0.2,1777905022
All Pools,SUB - USDC,0.3,False,0.00113,69.79,,0.0,1777905022
All Pools,GRAPE - WINE,0.3,False,0.00111,7.615,,0.01,1777905022
All Pools,POPS - AVAX,0.3,False,0.00111,0.11804,,0.86,1777905022
All Pools,AUX - AVAX,0.3,False,0.00109,0.39315,,0.25,1777905022
All Pools,TIME - SPELL,0.3,False,0.00109,0.82657,,0.12,1777905022
All Pools,AUX - USDC,0.3,False,0.00109,688.53,,,1777905022
All Pools,AVAX - SYMBIOT,0.3,False,0.00107,0.32306,,0.3,1777905022
All Pools,NUG - AVAX,0.3,False,0.00105,0.38212,,0.25,1777905022
All Pools,SLOT - AVAX,0.3,False,0.00105,3939.16,,,1777905022
All Pools,NUG - USDC,0.3,False,0.00105,2.375,,0.04,1777905022
All Pools,SLOT - USDC.e,0.3,False,0.00105,0.48501,,0.2,1777905022
All Pools,LIRA - USDt,0.3,False,0.00103,0.07437,,1.27,1777905022
All Pools,DAI.e - SYMBIOT,0.3,False,0.00102,1.414,,0.07,1777905022
All Pools,xJOE - wsOHM,0.3,False,0.00101,0.54204,,0.17,1777905022
All Pools,WET - AVAX,0.3,False,0.001,16.89,,0.01,1777905022
All Pools,WET - USDT.e,0.3,False,,0.44313,,0.21,1777905022
All Pools,PB - AVAX,0.3,False,,0.48968,,0.19,1777905022
All Pools,PB - MIM,0.3,False,,39.83,,0.0,1777905022
All Pools,AVAX - FTEST,0.3,False,,0.39842,,0.23,1777905022
All Pools,USDT.e - FTEST,0.3,False,,1.317,,0.07,1777905022
All Pools,BRO - OSAK,0.3,False,,0.09111,,0.99,1777905022
All Pools,WETH - AVAX,0.3,False,,1.345,,0.07,1777905022
All Pools,SYMBIOT - AVAX,0.3,False,,1.444,,0.06,1777905022
All Pools,AVAX - AKITA,0.3,False,,2519.42,,,1777905022
All Pools,MIM - AKITA,0.3,False,,0.25494,,0.35,1777905022
All Pools,WETH.e - SPELL,0.3,False,,0.292,,0.29,1777905022
All Pools,SYMBIOT - DAI.e,0.3,False,,0.45875,,0.18,1777905022
All Pools,OH - USDC.e,0.3,False,,0.38872,,0.21,1777905022
All Pools,3ULL - USDT.e,0.3,False,,0.65135,,0.13,1777905022
All Pools,USDT.e - WARP,0.3,False,,0.90481,,0.09,1777905022
All Pools,UNI.e - AVAX,0.3,False,,0.0332,,2.46,1777905022
All Pools,ROCO - USDT.e,0.3,False,,0.08429,,0.96,1777905022
All Pools,ARABBIT - AVAX,0.3,False,,0.56589,,0.14,1777905022
All Pools,MIM - ARABBIT,0.3,False,,1.295,,0.06,1777905022
All Pools,JOE - AVE,0.3,False,,1.804,,0.04,1777905022
All Pools,SolarDAO - AVAX,0.3,False,,0.3981,,0.2,1777905022
All Pools,LAMA - AVAX,0.3,False,,11753.0,,,1777905022
All Pools,SolarDAO - USDT.e,0.3,False,,2.072,,0.04,1777905022
All Pools,SMOKA - AVAX,0.3,False,,0.54704,,0.14,1777905022
All Pools,MIM - SMOKA,0.3,False,,1.139,,0.07,1777905022
All Pools,USDC - DAI.e,0.3,False,,2.018,,0.04,1777905022
All Pools,LAMA - JUICY,0.3,False,,0.01591,,4.86,1777905022
All Pools,AVAX - PLEB,0.3,False,,0.27088,,0.28,1777905022
All Pools,MIM - PLEB,0.3,False,,54.01,,0.0,1777905022
All Pools,COQ - BMC,0.3,False,,0.09506,,0.79,1777905022
All Pools,YUSD - USDC,0.3,False,,23.01,,0.0,1777905022
All Pools,MUMO - MU,0.3,False,,0.60982,,0.12,1777905022
All Pools,AVAX - NUTS,0.3,False,,229.1,,,1777905022
All Pools,USDC - NUTS,0.3,False,,0.23179,,0.31,1777905022
All Pools,GAINS - MEOW,0.3,False,,0.21117,,0.34,1777905022
All Pools,BUSD - MU,0.3,False,,0.02582,,2.71,1777905022
All Pools,JEWEL - AVAX,0.3,False,,0.2211,,0.32,1777905022
All Pools,MIM - WBTC.e,0.3,False,,0.05624,,1.22,1777905022
All Pools,MUME - BUSD,0.3,False,,0.02851,,2.4,1777905022
All Pools,USDC.e - WET,0.3,False,,0.44429,,0.15,1777905022
All Pools,MU - GEC,0.3,False,,0.08923,,0.74,1777905022
All Pools,LUNA - UST,0.3,False,,0.07888,,0.84,1777905022
All Pools,USDC.e - XAVA,0.3,False,,0.35988,,0.18,1777905022
All Pools,AVAX - HOST,0.3,False,,0.14376,,0.46,1777905022
All Pools,DONK - AVAX,0.3,False,,30.67,,0.0,1777905022
All Pools,AVAX - RBEES,0.3,False,,0.69487,,0.09,1777905022
All Pools,USDC.e - RBEES,0.3,False,,0.4958,,0.13,1777905022
All Pools,DONK - NOCHILL,0.3,False,,0.01432,,4.43,1777905022
All Pools,DAI.e - HOST,0.3,False,,16.09,,0.0,1777905022
All Pools,CLAVIS - AVAX,0.3,False,,0.13343,,0.46,1777905022
All Pools,MIM - CLAVIS,0.3,False,,120.26,,,1777905022
All Pools,DMD - AVAX,0.3,False,,26.36,,0.0,1777905022
All Pools,FAR - AVAX,0.3,False,,0.45504,,0.13,1777905022
All Pools,FAR - USDC.e,0.3,False,,0.14993,,0.39,1777905022
All Pools,RENT - JOE,0.3,False,,3.597,,0.02,1777905022
All Pools,gOHM - WETH.e,0.3,False,,0.04823,,1.21,1777905022
All Pools,RENT - USDT.e,0.3,False,,0.18703,,0.31,1777905022
All Pools,MIM - ICY,0.3,False,,17.19,,0.0,1777905022
All Pools,DMD - DAI.e,0.3,False,,0.12977,,0.45,1777905022
All Pools,ENGLISH - AVAX,0.3,False,,0.23557,,0.24,1777905022
All Pools,STICK - MU,0.3,False,,0.1435,,0.4,1777905022
All Pools,LINK.e - SPELL,0.3,False,,0.17475,,0.33,1777905022
All Pools,AVAX - BANKSY V2,0.3,False,,0.33405,,0.16,1777905022
All Pools,USDT.e - BANKSY V2,0.3,False,,0.92107,,0.06,1777905022
All Pools,SNOW - AVAX,0.3,False,,0.19546,,0.27,1777905022
All Pools,WETH.e - MUMO,0.3,False,,0.22794,,0.23,1777905022
All Pools,MIM - SNOW,0.3,False,,0.64583,,0.08,1777905022
All Pools,LEXIP - AVAX,0.3,False,,0.42508,,0.12,1777905022
All Pools,MUMO - USDC.e,0.3,False,,0.13191,,0.39,1777905022
All Pools,MIM - LEXIP,0.3,False,,0.23829,,0.22,1777905022
All Pools,SN - AVAX,0.3,False,,0.12332,,0.4,1777905022
All Pools,MIM - SN,0.3,False,,100.7,,,1777905022
All Pools,WETH - MU,0.3,False,,0.09347,,0.53,1777905022
All Pools,AVAX - BANKSY,0.3,False,,0.22863,,0.21,1777905022
All Pools,BANKSY - AVAX,0.3,False,,0.1913,,0.26,1777905022
All Pools,USDC.e - BANKSY,0.3,False,,0.69128,,0.07,1777905022
All Pools,BANKSY - USDT.e,0.3,False,,0.68129,,0.07,1777905022
All Pools,WOLF - USDt,0.3,False,,0.10941,,0.44,1777905022
All Pools,ETHM - LINK.e,0.3,False,,0.11015,,0.42,1777905022
All Pools,xAVAX - AVAX,0.3,False,,0.73061,,0.06,1777905022
All Pools,xAVAX - USDC,0.3,False,,0.24587,,0.18,1777905022
All Pools,MUME - USDC.e,0.3,False,,0.5561,,0.08,1777905022
All Pools,KIMBO - MU,0.3,False,,0.09894,,0.46,1777905022
All Pools,BNB - MU,0.3,False,,0.08668,,0.52,1777905022
All Pools,DAI.e - PEFI,0.3,False,,0.13232,,0.33,1777905022
All Pools,SB - DAI.e,0.3,False,,0.12837,,0.33,1777905022
All Pools,ONION - CORN,0.3,False,,34.27,,,1777905022
All Pools,AUSD - USDC,0.01,False,14604996.0,4181046.0,1460.58,12.75,1777908621
All Pools,AUSD - USDt,0.01,False,14462707.0,3414884.0,1446.35,15.46,1777908621
All Pools,AVAX - USDC,0.05,False,8315425.0,3929576.0,4425.23,41.1,1777908621
All Pools,USDC.e - O3,0.3,False,656170.0,343742444.0,1640.43,0.17,1777908621
All Pools,BTC.b - USDC,0.05,False,474114.0,812569.0,248.97,11.18,1777908621
All Pools,USDt - USDC,0.005,False,186655.0,694569.0,13.17,0.69,1777908621
All Pools,AVAX - USDC,0.2,False,125942.0,206541.0,255.32,45.12,1777908621
All Pools,sAVAX - AVAX,0.01,False,84446.0,189008.0,8.598,1.66,1777908621
All Pools,GUN - AVAX,0.25,False,50630.0,127194.0,130.52,37.46,1777908621
All Pools,XAUt0 - USDt,0.04,False,43436.0,38005.0,19.87,19.09,1777908621
All Pools,GUN - AVAX,0.1,False,42375.0,40186.0,45.26,41.11,1777908621
All Pools,AVAX - BTC.b,0.05,False,42023.0,587327.0,22.25,1.38,1777908621
All Pools,ARENA - AVAX,0.01,False,40595.0,178658.0,4.056,0.83,1777908621
All Pools,DAI.e - USDC,0.02,False,36628.0,31043.0,9.353,11.0,1777908621
All Pools,USDT.e - USDC,0.02,False,32243.0,48838.0,6.504,4.86,1777908621
All Pools,NXPC - AVAX,0.3,False,30042.0,239418.0,75.11,11.45,1777908621
All Pools,AVAX - USDt,0.2,False,28419.0,131644.0,57.43,15.92,1777908621
All Pools,USDC - XAVA,0.3,False,28085.0,611673.0,70.21,4.19,1777908621
All Pools,USDT.e - USDt,0.02,False,23873.0,44242.0,4.801,3.96,1777908621
All Pools,AVAX - USDT.e,0.3,False,22486.0,551148.0,56.22,3.72,1777908621
All Pools,AVAX - USDC,0.3,False,19408.0,405764.0,48.52,4.36,1777908621
All Pools,MIM - AVAX,0.3,False,19314.0,560522.0,48.28,3.14,1777908621
All Pools,USDC.e - AVAX,0.3,False,16763.0,428649.0,41.91,3.57,1777908621
All Pools,USDt - USDC,0.01,False,14707.0,181625.0,1.178,0.24,1777908621
All Pools,FOLKS - AVAX,0.25,False,14223.0,34614.0,36.36,38.34,1777908621
All Pools,COQ - AVAX,0.3,False,12261.0,612206.0,30.65,1.83,1777908621
All Pools,QI - AVAX,0.3,False,12205.0,243755.0,30.51,4.57,1777908621
All Pools,WBTC.e - BTC.b,0.03,False,10318.0,334523.0,3.184,0.35,1777908621
All Pools,JOE - AVAX,0.3,False,10258.0,522221.0,25.64,1.79,1777908621
All Pools,JOE - USDC.e,0.3,False,9514.63,337149.0,23.79,2.58,1777908621
All Pools,NOCHILL - AVAX,0.3,False,7113.64,83290.0,17.78,7.79,1777908621
All Pools,USDT.e - USDC,0.02,False,6031.28,885.49,0.65097,26.83,1777908621
All Pools,EURC - USDC,0.03,False,4954.06,13100.0,1.523,4.24,1777908621
All Pools,ORNG - AVAX,0.3,False,4626.0,27654.0,11.56,15.26,1777908621
All Pools,WBTC - BTC.b,0.03,False,4463.45,83109.0,1.353,0.59,1777908621
All Pools,SolvBTC - BTC.b,0.04,False,4075.41,256809.0,2.052,0.29,1777908621
All Pools,DAI.e - USDC,0.02,False,4064.55,2546.06,1.089,15.62,1777908621
All Pools,JPYC - USDC,0.04,False,3618.58,4472.56,1.803,14.71,1777908621
All Pools,FLD - AVAX,0.3,False,3176.41,51667.0,7.941,5.61,1777908621
All Pools,WETH.e - AVAX,0.3,False,2554.12,496878.0,6.385,0.47,1777908621
All Pools,AUSD - AVAX,0.1,False,2360.92,39877.0,2.456,2.25,1777908621
All Pools,HEFE - AVAX,0.3,False,2292.44,21571.0,5.731,9.7,1777908621
All Pools,BEAM - USDC,0.3,False,2238.7,72257.0,5.597,2.83,1777908621
All Pools,USDt - AVAX,0.3,False,2211.41,45027.0,5.529,4.48,1777908621
All Pools,BEAM - AVAX,0.25,False,2176.14,20403.0,5.477,9.8,1777908621
All Pools,LINK.e - AVAX,0.3,False,2167.4,49112.0,5.418,4.03,1777908621
All Pools,WBTC.e - AVAX,0.3,False,2165.74,172351.0,5.414,1.15,1777908621
All Pools,AVAX - avUSD,0.25,False,2150.59,2354.2,5.409,83.86,1777908621
All Pools,JOE - USDT.e,0.3,False,2117.65,67611.0,5.294,2.86,1777908621
All Pools,XAVA - AVAX,0.8,False,2112.99,228966.0,16.99,2.71,1777908621
All Pools,gOHM - AVAX,0.3,False,1948.92,136893.0,4.872,1.3,1777908621
All Pools,BTC.b - AVAX,0.3,False,1826.78,142257.0,4.567,1.17,1777908621
All Pools,ALOT - AVAX,0.3,False,1722.55,227914.0,4.306,0.69,1777908621
All Pools,AAVE.e - AVAX,0.3,False,1685.14,300976.0,4.213,0.51,1777908621
All Pools,BEAM - AVAX,0.3,False,1678.06,93831.0,4.195,1.63,1777908621
All Pools,XAVA - AVAX,0.25,False,1589.14,3208.1,4.149,47.2,1777908621
All Pools,JOE - USDC,0.3,False,1445.9,40260.0,3.615,3.28,1777908621
All Pools,AVAX - DAI.e,0.3,False,1420.0,34070.0,3.55,3.8,1777908621
All Pools,ZRO - AVAX,0.25,False,1411.16,2286.24,11.45,182.75,1777908621
All Pools,HUNDRED - USDC,0.3,False,1396.14,519461.0,3.49,0.25,1777908621
All Pools,USDt - USDC,0.02,False,1298.94,2233.34,0.28788,4.7,1777908621
All Pools,AVAX - JUICE,0.3,False,1138.57,15902.0,2.846,6.53,1777908621
All Pools,SIERRA - USDC,0.1,False,1040.41,40212.0,1.041,0.94,1777908621
All Pools,LCPEDU - USDt,0.8,False,1002.83,9626335.0,16.08,0.06,1777908621
All Pools,AVAX - ALVA,0.3,False,960.71,1305.39,2.402,67.16,1777908621
All Pools,WETH.e - USDC,0.15,False,902.25,10055.0,1.378,5.0,1777908621
All Pools,w3ULL - AVAX,0.3,False,780.02,65014.0,1.95,1.09,1777908621
All Pools,SOL - AVAX,0.3,False,730.22,435072.0,1.826,0.15,1777908621
All Pools,SHRAP - AVAX,0.8,False,713.2,12986.0,6.465,18.17,1777908621
All Pools,AVAX - XAVA,0.3,False,562.59,15947.0,1.406,3.22,1777908621
All Pools,GMX - AVAX,0.3,False,484.29,4961.45,1.211,8.91,1777908621
All Pools,XSEED - AVAX,0.3,False,475.04,12778.0,1.188,3.39,1777908621
All Pools,JOE - AVAX,0.25,False,444.11,10864.0,1.118,3.76,1777908621
All Pools,AARB - AVAX,0.3,False,439.33,0.18177,1.098,220549.14,1777908621
All Pools,ARC - AVAX,0.3,False,439.02,0.1817,1.098,220470.59,1777908621
All Pools,AVAX - UST,0.3,False,377.45,9089.31,0.94362,3.79,1777908621
All Pools,UST - AVAX,0.3,False,314.12,7846.92,0.78529,3.65,1777908621
All Pools,MUON - AVAX,0.3,False,313.36,47049.0,0.78341,0.61,1777908621
All Pools,WETH.e - USDC.e,0.3,False,308.78,12350.0,0.77194,2.28,1777908621
All Pools,sAVAX - AVAX,0.3,False,290.69,241251.0,0.72672,0.11,1777908621
All Pools,KLO - AVAX,0.3,False,289.54,14685.0,0.72385,1.8,1777908621
All Pools,YUSD - USDC,0.02,False,240.61,122000.0,0.04812,0.01,1777908621
All Pools,PTOP800 - USDC,0.1,False,230.96,660.34,0.23317,12.89,1777908621
All Pools,HERESY - AVAX,0.3,False,219.53,21960.0,0.54884,0.91,1777908621
All Pools,WBTC.e - BTC.b,0.03,False,217.22,696.2,0.09508,4.98,1777908621
All Pools,STG - USDC,0.3,False,210.48,1480.11,0.52621,12.98,1777908621
All Pools,PTOP800 - AVAX,0.1,False,199.41,608.21,0.20061,12.04,1777908621
All Pools,XETA - USDC,0.3,False,199.38,6409.94,0.49844,2.84,1777908621
All Pools,USDC.e - USDC,0.3,False,194.6,482754.0,0.48649,0.04,1777908621
All Pools,AVAX - JUICY,0.3,False,172.09,3040.21,0.43023,5.17,1777908621
All Pools,PTOP1100 - USDC,0.1,False,169.46,667.06,0.1704,9.32,1777908621
All Pools,PTOP1100 - AVAX,0.1,False,168.55,363.93,0.17089,17.14,1777908621
All Pools,QI - AVAX,0.25,False,135.88,15252.0,0.34086,0.82,1777908621
All Pools,KIMBO - AVAX,0.3,False,135.53,64028.0,0.33883,0.19,1777908621
All Pools,OSAK - AVAX,0.3,False,130.81,5946.88,0.32704,2.01,1777908621
All Pools,PTOP1300 - AVAX,0.1,False,129.23,578.35,0.12969,8.19,1777908621
All Pools,PTOP1300 - USDC,0.1,False,128.86,347.5,0.12972,13.63,1777908621
All Pools,XPOW - AVAX,0.3,False,117.22,378.09,0.29306,28.29,1777908621
All Pools,LUNA - USDC.e,0.3,False,112.21,903.07,0.28052,11.34,1777908621
All Pools,PTOP1200 - AVAX,0.1,False,108.67,687.49,0.10882,5.78,1777908621
All Pools,PTOP1200 - USDC,0.1,False,108.05,198.4,0.11023,20.28,1777908621
All Pools,APIX - ID,0.3,False,101.84,25094.0,0.2546,0.37,1777908621
All Pools,MIM - USDt,0.03,False,101.58,9.687,0.03345,126.02,1777908621
All Pools,APIX - USDt,0.3,False,99.61,6923.59,0.24901,1.31,1777908621
All Pools,STG - AVAX,0.3,False,96.52,1471.7,0.24131,5.98,1777908621
All Pools,gOHM - FRAX,0.3,False,89.35,3511.2,0.22338,2.32,1777908621
All Pools,EVO - AVAX,0.3,False,86.05,13685.0,0.21512,0.57,1777908621
All Pools,JOE - AVAX,0.15,False,75.17,70268.0,0.11548,0.06,1777908621
All Pools,BOOTY - AVAX,0.3,False,74.86,2173.26,0.18716,3.14,1777908621
All Pools,CAT - AVAX,0.3,False,74.19,1962.85,0.18547,3.45,1777908621
All Pools,PRIME - AVAX,0.4,False,74.09,108592.0,0.90649,0.3,1777908621
All Pools,TECH - AVAX,0.3,False,69.5,14065.0,0.17376,0.45,1777908621
All Pools,MAJIN - AVAX,0.3,False,65.34,4243.25,0.16336,1.41,1777908621
All Pools,AVAX - APOW,0.3,False,63.41,25668.0,0.15852,0.23,1777908621
All Pools,CAPY - ARENA,0.3,False,58.98,31773.0,0.14746,0.17,1777908621
All Pools,CAI - AVAX,0.3,False,56.94,1803.8,0.14235,2.88,1777908621
All Pools,XPOW - APOW,0.3,False,56.77,945.36,0.14192,5.48,1777908621
All Pools,FITFI - USDT.e,0.3,False,54.88,371.6,0.13721,13.48,1777908621
All Pools,AVAX - GEC,0.3,False,50.77,35829.0,0.12693,0.13,1777908621
All Pools,GGP - AVAX,0.3,False,48.63,92215.0,0.12157,0.05,1777908621
All Pools,SOL - AVAX,0.1,False,47.92,1093.28,0.04795,1.6,1777908621
All Pools,SB - AVAX,0.3,False,46.1,6965.96,0.11524,0.6,1777908621
All Pools,AVAX - RISE,0.3,False,45.82,59656.0,0.11455,0.07,1777908621
All Pools,PNG - AVAX,0.3,False,44.02,1062.54,0.11004,3.78,1777908621
All Pools,APIX - USDC,0.3,False,42.92,3457.4,0.1073,1.13,1777908621
All Pools,FTR - AVAX,0.3,False,37.34,1287.61,0.09334,2.65,1777908621
All Pools,PTOP800 - BTC.b,0.1,False,37.04,1010.7,0.0419,1.51,1777908621
All Pools,MIM - SB,0.3,False,35.74,5748.73,0.08936,0.57,1777908621
All Pools,MIM - WETH.e,0.3,False,34.45,1463.92,0.08612,2.15,1777908621
All Pools,AVAX - FRAX,0.3,False,31.88,1018.28,0.07971,2.86,1777908621
All Pools,GUN - BLSEYE🎯,0.3,False,31.26,956.0,0.07815,2.98,1777908621
All Pools,APIX - ARENA,0.3,False,31.02,2352.5,0.07755,1.2,1777908621
All Pools,BLSEYE🎯 - AVAX,0.3,False,30.72,6036.64,0.0768,0.46,1777908621
All Pools,USDC.e - USDC,0.02,False,30.21,17000.0,0.00343,0.01,1777908621
All Pools,ggAVAX - AVAX,0.04,False,26.91,373.03,0.00286,0.28,1777908621
All Pools,SECOND - AVAX,0.3,False,26.84,1767.68,0.06709,1.39,1777908621
All Pools,SECOND - USDC,0.3,False,26.83,7211.57,0.06708,0.34,1777908621
All Pools,YAK - AVAX,0.3,False,24.76,111942.0,0.06191,0.02,1777908621
All Pools,CATCH - AVAX,0.3,False,24.42,305.72,0.06105,7.29,1777908621
All Pools,RGOGLZ - USDC,0.3,False,23.91,1599.06,0.05977,1.36,1777908621
All Pools,ROCO - AVAX,0.3,False,23.13,1280.89,0.05782,1.65,1777908621
All Pools,Balln - AVAX,0.3,False,21.9,4231.22,0.05474,0.47,1777908621
All Pools,GUN - AVAX,0.3,False,20.39,444.86,0.05098,4.18,1777908621
All Pools,USDt - ncash,0.3,False,19.91,1135.81,0.04978,1.6,1777908621
All Pools,GENI - USDC,0.3,False,19.77,1489.77,0.04943,1.21,1777908621
All Pools,BOI - AVAX,0.3,False,19.67,76.65,0.04918,23.42,1777908621
All Pools,USDC.e - DAI.e,0.3,False,19.07,22683.0,0.04767,0.08,1777908621
All Pools,DCAU - AVAX,0.3,False,18.95,1267.28,0.04737,1.36,1777908621
All Pools,UST - USDC,0.3,False,18.47,488.6,0.04617,3.45,1777908621
All Pools,UST - USDC.e,0.3,False,18.12,766.13,0.04531,2.16,1777908621
All Pools,DCAU - USDT.e,0.3,False,18.06,5316.07,0.04516,0.31,1777908621
All Pools,HATCHY - AVAX,0.3,False,17.93,9812.07,0.04482,0.17,1777908621
All Pools,HAREM - AVAX,0.3,False,17.27,127.49,0.04318,12.36,1777908621
All Pools,USDC.e - USDT.e,0.3,False,17.03,40271.0,0.04259,0.04,1777908621
All Pools,DAI.e - USDt,0.25,False,16.38,21051.0,0.03914,0.07,1777908621
All Pools,USDV - AVAX,0.25,False,16.2,1831.49,0.06335,1.26,1777908621
All Pools,WOM - AVAX,0.3,False,15.65,839.47,0.03913,1.7,1777908621
All Pools,Psychic - AVAX,0.3,False,15.14,1186.24,0.03785,1.16,1777908621
All Pools,HUSKY - AVAX,0.3,False,14.75,3660.8,0.03689,0.37,1777908621
All Pools,SVETA - AVAX,0.3,False,14.36,1391.89,0.0359,0.94,1777908621
All Pools,sAVAX - JACK,0.3,False,14.35,293251.0,0.03587,0.0,1777908621
All Pools,AVAX - STICK,0.3,False,14.27,2136.01,0.03568,0.61,1777908621
All Pools,ORNG - MOOM,0.3,False,13.72,395.19,0.0343,3.17,1777908621
All Pools,XROSS - ORNG,0.3,False,13.62,476.92,0.03404,2.61,1777908621
All Pools,COQ - AVAX,0.8,False,12.94,4829.41,0.10578,0.8,1777908621
All Pools,GURS - AVAX,0.3,False,12.39,7655.75,0.03098,0.15,1777908621
All Pools,AVAX - DOMI,0.3,False,12.27,17448.0,0.03067,0.06,1777908621
All Pools,AVAX - CLY,0.3,False,12.24,59767.0,0.03059,0.02,1777908621
All Pools,YUSD - AVAX,0.3,False,12.0,134.14,0.03,8.16,1777908621
All Pools,AVAX - PEFI,0.3,False,11.97,4500.94,0.02993,0.24,1777908621
All Pools,ORNG - JUCI,0.3,False,11.88,497.05,0.0297,2.18,1777908621
All Pools,Psychic - XAUt0,0.3,False,10.89,6976.67,0.02723,0.14,1777908621
All Pools,Ush - AVAX,0.3,False,10.84,2829.19,0.02709,0.35,1777908621
All Pools,DATCM - ORNG,0.3,False,10.8,479.26,0.02699,2.06,1777908621
All Pools,SHRAP - DOMI,0.3,False,10.61,295.73,0.02654,3.28,1777908621
All Pools,AVAX - HON,0.3,False,10.57,90374.0,0.02642,0.01,1777908621
All Pools,PTOP1000 - AVAX,0.1,False,10.47,625.13,0.01049,0.61,1777908621
All Pools,USDT.e - USDC,0.02,False,10.26,7.005,0.0022,11.47,1777908621
All Pools,YOU - ORNG,0.3,False,10.23,3211.54,0.02557,0.29,1777908621
All Pools,ORNG - FLUX,0.3,False,9.995,358.39,0.02499,2.54,1777908621
All Pools,SYN - AVAX,0.3,False,9.992,2775.1,0.02498,0.33,1777908621
All Pools,ORNG - SAI,0.3,False,9.926,293.84,0.02481,3.08,1777908621
All Pools,ZRO - AVAX,0.3,False,9.903,198.15,0.02476,4.56,1777908621
All Pools,JPYC - USDC,0.3,False,9.866,351.68,0.02466,2.56,1777908621
All Pools,AVAXAI - USDC,0.3,False,9.717,1722.56,0.02429,0.51,1777908621
All Pools,WINK - AVAX,0.3,False,8.951,80.09,0.02238,10.2,1777908621
All Pools,AVAX - SQRCAT,0.3,False,8.594,5951.23,0.02148,0.13,1777908621
All Pools,MDG - USDT.e,0.3,False,8.547,18085.0,0.02137,0.04,1777908621
All Pools,MDG - USDC.e,0.3,False,8.547,9807.04,0.02137,0.08,1777908621
All Pools,MEAT - AVAX,0.3,False,8.14,5396.43,0.02035,0.14,1777908621
All Pools,BLSEYE🎯 - ARENA,0.3,False,8.07,1180.2,0.02018,0.62,1777908621
All Pools,LINK.e - USDT.e,0.3,False,7.967,236.82,0.01992,3.07,1777908621
All Pools,AVAX - ELK,0.3,False,7.84,1728.13,0.0196,0.41,1777908621
All Pools,avUSD - sAVAX,0.3,False,7.225,264.92,0.01806,2.49,1777908621
All Pools,CATWIF - AVAX,0.3,False,7.006,3275.83,0.01752,0.2,1777908621
All Pools,USV - DAI.e,0.3,False,6.89,4261.45,0.01723,0.15,1777908621
All Pools,MAI - AVAX,0.3,False,6.593,1825.43,0.01648,0.33,1777908621
All Pools,FITFI - AVAX,0.3,False,5.921,39.23,0.0148,13.77,1777908621
All Pools,SWIFT - USDC.e,0.3,False,5.807,542.03,0.01452,0.98,1777908621
All Pools,MYST - AVAX,0.3,False,5.721,915.02,0.0143,0.57,1777908621
All Pools,LINK.e - USDC.e,0.3,False,5.491,197.32,0.01373,2.54,1777908621
All Pools,SWIFT - WETH.e,0.3,False,5.115,1644.98,0.01279,0.28,1777908621
All Pools,RPEPE - AVAX,0.3,False,4.922,6320.43,0.01231,0.07,1777908621
All Pools,APOW - AVAX,0.3,False,4.456,1087.06,0.01114,0.37,1777908621
All Pools,WETH - USDC.e,0.3,False,4.142,230.03,0.01035,1.64,1777908621
All Pools,ISA - USDC.e,0.3,False,4.117,492.35,0.01029,0.76,1777908621
All Pools,USDT.e - DAI.e,0.3,False,4.034,7307.74,0.01009,0.05,1777908621
All Pools,PNG - JOE,0.3,False,3.994,172.24,0.00999,2.12,1777908621
All Pools,ISA - AVAX,0.3,False,3.846,1472.71,0.00962,0.24,1777908621
All Pools,LUNA - AVAX,0.3,False,3.816,22.71,0.00954,15.33,1777908621
All Pools,WETH.e - USDT.e,0.3,False,3.737,168.0,0.00934,2.03,1777908621
All Pools,DPS - AVAX,0.3,False,3.497,223.72,0.00874,1.43,1777908621
All Pools,DPS - USDC,0.3,False,3.496,1953.06,0.00874,0.16,1777908621
All Pools,LIQR - AVAX,0.3,False,3.413,51910.0,0.00853,0.01,1777908621
All Pools,USDT.e - CLY,0.3,False,3.284,263.54,0.00821,1.14,1777908621
All Pools,YAK - USDC.e,0.3,False,3.193,221.71,0.00798,1.31,1777908621
All Pools,REDWOLF - USDC,0.3,False,3.071,204.68,0.00768,1.37,1777908621
All Pools,FXS - AVAX,0.3,False,3.052,441.49,0.00763,0.63,1777908621
All Pools,MYST - USDC,0.3,False,3.017,257.82,0.00754,1.07,1777908621
All Pools,WETH.e - ONION,0.3,False,2.904,276.56,0.00726,0.96,1777908621
All Pools,KINGSHIT - AVAX,0.3,False,2.786,4996.59,0.00697,0.05,1777908621
All Pools,TINU - AVAX,0.3,False,2.724,1353.37,0.00681,0.18,1777908621
All Pools,BTC.b - TOPIA,0.3,False,2.643,312.72,0.00661,0.77,1777908621
All Pools,REDWOLF - AVAX,0.3,False,2.641,505.62,0.0066,0.48,1777908621
All Pools,LUNA - USDC.e,0.3,False,2.636,325.91,0.00659,0.74,1777908621
All Pools,USDT.e - ONION,0.3,False,2.53,776.81,0.00633,0.3,1777908621
All Pools,USDC - SOCK,0.3,False,2.52,481.94,0.0063,0.48,1777908621
All Pools,AVAX - SOCK,0.3,False,2.519,3292.44,0.0063,0.07,1777908621
All Pools,AVAX - aXEN,0.3,False,2.507,78.65,0.00627,2.91,1777908621
All Pools,MAGICK - AVAX,0.3,False,2.474,357.66,0.00618,0.63,1777908621
All Pools,MAGICK - USDC,0.3,False,2.473,242.39,0.00618,0.93,1777908621
All Pools,AVAX - TIME,0.3,False,2.43,1217.29,0.00607,0.18,1777908621
All Pools,AVAX - FRAX,0.3,False,2.418,271.16,0.00605,0.81,1777908621
All Pools,pAVAX - AVAX,0.3,False,2.305,1712.19,0.00576,0.12,1777908621
All Pools,APOW - USDC,0.3,False,2.293,170.0,0.00573,1.23,1777908621
All Pools,APOW - USDt,0.3,False,2.166,169.61,0.00541,1.17,1777908621
All Pools,ACS - AVAX,0.3,False,2.14,211.2,0.00535,0.92,1777908621
All Pools,LORD - AVAX,0.3,False,2.109,1956.44,0.00527,0.1,1777908621
All Pools,LF - AVAX,0.3,False,2.081,294.03,0.0052,0.65,1777908621
All Pools,MIM - LF,0.3,False,2.081,912.11,0.0052,0.21,1777908621
All Pools,HOST - DAI.e,0.3,False,2.054,2580.66,0.00513,0.07,1777908621
All Pools,67 - AVAX,0.3,False,2.022,,0.00505,197741.06,1777908621
All Pools,NOCHILL - OX,0.3,False,1.975,12466.0,0.00494,0.01,1777908621
All Pools,AVAX - SPELL,0.3,False,1.975,2767.1,0.00494,0.07,1777908621
All Pools,AVAX - AMI,0.3,False,1.967,543.3,0.00492,0.33,1777908621
All Pools,USDC.e - MU,0.3,False,1.953,13517.0,0.00488,0.01,1777908621
All Pools,WBTC.e - USDT.e,0.3,False,1.923,173.58,0.00481,1.01,1777908621
All Pools,AVAX - USDT,0.3,False,1.887,2011.9,0.00472,0.09,1777908621
All Pools,USDC.e - AVVO,0.3,False,1.794,252.12,0.00449,0.65,1777908621
All Pools,GENI - AVAX,0.3,False,1.767,74.61,0.00442,2.16,1777908621
All Pools,Gravity - AVAX,0.3,False,1.764,340.51,0.00441,0.47,1777908621
All Pools,AVAX - ONION,0.3,False,1.758,183.44,0.00439,0.87,1777908621
All Pools,FollowTheWhiteRabbit - BLACK,0.3,False,1.743,1179.82,0.00436,0.13,1777908621
All Pools,COQ - BLSEYE🎯,0.3,False,1.7,215.55,0.00425,0.72,1777908621
All Pools,PIZZA - AVAX,0.3,False,1.684,513.37,0.00421,0.3,1777908621
All Pools,TRESR - AVAX,0.3,False,1.657,14955.0,0.00414,0.01,1777908621
All Pools,Gravity - BLACK,0.3,False,1.654,1069.77,0.00413,0.14,1777908621
All Pools,SHOE - AVAX,0.3,False,1.622,662.13,0.00406,0.22,1777908621
All Pools,BEAR - AVAX,0.3,False,1.619,7307.82,0.00405,0.02,1777908621
All Pools,COQ - OX,0.3,False,1.618,12664.0,0.00404,0.01,1777908621
All Pools,USDC.e - ONION,0.3,False,1.599,388.86,0.004,0.38,1777908621
All Pools,BLSEYE🎯 - BEAM,0.3,False,1.59,345.3,0.00398,0.42,1777908621
All Pools,USDC - SHRAP,0.3,False,1.588,28.21,0.00397,5.14,1777908621
All Pools,USDt - USDT.e,0.3,False,1.541,20394.0,0.00385,0.01,1777908621
All Pools,Psychic - BLACK,0.3,False,1.518,465.55,0.00379,0.3,1777908621
All Pools,FollowTheWhiteRabbit - AVAX,0.3,False,1.505,165.9,0.00376,0.83,1777908621
All Pools,AVAX - LUCKY,0.3,False,1.463,4104.74,0.00366,0.03,1777908621
All Pools,KIWI - AVAX,0.3,False,1.441,116.61,0.0036,1.13,1777908621
All Pools,KIWI - USDC,0.3,False,1.422,311.86,0.00356,0.42,1777908621
All Pools,SMRTr - AVAX,0.3,False,1.387,36920.0,0.00347,0.0,1777908621
All Pools,MIM - PEFI,0.3,False,1.386,204.28,0.00346,0.62,1777908621
All Pools,SMRTr - USDC.e,0.3,False,1.383,126.39,0.00346,1.0,1777908621
All Pools,CRA - AVAX,0.3,False,1.381,10062.0,0.00345,0.01,1777908621
All Pools,Now - AVAX,0.3,False,1.347,268.66,0.00337,0.46,1777908621
All Pools,BANKSY - USDT.e,0.3,False,1.344,1559.74,0.00336,0.08,1777908621
All Pools,BANKSY - AVAX,0.3,False,1.344,173.47,0.00336,0.71,1777908621
All Pools,Trinity - AVAX,0.3,False,1.333,1038.11,0.00333,0.12,1777908621
All Pools,DAI.e - ONION,0.3,False,1.315,354.72,0.00329,0.34,1777908621
All Pools,JOE - USDT,0.3,False,1.278,365.0,0.00319,0.32,1777908621
All Pools,DREGG - AVAX,0.3,False,1.263,180.62,0.00316,0.64,1777908621
All Pools,DREGG - USDT.e,0.3,False,1.26,547.58,0.00315,0.21,1777908621
All Pools,XAUt0 - Gravity,0.3,False,1.251,399.21,0.00313,0.29,1777908621
All Pools,COQ - NOCHILL,0.3,False,1.248,14.29,0.00312,7.97,1777908621
All Pools,DCAU - USDC,0.3,False,1.235,151.43,0.00309,0.74,1777908621
All Pools,LUNA - AVAX,0.3,False,1.235,142.87,0.00309,0.79,1777908621
All Pools,AVAX - IMPACT2,0.3,False,1.214,170.91,0.00303,0.65,1777908621
All Pools,BLSEYE🎯 - MEOW,0.3,False,1.199,675.22,0.003,0.16,1777908621
All Pools,AVAX - NaughtiusMaximus,0.3,False,1.158,446.21,0.00289,0.24,1777908621
All Pools,XAUt0 - NaughtiusMaximus,0.3,False,1.155,1055.33,0.00289,0.1,1777908621
All Pools,AVAX - MU,0.3,False,1.149,89.42,0.00287,1.17,1777908621
All Pools,AVAX - TUS,0.3,False,1.149,8129.56,0.00287,0.01,1777908621
All Pools,NOCHILL - KET,0.3,False,1.058,15.35,0.00265,6.29,1777908621
All Pools,XAUt0 - Now,0.3,False,1.021,713.44,0.00255,0.13,1777908621
All Pools,AVAX - SMRT,0.3,False,1.003,2352.87,0.00251,0.04,1777908621
All Pools,rloop - AVAX,0.3,False,0.99178,6297.26,0.00248,0.01,1777908621
All Pools,LUEEGI - AVAX,0.3,False,0.98903,1595.05,0.00247,0.06,1777908621
All Pools,WBTC.e - ONION,0.3,False,0.98618,412.11,0.00247,0.22,1777908621
All Pools,ROY - AVAX,0.3,False,0.96256,4988.89,0.00241,0.02,1777908621
All Pools,USDC - GAU,0.3,False,0.95562,12308.0,0.00239,0.01,1777908621
All Pools,Trinity - BLACK,0.3,False,0.95298,563.66,0.00238,0.15,1777908621
All Pools,AVAX - AVVO,0.3,False,0.93141,304.69,0.00233,0.28,1777908621
All Pools,USDT.e - SMRT,0.3,False,0.92769,106.96,0.00232,0.79,1777908621
All Pools,BUSD - AVAX,0.3,False,0.9208,421.56,0.0023,0.2,1777908621
All Pools,JOE - EXP,0.3,False,0.90657,13399272.0,0.00227,,1777908621
All Pools,PTOP1100 - TOPIA,0.3,False,0.90456,151.89,0.00226,0.54,1777908621
All Pools,MM - USDC,0.3,False,0.90385,84.66,0.00226,0.97,1777908621
All Pools,UST - USDT.e,0.3,False,0.9028,43.46,0.00226,1.9,1777908621
All Pools,MM - AVAX,0.3,False,0.90131,135.11,0.00225,0.61,1777908621
All Pools,SHOE - BTC.b,0.3,False,0.88309,845.11,0.00221,0.1,1777908621
All Pools,Now - BLACK,0.3,False,0.87364,444.0,0.00218,0.18,1777908621
All Pools,AVAX - GME,0.3,False,0.85858,710.05,0.00215,0.11,1777908621
All Pools,KALM - USDC,0.3,False,0.85445,85.37,0.00214,0.91,1777908621
All Pools,KALM - AVAX,0.3,False,0.85439,127.65,0.00214,0.61,1777908621
All Pools,MIM - TIME,0.3,False,0.85395,122.76,0.00213,0.63,1777908621
All Pools,HOST - AVAX,0.3,False,0.84364,106.13,0.00211,0.73,1777908621
All Pools,AVAX - $SICKO,0.3,False,0.83496,9.995,0.00209,7.62,1777908621
All Pools,SWIFT - AVAX,0.3,False,0.82504,310.22,0.00206,0.24,1777908621
All Pools,USDC - SPT,0.3,False,0.81324,40.99,0.00203,1.81,1777908621
All Pools,MAXI - DAI.e,0.3,False,0.80965,233.43,0.00202,0.32,1777908621
All Pools,GUN - AMI,0.3,False,0.79289,22.49,0.00198,3.22,1777908621
All Pools,MONEY - AVAX,0.3,False,0.79145,627.66,0.00198,0.12,1777908621
All Pools,VPND - AVAX,0.3,False,0.77896,25941.0,0.00195,0.0,1777908621
All Pools,50 - USDC,0.3,False,0.72845,120.86,0.00182,0.55,1777908621
All Pools,50 - AVAX,0.3,False,0.72839,76.62,0.00182,0.87,1777908621
All Pools,COQ - OSAK,0.3,False,0.71765,35.58,0.00179,1.84,1777908621
All Pools,AVAX - ZUBAX,0.3,False,0.70695,117.52,0.00177,0.55,1777908621
All Pools,USDt - IMPACT2,0.3,False,0.70602,72.2,0.00177,0.89,1777908621
All Pools,STATIK - AVAX,0.3,False,0.6926,44.63,0.00173,1.42,1777908621
All Pools,AVAX - KONG,0.3,False,0.69187,7533.66,0.00173,0.01,1777908621
All Pools,ZUBAX - USDT.e,0.3,False,0.68499,185.4,0.00171,0.34,1777908621
All Pools,AVAX - ChristMark,0.3,False,0.68024,360.5,0.0017,0.17,1777908621
All Pools,SYMBIOT - AVAX,0.3,False,0.67626,91.54,0.00169,0.67,1777908621
All Pools,CANS - AVAX,0.3,False,0.67093,12.9,0.00168,4.74,1777908621
All Pools,Gladiator - AVAX,0.3,False,0.66445,3.718,0.00166,16.31,1777908621
All Pools,SYMBIOT - DAI.e,0.3,False,0.66321,466.68,0.00166,0.13,1777908621
All Pools,COQ - COQAI,0.3,False,0.66105,28132.0,0.00165,0.0,1777908621
All Pools,JEWEL - USDC,0.3,False,0.64517,4517.57,0.00161,0.01,1777908621
All Pools,LINK.e - REDWOLF,0.3,False,0.6436,82.86,0.00161,0.71,1777908621
All Pools,GAINS - AVAX,0.3,False,0.64027,40.9,0.0016,1.43,1777908621
All Pools,MU - DAI.e,0.3,False,0.63461,246.25,0.00159,0.24,1777908621
All Pools,bCASH - NOCHILL,0.3,False,0.62623,19.17,0.00157,2.98,1777908621
All Pools,WETH.e - USDC,0.3,False,0.61344,22.8,0.00153,2.46,1777908621
All Pools,HUSKY - JOE,0.3,False,0.60625,182.66,0.00152,0.3,1777908621
All Pools,USDT.e - MU,0.3,False,0.58324,255.98,0.00146,0.21,1777908621
All Pools,AVAX - SHRAP,0.3,False,0.5778,17.76,0.00144,2.97,1777908621
All Pools,AVAX - APE - X,0.3,False,0.57386,662.93,0.00143,0.08,1777908621
All Pools,FollowTheWhiteRabbit - LuciferMorningstar,0.3,False,0.56979,3665.68,0.00142,0.01,1777908621
All Pools,WETH.e - REDWOLF,0.3,False,0.56081,103.45,0.0014,0.49,1777908621
All Pools,XAUt0 - ChristMark,0.3,False,0.55004,695.63,0.00138,0.07,1777908621
All Pools,BTC.b - SPT,0.3,False,0.54652,40.04,0.00137,1.25,1777908621
All Pools,Gladiator - USDC,0.3,False,0.5385,565.29,0.00135,0.09,1777908621
All Pools,SOL - USDC,0.3,False,0.53641,24.21,0.00134,2.02,1777908621
All Pools,AVAX - PENDLE,0.3,False,0.53102,7782.97,0.00133,0.01,1777908621
All Pools,MIM - wsOHM,0.3,False,0.5274,1092.7,0.00132,0.04,1777908621
All Pools,HEFE - GAINS,0.3,False,0.5252,5.984,0.00131,8.01,1777908621
All Pools,Trinity - LuciferMorningstar,0.3,False,0.5204,353297368.0,0.0013,,1777908621
All Pools,AMPL - AVAX,0.3,False,0.51174,342.63,0.00128,0.14,1777908621
All Pools,AVAX - ARENA,0.3,False,0.4992,80.96,0.00125,0.56,1777908621
All Pools,Gladiator - AMI,0.3,False,0.49803,373.29,0.00125,0.12,1777908621
All Pools,WETH.e - SURE,0.3,False,0.49647,1103.41,0.00124,0.04,1777908621
All Pools,Orange - AVAX,0.3,False,0.49095,88.11,0.00123,0.51,1777908621
All Pools,USDt - RUX,0.3,False,0.48296,16126.0,0.00121,0.0,1777908621
All Pools,RUX - AVAX,0.3,False,0.4829,30.43,0.00121,1.45,1777908621
All Pools,COQ - JUICE,0.3,False,0.48003,48.81,0.0012,0.9,1777908621
All Pools,AAVE.e - REDWOLF,0.3,False,0.46355,163.13,0.00116,0.26,1777908621
All Pools,Psychic - Now,0.3,False,0.45294,637.28,0.00113,0.06,1777908621
All Pools,gOHM - wsOHM,0.3,False,0.43241,37.04,0.00108,1.07,1777908621
All Pools,CQK - AVAX,0.3,False,0.42519,132.09,0.00106,0.29,1777908621
All Pools,CQK - USDC,0.3,False,0.42512,35.29,0.00106,1.1,1777908621
All Pools,TECH - OX,0.3,False,0.41895,5028.95,0.00105,0.01,1777908621
All Pools,Trinity - Psychic,0.3,False,0.41679,548.23,0.00104,0.07,1777908621
All Pools,YEEHAW - BTC.b,0.3,False,0.41581,129.18,0.00104,0.29,1777908621
All Pools,USDC - CHAM,0.3,False,0.41246,50.24,0.00103,0.75,1777908621
All Pools,NOCHILL - AMI,0.3,False,0.40582,5.702,0.00101,6.49,1777908621
All Pools,FERT - AVAX,0.3,False,0.40094,810.96,0.001,0.05,1777908621
All Pools,sAVAX - COQ,0.3,False,0.39995,94.36,,0.39,1777908621
All Pools,LadyMary - AVAX,0.3,False,0.39249,367.39,,0.1,1777908621
All Pools,Orange - DivineFeminine,0.3,False,0.38369,1115.4,,0.03,1777908621
All Pools,MIM - USDC.e,0.3,False,0.38349,1994.65,,0.02,1777908621
All Pools,USDC - USD+,0.3,False,0.37913,32.96,,1.05,1777908621
All Pools,HEFE - CANS,0.3,False,0.37304,4.333,,7.86,1777908621
All Pools,BTC.b - IMPACT2,0.3,False,0.37011,1283.63,,0.03,1777908621
All Pools,TRACTOR - AVAX,0.3,False,0.36915,14927.0,,0.0,1777908621
All Pools,MIM - MU,0.3,False,0.36455,254.5,,0.13,1777908621
All Pools,ZRO - USDC,0.3,False,0.36156,5.592,,5.9,1777908621
All Pools,UNI.e - REDWOLF,0.3,False,0.35897,10.38,,3.16,1777908621
All Pools,CGS - USDC.e,0.3,False,0.3587,157.9,,0.21,1777908621
All Pools,CGS - AVAX,0.3,False,0.35862,66.01,,0.5,1777908621
All Pools,BLS - USDt,0.3,False,0.35337,120.53,,0.27,1777908621
All Pools,SURE - DAI.e,0.3,False,0.35198,28.26,,1.14,1777908621
All Pools,USDC - yyAVAX,0.3,False,0.35066,14.3,,2.24,1777908621
All Pools,USDC - aXEN,0.3,False,0.35042,9.335,,3.43,1777908621
All Pools,VEE - USDC,0.3,False,0.34848,32.42,,0.98,1777908621
All Pools,AVAX - TOPIA,0.3,False,0.34549,529.16,,0.06,1777908621
All Pools,BLS - SHRAP,0.3,False,0.34278,10.04,,3.12,1777908621
All Pools,APIX - LAMBO,0.3,False,0.34158,564.99,,0.06,1777908621
All Pools,IMPACT2 - EURC,0.3,False,0.34049,47.38,,0.66,1777908621
All Pools,BLUB - AVAX,0.3,False,0.33939,17061.0,,0.0,1777908621
All Pools,TSD - AVAX,0.3,False,0.33705,322.2,,0.1,1777908621
All Pools,Anon - AVAX,0.3,False,0.33563,14.27,,2.15,1777908621
All Pools,ABC - AVAX,0.3,False,0.32741,1089.97,,0.03,1777908621
All Pools,DFIAT - USDT.e,0.3,False,0.32143,28.24,,1.04,1777908621
All Pools,BENIS - NOCHILL,0.3,False,0.32067,4.563,,6.41,1777908621
All Pools,AVAX - XPOW,0.3,False,0.31962,40.1,,0.73,1777908621
All Pools,AVAX - BLACK,0.3,False,0.31186,6.036,,4.71,1777908621
All Pools,KIMBO - CANS,0.3,False,0.30532,389.11,,0.07,1777908621
All Pools,LadyMary - FollowTheWhiteRabbit,0.3,False,0.30285,655.43,,0.04,1777908621
All Pools,AVAT - USDC,0.3,False,0.3026,40.75,,0.68,1777908621
All Pools,BRO - COQ,0.3,False,0.30254,208.2,,0.13,1777908621
All Pools,AVAX - APOW,0.3,False,0.301,39.61,,0.69,1777908621
All Pools,BRO - AVAX,0.3,False,0.30091,140401.0,,,1777908621
All Pools,USDC.e - WXT,0.3,False,0.29996,290.89,,0.09,1777908621
All Pools,USDT.e - DUO,0.3,False,0.29648,57.48,,0.47,1777908621
All Pools,AVAX - DUO,0.3,False,0.29641,71.03,,0.38,1777908621
All Pools,USDt - REDWOLF,0.3,False,0.29537,15.09,,1.79,1777908621
All Pools,HUSKY - AMI,0.3,False,0.29518,86.34,,0.31,1777908621
All Pools,PTOP900 - TOPIA,0.3,False,0.29008,104.12,,0.25,1777908621
All Pools,USDC.e - WISE,0.3,False,0.28715,45.74,,0.57,1777908621
All Pools,AVAX - WISE,0.3,False,0.2871,78.23,,0.33,1777908621
All Pools,DFIAT - AVAX,0.3,False,0.28289,7540.08,,0.0,1777908621
All Pools,AVAI - AVAX,0.3,False,0.28075,29.16,,0.88,1777908621
All Pools,SLUSH - USDT.e,0.3,False,0.2803,60.18,,0.43,1777908621
All Pools,SLUSH - AVAX,0.3,False,0.28026,58.88,,0.43,1777908621
All Pools,AVVO - DAI.e,0.3,False,0.27469,39.64,,0.63,1777908621
All Pools,NOCHILL - REDWOLF,0.3,False,0.26931,3.31,,7.42,1777908621
All Pools,miMatic - USDC.e,0.3,False,0.26876,23.16,,1.06,1777908621
All Pools,AVAX - ELK,0.3,False,0.26447,70.13,,0.34,1777908621
All Pools,COQ - BOOTY,0.3,False,0.26343,10.66,,2.25,1777908621
All Pools,AVAX - MUG,0.3,False,0.26319,350.87,,0.07,1777908621
All Pools,AVAX - CHAM,0.3,False,0.26155,33.05,,0.72,1777908621
All Pools,MIM - FORT,0.3,False,0.25853,17986.0,,0.0,1777908621
All Pools,AVAX - FORT,0.3,False,0.25852,38.89,,0.61,1777908621
All Pools,YEEHAW - AVAX,0.3,False,0.2585,32.01,,0.74,1777908621
All Pools,AVAX - MILO,0.3,False,0.25844,1153.93,,0.02,1777908621
All Pools,USDt - MILO,0.3,False,0.25843,17.21,,1.37,1777908621
All Pools,wsOHM - AVAX,0.3,False,0.25795,21.99,,1.07,1777908621
All Pools,MaryMagdalene - AVAX,0.3,False,0.25666,226.69,,0.1,1777908621
All Pools,AftermathsKobe - AVAX,0.3,False,0.25059,296.48,,0.08,1777908621
All Pools,Psychic - AftermathsKobe,0.3,False,0.25005,327.87,,0.07,1777908621
All Pools,BOI - MU,0.3,False,0.24875,1.217,,18.65,1777908621
All Pools,DivineFeminine - Gravity,0.3,False,0.2483,2345.79,,0.01,1777908621
All Pools,$Crazy - AVAX,0.3,False,0.24153,1011.46,,0.02,1777908621
All Pools,USDC.e - SOL,0.3,False,0.23849,41.97,,0.52,1777908621
All Pools,AVAX - SPT,0.3,False,0.23676,16.53,,1.31,1777908621
All Pools,TOPIA - PTOP800,0.3,False,0.23296,147.59,,0.14,1777908621
All Pools,AI - AVAX,0.3,False,0.22982,4307.17,,0.0,1777908621
All Pools,GLOBA - AVAX,0.3,False,0.2194,50.96,,0.39,1777908621
All Pools,VENG - AVAX,0.3,False,0.21857,60.52,,0.33,1777908621
All Pools,SUB - USDC,0.3,False,0.21041,13.4,,1.43,1777908621
All Pools,GLOBA - DAI.e,0.3,False,0.21006,52.01,,0.37,1777908621
All Pools,BOI - AMI,0.3,False,0.20816,1.038,,18.31,1777908621
All Pools,MaryMagdalene - Gravity,0.3,False,0.20797,133.13,,0.14,1777908621
All Pools,EGG - AVAX,0.3,False,0.20728,23334.0,,,1777908621
All Pools,Hopi - AVAX,0.3,False,0.20294,217.32,,0.09,1777908621
All Pools,Hopi - Now,0.3,False,0.2028,720.76,,0.03,1777908621
All Pools,USDT.e - ZABU,0.3,False,0.20131,47.9,,0.38,1777908621
All Pools,METAG - AVAX,0.3,False,0.20012,24.48,,0.75,1777908621
All Pools,MIM - PAPA,0.3,False,0.19942,411.3,,0.04,1777908621
All Pools,PAPA - AVAX,0.3,False,0.19938,30.43,,0.6,1777908621
All Pools,USDC - BVAX,0.3,False,0.18614,30.54,,0.56,1777908621
All Pools,Meaning - AVAX,0.3,False,0.17999,454.98,,0.04,1777908621
All Pools,Psychic - Meaning,0.3,False,0.17966,315.09,,0.05,1777908621
All Pools,USDt - XPOW,0.3,False,0.17549,20.32,,0.79,1777908621
All Pools,DéjàVu - Gravity,0.3,False,0.17525,210.0,,0.08,1777908621
All Pools,USDt - DXN,0.3,False,0.17252,215.69,,0.07,1777908621
All Pools,DCAU - MIM,0.3,False,0.17214,311.5,,0.05,1777908621
All Pools,agEUR - USDC,0.3,False,0.16986,63.79,,0.24,1777908621
All Pools,HEFE - AMI,0.3,False,0.16781,1.802,,8.5,1777908621
All Pools,FollowTheWhiteRabbit - Priory,0.3,False,0.16642,932.01,,0.02,1777908621
All Pools,Priory - AVAX,0.3,False,0.16639,77.0,,0.2,1777908621
All Pools,SURE - USDC.e,0.3,False,0.16636,23.78,,0.64,1777908621
All Pools,Chemistry - AVAX,0.3,False,0.16337,89.37,,0.17,1777908621
All Pools,AVAT - AVAX,0.3,False,0.16326,21.61,,0.69,1777908621
All Pools,LUNA - LUNA,0.3,False,0.16299,2.533,,5.87,1777908621
All Pools,MIM - USDC,0.3,False,0.16202,76.71,,0.19,1777908621
All Pools,USDt - APOW,0.3,False,0.15706,20.29,,0.71,1777908621
All Pools,Trinity - Gravity,0.3,False,0.15626,2477.98,,0.01,1777908621
All Pools,gOHM - SB,0.3,False,0.15289,15.28,,0.91,1777908621
All Pools,USDT.e - EXP,0.3,False,0.15189,44253149.0,,,1777908621
All Pools,AVAX - ZABU,0.3,False,0.1518,30.02,,0.46,1777908621
All Pools,DivineFeminine - AVAX,0.3,False,0.15157,6.254,,2.21,1777908621
All Pools,BTC.b - REDWOLF,0.3,False,0.14961,121.05,,0.11,1777908621
All Pools,USDT - ETH,0.3,False,0.14952,216.8,,0.06,1777908621
All Pools,LINDA - AVAX,0.3,False,0.14855,2096.51,,0.01,1777908621
All Pools,MELT - AVAX,0.3,False,0.14589,24.71,,0.54,1777908621
All Pools,USDC - XPOW,0.3,False,0.1441,20.35,,0.65,1777908621
All Pools,USDC - APOW,0.3,False,0.14388,20.26,,0.65,1777908621
All Pools,Chemistry - Now,0.3,False,0.14346,909.7,,0.01,1777908621
All Pools,WarpSpeed - AVAX,0.3,False,0.14306,139.15,,0.09,1777908621
All Pools,Gravity - WarpSpeed,0.3,False,0.14303,85.28,,0.15,1777908621
All Pools,TrumpTower - AVAX,0.3,False,0.14213,160.37,,0.08,1777908621
All Pools,TrumpTower - Gravity,0.3,False,0.1421,76.56,,0.17,1777908621
All Pools,AVAX - SDOG,0.3,False,0.13632,10.15,,1.22,1777908621
All Pools,MIM - BLANC,0.3,False,0.135,8360.12,,0.0,1777908621
All Pools,AVAX - BLANC,0.3,False,0.13498,21.79,,0.57,1777908621
All Pools,NOCHILL - MU,0.3,False,0.13353,2.047,,5.95,1777908621
All Pools,miMatic - AVAX,0.3,False,0.13098,36.62,,0.33,1777908621
All Pools,USDC - SDOG,0.3,False,0.13074,482.02,,0.02,1777908621
All Pools,WLRS - USDC.e,0.3,False,0.12838,4518.88,,0.0,1777908621
All Pools,METAG - USDt,0.3,False,0.1269,16.18,,0.72,1777908621
All Pools,FollowTheWhiteRabbit - DivineFeminine,0.3,False,0.12508,684.16,,0.02,1777908621
All Pools,TOMB - USDC,0.3,False,0.12333,10.59,,1.06,1777908621
All Pools,GURS - NOCHILL,0.3,False,0.12274,1.833,,6.11,1777908621
All Pools,Matter - AVAX,0.3,False,0.12189,80.61,,0.14,1777908621
All Pools,Orange - Matter,0.3,False,0.12162,9059.83,,0.0,1777908621
All Pools,FLAKE - USDT.e,0.3,False,0.12095,50.49,,0.22,1777908621
All Pools,FLAKE - AVAX,0.3,False,0.12091,21.22,,0.52,1777908621
All Pools,AVAX - SNOB,0.3,False,0.12044,967.66,,0.01,1777908621
All Pools,YETI - AVAX,0.3,False,0.12008,3303.73,,0.0,1777908621
All Pools,FollowTheWhiteRabbit - TheGospelOfMary,0.3,False,0.11919,158.96,,0.07,1777908621
All Pools,AVAX - TheGospelOfMary,0.3,False,0.11907,159.69,,0.07,1777908621
All Pools,AVAX - GAU,0.3,False,0.11419,9.237,,1.13,1777908621
All Pools,BrideOfChrist - AVAX,0.3,False,0.11408,89.83,,0.12,1777908621
All Pools,Beyond - AVAX,0.3,False,0.114,89.75,,0.12,1777908621
All Pools,Beyond - Orange,0.3,False,0.11378,4470.57,,0.0,1777908621
All Pools,YEEHAW - USDC,0.3,False,0.11154,12.79,,0.8,1777908621
All Pools,Solar - AVAX,0.3,False,0.10994,89.57,,0.11,1777908621
All Pools,Solar - Now,0.3,False,0.10987,912.88,,0.01,1777908621
All Pools,ALOT - USDC.e,0.3,False,0.10915,9.32,,1.07,1777908621
All Pools,LIBRE - USDC.e,0.3,False,0.1089,14.86,,0.67,1777908621
All Pools,VELAI - AVAX,0.3,False,0.10813,0.32475,,30.38,1777908621
All Pools,BTC.b - USDC,0.3,False,0.10744,4.699,,2.09,1777908621
All Pools,Psychic - DéjàVu,0.3,False,0.1071,198.64,,0.05,1777908621
All Pools,ORNG - JUICE,0.3,False,0.10656,2.772,,3.51,1777908621
All Pools,BrideOfChrist - FollowTheWhiteRabbit,0.3,False,0.10232,734.86,,0.01,1777908621
All Pools,3QF - D - AVAX,0.3,False,0.10164,1790.3,,0.01,1777908621
All Pools,3QF - D - WETH.e,0.3,False,0.10135,3174.65,,0.0,1777908621
All Pools,Jjj - AVAX,0.3,False,0.10047,292.34,,0.03,1777908621
All Pools,Psychic - Jjj,0.3,False,0.10029,323.07,,0.03,1777908621
All Pools,MAJIN - REDWOLF,0.3,False,0.0999,7.122,,1.28,1777908621
All Pools,JPYC - USDC.e,0.3,False,0.09987,4.799,,1.9,1777908621
All Pools,CNR - USDC,0.3,False,0.09741,4.856,,1.83,1777908621
All Pools,Christmas - Merovingian,0.3,False,0.09712,118.19,,0.07,1777908621
All Pools,Christmas - AVAX,0.3,False,0.09709,250.18,,0.04,1777908621
All Pools,Now - Merovingian,0.3,False,0.09665,70.2,,0.13,1777908621
All Pools,MAJIN - MU,0.3,False,0.09607,4.461,,1.97,1777908621
All Pools,Xmas - AVAX,0.3,False,0.09586,275.08,,0.03,1777908621
All Pools,Psychic - Xmas,0.3,False,0.09565,303.51,,0.03,1777908621
All Pools,KLO - USDT.e,0.3,False,0.09416,5.604,,1.53,1777908621
All Pools,UST - USDC,0.3,False,0.0936,4.439,,1.92,1777908621
All Pools,WINK - NOCHILL,0.3,False,0.09213,0.84548,,9.94,1777908621
All Pools,Ducks - AVAX,0.3,False,0.09195,291.75,,0.03,1777908621
All Pools,AVAX - STRAW,0.3,False,0.09191,15.69,,0.53,1777908621
All Pools,Psychic - Ducks,0.3,False,0.09178,322.67,,0.03,1777908621
All Pools,MELT - USDT.e,0.3,False,0.09123,30.66,,0.27,1777908621
All Pools,wsOHM - USDC.e,0.3,False,0.09113,42.19,,0.2,1777908621
All Pools,KRW - AVAX,0.3,False,0.09109,458.45,,0.02,1777908621
All Pools,JOE - KRW,0.3,False,0.09099,238.73,,0.03,1777908621
All Pools,JOE - ZABU,0.3,False,0.09038,18.36,,0.45,1777908621
All Pools,Trinity - LadyMary,0.3,False,0.09006,11267.0,,,1777908621
All Pools,NOCHILL - WAIFU,0.3,False,0.08923,149.9,,0.05,1777908621
All Pools,HIGHER - AVAX,0.3,False,0.08872,1.833,,4.42,1777908621
All Pools,MIM - GRAPE,0.3,False,0.08861,2391.0,,0.0,1777908621
All Pools,WLRS - GRAPE,0.3,False,0.08859,77.83,,0.1,1777908621
All Pools,DAI.e - STRAW,0.3,False,0.08796,34.05,,0.24,1777908621
All Pools,Gil - AVAX,0.3,False,0.08705,17.04,,0.47,1777908621
All Pools,HUSKY - MUG,0.3,False,0.08522,24.07,,0.32,1777908621
All Pools,SLIME - AVAX,0.3,False,0.08486,21557.0,,,1777908621
All Pools,SLIME - USDt,0.3,False,0.08485,7.329,,1.06,1777908621
All Pools,LINK.e - MU,0.3,False,0.08467,7.573,,1.02,1777908621
All Pools,BANKSY - USDC.e,0.3,False,0.08457,31.24,,0.25,1777908621
All Pools,BANKSY - AVAX,0.3,False,0.08454,23.28,,0.33,1777908621
All Pools,AVAX - MeaningOfNumbers,0.3,False,0.08388,291.97,,0.03,1777908621
All Pools,GAS - AVAX,0.3,False,0.08385,229.01,,0.03,1777908621
All Pools,Psychic - MeaningOfNumbers,0.3,False,0.08373,323.01,,0.02,1777908621
All Pools,Gil - DAI.e,0.3,False,0.08329,28.31,,0.27,1777908621
All Pools,aAvaLINK - AVAX,0.3,False,0.08291,9.523,,0.79,1777908621
All Pools,USDt - NEMO,0.3,False,0.08239,96.41,,0.08,1777908621
All Pools,AVAX - NEMO,0.3,False,0.08238,7.757,,0.97,1777908621
All Pools,PTOP1300 - TOPIA,0.3,False,0.08188,97.51,,0.08,1777908621
All Pools,HEFE - HIGHER,0.3,False,0.08153,0.89094,,8.35,1777908621
All Pools,COQ - AMI,0.3,False,0.08087,14.17,,0.52,1777908621
All Pools,AVAX - Prometheus,0.3,False,0.08028,285.32,,0.03,1777908621
All Pools,Psychic - Prometheus,0.3,False,0.08012,314.17,,0.02,1777908621
All Pools,BUSD - USDC,0.3,False,0.07817,7.749,,0.92,1777908621
All Pools,ZUM - NOCHILL,0.3,False,0.07681,1.171,,5.99,1777908621
All Pools,MEOW - AVAX,0.3,False,0.07519,10461.0,,,1777908621
All Pools,BTC.b - MU,0.3,False,0.07421,11.45,,0.59,1777908621
All Pools,METAG - USDT.e,0.3,False,0.07317,49.61,,0.13,1777908621
All Pools,AVAX - Nala,0.3,False,0.0691,25.7,,0.25,1777908621
All Pools,Mungo - AVAX,0.3,False,0.06843,41.2,,0.15,1777908621
All Pools,DéjàVu - Mungo,0.3,False,0.06835,184.23,,0.03,1777908621
All Pools,bECH - AVAX,0.3,False,0.06724,21.53,,0.28,1777908621
All Pools,SOB - LUNA,0.3,False,0.06628,1.339,,4.52,1777908621
All Pools,MIM - AUSD,0.3,False,0.0661,34.89,,0.17,1777908621
All Pools,WDAO - MIM,0.3,False,0.06606,23.35,,0.26,1777908621
All Pools,WDAO - AVAX,0.3,False,0.06604,19.57,,0.31,1777908621
All Pools,UNIQOC - AVAX,0.3,False,0.06448,1138.29,,0.01,1777908621
All Pools,UNIQOC - COQ,0.3,False,0.0641,54.48,,0.11,1777908621
All Pools,USDC - AMI,0.3,False,0.06343,0.67133,,8.62,1777908621
All Pools,ElvisJackpot - BLACK,0.3,False,0.06289,17.66,,0.32,1777908621
All Pools,FINANCE - NOCHILL,0.3,False,0.06185,445.75,,0.01,1777908621
All Pools,Light - AVAX,0.3,False,0.06184,89.72,,0.06,1777908621
All Pools,Psychic - Stolen,0.3,False,0.06179,86.12,,0.07,1777908621
All Pools,Light - Now,0.3,False,0.0617,914.43,,0.01,1777908621
All Pools,CNR - USDt,0.3,False,0.0613,4.881,,1.15,1777908621
All Pools,AVAX - LuciferMorningstar,0.3,False,0.06082,14.63,,0.38,1777908621
All Pools,BrideOfChrist - BLACK,0.3,False,0.06046,33.22,,0.17,1777908621
All Pools,USDT.e - XAVA,0.3,False,0.05915,11.25,,0.48,1777908621
All Pools,MIM - GG,0.3,False,0.05859,291.25,,0.02,1777908621
All Pools,AVAX - GG,0.3,False,0.05858,9.414,,0.57,1777908621
All Pools,MIM - SPELL,0.3,False,0.05845,7.584,,0.7,1777908621
All Pools,wMEMO - MIM,0.3,False,0.05757,20.59,,0.26,1777908621
All Pools,ACS - USDC.e,0.3,False,0.05747,5.416,,0.97,1777908621
All Pools,USDR - USDC,0.3,False,0.05629,41.08,,0.13,1777908621
All Pools,FITFI - USDC,0.3,False,0.05569,0.45043,,11.28,1777908621
All Pools,MIM - GG,0.3,False,0.05562,23.31,,0.22,1777908621
All Pools,GG - AVAX,0.3,False,0.05561,12.3,,0.41,1777908621
All Pools,MELT - USDC.e,0.3,False,0.05469,30.97,,0.16,1777908621
All Pools,UST - UST,0.3,False,0.0546,1.899,,2.62,1777908621
All Pools,HEFE - Always,0.3,False,0.05398,0.88078,,5.59,1777908621
All Pools,wMEMO - AVAX,0.3,False,0.05337,13.73,,0.35,1777908621
All Pools,AMI - JUICY,0.3,False,0.05198,0.93322,,5.08,1777908621
All Pools,Sanskrit - AVAX,0.3,False,0.05151,89.83,,0.05,1777908621
All Pools,Sanskrit - Now,0.3,False,0.0514,915.64,,0.01,1777908621
All Pools,CommieSukey - AVAX,0.3,False,0.05112,292.93,,0.02,1777908621
All Pools,Psychic - CommieSukey,0.3,False,0.05102,323.0,,0.01,1777908621
All Pools,DUO - USDT.e,0.3,False,0.0507,7.268,,0.64,1777908621
All Pools,GOLD - AVAX,0.3,False,0.04973,0.00686,,661.11,1777908621
All Pools,AVAX - LYLY,0.3,False,0.0497,71.98,,0.06,1777908621
All Pools,AVAX - Mentor,0.3,False,0.0494,89.43,,0.05,1777908621
All Pools,Now - Mentor,0.3,False,0.04934,912.02,,0.0,1777908621
All Pools,WBTC.e - USDC.e,0.3,False,0.04917,9.003,,0.5,1777908621
All Pools,meGNX - AVAX,0.3,False,0.0488,17.53,,0.25,1777908621
All Pools,JOE - ZUBAX,0.3,False,0.04876,9.131,,0.49,1777908621
All Pools,MaryMagdalene - BrideOfChrist,0.3,False,0.04866,120.94,,0.04,1777908621
All Pools,MPL - USDt,0.3,False,0.04844,30.6,,0.14,1777908621
All Pools,MPL - AVAX,0.3,False,0.04842,6.137,,0.72,1777908621
All Pools,AVAX - RedFolder,0.3,False,0.04801,291.72,,0.02,1777908621
All Pools,Psychic - RedFolder,0.3,False,0.04792,321.92,,0.01,1777908621
All Pools,Stolen - AVAX,0.3,False,0.04777,17.65,,0.25,1777908621
All Pools,USDC.e - WOLF,0.3,False,0.04738,8.755,,0.49,1777908621
All Pools,AVAX - WOLF,0.3,False,0.04737,73.85,,0.06,1777908621
All Pools,Silver - AVAX,0.3,False,0.04712,88.28,,0.05,1777908621
All Pools,Silver - Now,0.3,False,0.04703,916.04,,0.0,1777908621
All Pools,Uncontractable - AVAX,0.3,False,0.04578,87.98,,0.05,1777908621
All Pools,Uncontractable - Now,0.3,False,0.04572,892.05,,0.0,1777908621
All Pools,MIM - NADO,0.3,False,0.04556,1161.09,,0.0,1777908621
All Pools,AVAX - NADO,0.3,False,0.04555,7.746,,0.54,1777908621
All Pools,REDWOLF - SOL,0.3,False,0.04551,75.66,,0.05,1777908621
All Pools,Chrism - ChristMark,0.3,False,0.04539,181.85,,0.02,1777908621
All Pools,RoselineBloodline - AVAX,0.3,False,0.04485,44.16,,0.09,1777908621
All Pools,FollowTheWhiteRabbit - RoselineBloodline,0.3,False,0.04484,41.49,,0.1,1777908621
All Pools,AVAX - All,0.3,False,0.04472,293.75,,0.01,1777908621
All Pools,Psychic - All,0.3,False,0.04464,322.55,,0.01,1777908621
All Pools,XAUt0 - ElvisJackpot,0.3,False,0.04393,326.75,,0.01,1777908621
All Pools,Trinity - Nala,0.3,False,0.04388,40.99,,0.1,1777908621
All Pools,MIM - LIFE,0.3,False,0.04345,66.77,,0.06,1777908621
All Pools,LIFE - AVAX,0.3,False,0.04345,7.222,,0.55,1777908621
All Pools,USDT.e - TMT,0.3,False,0.04322,25.97,,0.15,1777908621
All Pools,AVAX - TMT,0.3,False,0.04321,7.081,,0.56,1777908621
All Pools,USDC - WSPP,0.3,False,0.04317,44.04,,0.09,1777908621
All Pools,AVAX - WSPP,0.3,False,0.04317,2.986,,1.32,1777908621
All Pools,WORM - AVAX,0.3,False,0.04314,393.07,,0.01,1777908621
All Pools,MELT - USDC.e,0.3,False,0.04269,7.011,,0.56,1777908621
All Pools,MELT - AVAX,0.3,False,0.04268,1132.14,,0.0,1777908621
All Pools,COQ - JUICY,0.3,False,0.0423,0.71245,,5.42,1777908621
All Pools,AVAX - Wej,0.3,False,0.04226,291.95,,0.01,1777908621
All Pools,Psychic - Wej,0.3,False,0.04218,321.9,,0.01,1777908621
All Pools,Apollyon - AVAX,0.3,False,0.04211,36.45,,0.11,1777908621
All Pools,Apollyon - LuciferMorningstar,0.3,False,0.04206,235196665.0,,,1777908621
All Pools,TruthClosure - BLACK,0.3,False,0.04168,25.81,,0.15,1777908621
All Pools,MIM - SBR,0.3,False,0.04103,39.55,,0.09,1777908621
All Pools,SBR - AVAX,0.3,False,0.04102,7.283,,0.51,1777908621
All Pools,Trinity - Stolen,0.3,False,0.04098,29.81,,0.13,1777908621
All Pools,ICUBE - USDT.e,0.3,False,0.04063,107.84,,0.03,1777908621
All Pools,ICUBE - AVAX,0.3,False,0.04061,6.344,,0.58,1777908621
All Pools,BNB - AVAX,0.3,False,0.04007,4090.45,,,1777908621
All Pools,aAvaLINK - meGNX,0.3,False,0.03978,10.51,,0.35,1777908621
All Pools,LoveYou - Gravity,0.3,False,0.03873,57.21,,0.06,1777908621
All Pools,LoveYou - AVAX,0.3,False,0.03873,61.67,,0.06,1777908621
All Pools,Necromancer - AVAX,0.3,False,0.03845,89.7,,0.04,1777908621
All Pools,Now - Necromancer,0.3,False,0.03837,914.36,,0.0,1777908621
All Pools,HOWDY - NOCHILL,0.3,False,0.03829,1.067,,3.27,1777908621
All Pools,USDC - MXNB,0.3,False,0.03766,27.43,,0.13,1777908621
All Pools,RUGPULL - MUG,0.3,False,0.03764,183.78,,0.02,1777908621
All Pools,AMI - TOPIA,0.3,False,0.03758,225.17,,0.02,1777908621
All Pools,MIM - DAI.e,0.3,False,0.03737,52.1,,0.07,1777908621
All Pools,SURE - AVAX,0.3,False,0.03694,7.21,,0.47,1777908621
All Pools,Void - AVAX,0.3,False,0.0361,88.05,,0.04,1777908621
All Pools,Void - Now,0.3,False,0.03603,917.5,,0.0,1777908621
All Pools,USDT.e - BOREA,0.3,False,0.03567,26.44,,0.12,1777908621
All Pools,ArniStitch - AVAX,0.3,False,0.03565,291.27,,0.01,1777908621
All Pools,AVAX - BOREA,0.3,False,0.03564,6.658,,0.49,1777908621
All Pools,Psychic - ArniStitch,0.3,False,0.03559,322.13,,0.01,1777908621
All Pools,Four - AVAX,0.3,False,0.03542,74.41,,0.04,1777908621
All Pools,DrainTheSwamp - AVAX,0.3,False,0.03457,37.52,,0.08,1777908621
All Pools,REDWOLF - SHRAP,0.3,False,0.03363,1.159,,2.65,1777908621
All Pools,ELE - AVAX,0.3,False,0.03357,123.59,,0.02,1777908621
All Pools,OH - AVAX,0.3,False,0.03315,93.56,,0.03,1777908621
All Pools,GOOD - GAINS,0.3,False,0.03192,3.782,,0.77,1777908621
All Pools,GOOD - AVAX,0.3,False,0.03177,152.9,,0.02,1777908621
All Pools,QI - LYLY,0.3,False,0.03163,2.711,,1.06,1777908621
All Pools,WETH.e - USDR,0.3,False,0.03153,2.808,,1.02,1777908621
All Pools,RUG - USDT.e,0.3,False,0.03129,14.73,,0.19,1777908621
All Pools,wALGO - AVAX,0.3,False,0.03096,161.36,,0.02,1777908621
All Pools,wALGO - USDC,0.3,False,0.03095,2.81,,1.01,1777908621
All Pools,FITFI - USDC.e,0.3,False,0.03064,0.24246,,11.53,1777908621
All Pools,gOHM - JOE,0.3,False,0.03015,3.858,,0.71,1777908621
All Pools,FollowTheWhiteRabbit - StatueOfLiberty,0.3,False,0.03008,511.08,,0.01,1777908621
All Pools,StatueOfLiberty - AVAX,0.3,False,0.03005,14.72,,0.19,1777908621
All Pools,Milk - USDT.e,0.3,False,0.02966,14.42,,0.19,1777908621
All Pools,Milk - AVAX,0.3,False,0.02964,6.623,,0.41,1777908621
All Pools,AVAX - BlackAndGold,0.3,False,0.02962,293.45,,0.01,1777908621
All Pools,Psychic - BlackAndGold,0.3,False,0.02957,322.42,,0.01,1777908621
All Pools,AVAX - Propriety,0.3,False,0.02874,89.59,,0.03,1777908621
All Pools,Now - Propriety,0.3,False,0.02869,915.07,,0.0,1777908621
All Pools,USDT.e - GOT,0.3,False,0.02805,12.82,,0.2,1777908621
All Pools,AVAX - GOT,0.3,False,0.02804,5.242,,0.49,1777908621
All Pools,AVAX - √Root,0.3,False,0.02762,89.78,,0.03,1777908621
All Pools,Now - √Root,0.3,False,0.02757,914.99,,0.0,1777908621
All Pools,Blue - AVAX,0.3,False,0.02754,262.26,,0.01,1777908621
All Pools,WETH.e - yyAVAX,0.3,False,0.02716,19.47,,0.13,1777908621
All Pools,KOVIN - AVAX,0.3,False,0.02667,3179.13,,,1777908621
All Pools,USDC.e - SPADE,0.3,False,0.02656,16.12,,0.15,1777908621
All Pools,AVAX - SPADE,0.3,False,0.02655,6.044,,0.4,1777908621
All Pools,3ULL - AVAX,0.3,False,0.02651,47.24,,0.05,1777908621
All Pools,AVAX - IMPACT,0.3,False,0.02648,6.229,,0.39,1777908621
All Pools,KrisKringle - Gravity,0.3,False,0.02626,77.95,,0.03,1777908621
All Pools,KrisKringle - AVAX,0.3,False,0.02625,26.07,,0.09,1777908621
All Pools,Trinity - Sinterklaas,0.3,False,0.02607,26.13,,0.09,1777908621
All Pools,AVAX - Sinterklaas,0.3,False,0.02607,139.29,,0.02,1777908621
All Pools,SMRT - XAVA,0.3,False,0.02589,2.873,,0.82,1777908621
All Pools,BSGG - AVAX,0.3,False,0.02566,3.857,,0.61,1777908621
All Pools,USDC.e - UST,0.3,False,0.02536,1.756,,1.32,1777908621
All Pools,Psychic - Nala,0.3,False,0.02528,270.62,,0.01,1777908621
All Pools,BTC.b - HOWDY,0.3,False,0.02526,185.19,,0.01,1777908621
All Pools,Gravity - HustleTappers,0.3,False,0.02526,24.08,,0.1,1777908621
All Pools,AVAX - HustleTappers,0.3,False,0.02525,55.42,,0.04,1777908621
All Pools,USDT.e - AVVO,0.3,False,0.02518,4.056,,0.57,1777908621
All Pools,NOCHILL - ARENA,0.3,False,0.02512,0.41119,,5.57,1777908621
All Pools,USDt - IMPACT,0.3,False,0.02489,3.335,,0.68,1777908621
All Pools,Gravity - ChristMark,0.3,False,0.02483,15.6,,0.15,1777908621
All Pools,XIO - USDC,0.3,False,0.02451,24.35,,0.09,1777908621
All Pools,XIO - AVAX,0.3,False,0.02451,2.795,,0.8,1777908621
All Pools,LoveIsTheKey - AVAX,0.3,False,0.02436,14.99,,0.15,1777908621
All Pools,AAVE.e - USDT.e,0.3,False,0.02414,2.586,,0.85,1777908621
All Pools,AVAX - Ouroboros,0.3,False,0.02387,21.67,,0.1,1777908621
All Pools,ARENA - MU,0.3,False,0.02386,3.334,,0.65,1777908621
All Pools,BTC.b - GMX,0.3,False,0.02366,1.561,,1.38,1777908621
All Pools,WhollySphere - Gravity,0.3,False,0.02358,22.97,,0.09,1777908621
All Pools,WhollySphere - AVAX,0.3,False,0.02357,50.65,,0.04,1777908621
All Pools,WOLF - USDT.e,0.3,False,0.02357,4.056,,0.53,1777908621
All Pools,WOLF - AVAX,0.3,False,0.02356,70.35,,0.03,1777908621
All Pools,SOB - AVAX,0.3,False,0.02352,549.17,,0.0,1777908621
All Pools,Gravity - McdonaldTrouped,0.3,False,0.02344,22.95,,0.09,1777908621
All Pools,McdonaldTrouped - AVAX,0.3,False,0.02343,50.57,,0.04,1777908621
All Pools,Wingdings - Gravity,0.3,False,0.02318,21.94,,0.1,1777908621
All Pools,Wingdings - AVAX,0.3,False,0.02318,50.72,,0.04,1777908621
All Pools,FollowTheWhiteRabbit - TruthClosure,0.3,False,0.02314,45.84,,0.05,1777908621
All Pools,AVAX - USDR,0.3,False,0.02304,2.982,,0.7,1777908621
All Pools,Hydrogen - AVAX,0.3,False,0.02302,262.21,,0.01,1777908621
All Pools,HIGHER - NOCHILL,0.3,False,0.02275,0.31921,,6.5,1777908621
All Pools,AVAX - Teste,0.3,False,0.02274,88.92,,0.02,1777908621
All Pools,Now - Teste,0.3,False,0.0227,917.82,,0.0,1777908621
All Pools,DrainTheSwamp - Gravity,0.3,False,0.02254,22.63,,0.09,1777908621
All Pools,WINK - MU,0.3,False,0.02237,0.47381,,4.31,1777908621
All Pools,USDC.e - RUG,0.3,False,0.02228,24.82,,0.08,1777908621
All Pools,PNG - REDWOLF,0.3,False,0.02223,4.301,,0.47,1777908621
All Pools,CHAMP - ARENA,0.3,False,0.02213,17.11,,0.12,1777908621
All Pools,CHAMP - AMI,0.3,False,0.02213,38.41,,0.05,1777908621
All Pools,GMX - USDC,0.3,False,0.02195,0.90645,,2.21,1777908621
All Pools,MU - WAIFU,0.3,False,0.02155,100.1,,0.02,1777908621
All Pools,HIGHER - AMI,0.3,False,0.02147,3.272,,0.6,1777908621
All Pools,BNZ - WINK,0.3,False,0.02108,0.43328,,4.44,1777908621
All Pools,MerryXmas - AVAX,0.3,False,0.0209,268.58,,0.01,1777908621
All Pools,bCASH - LINK.e,0.3,False,0.0209,382.12,,0.0,1777908621
All Pools,Psychic - MerryXmas,0.3,False,0.02087,296.18,,0.01,1777908621
All Pools,AVAX - Always,0.3,False,0.0208,0.59254,,3.2,1777908621
All Pools,3ULL - USDt,0.3,False,0.02032,2.517,,0.74,1777908621
All Pools,CodexKennyMin - AVAX,0.3,False,0.02023,24.95,,0.07,1777908621
All Pools,XOMB - USDT.e,0.3,False,0.02023,2.412,,0.77,1777908621
All Pools,CodexKennyMin - FollowTheWhiteRabbit,0.3,False,0.02023,21.95,,0.08,1777908621
All Pools,XOMB - AVAX,0.3,False,0.02022,21.42,,0.09,1777908621
All Pools,ARA - AVAX,0.3,False,0.02021,2.837,,0.65,1777908621
All Pools,BGLD - USDT.e,0.3,False,0.02019,16.92,,0.11,1777908621
All Pools,BGLD - AVAX,0.3,False,0.02019,4.364,,0.42,1777908621
All Pools,WOLF - MU,0.3,False,0.02016,5.163,,0.36,1777908621
All Pools,HIGHER - HOWDY,0.3,False,0.02006,1.495,,1.23,1777908621
All Pools,AVAX - SwiftTaylor,0.3,False,0.01992,14.65,,0.12,1777908621
All Pools,CNR - AVAX,0.3,False,0.01989,61.85,,0.03,1777908621
All Pools,FatherChristmas - AVAX,0.3,False,0.01983,53.52,,0.03,1777908621
All Pools,FatherChristmas - Gravity,0.3,False,0.01979,21.89,,0.08,1777908621
All Pools,Satoshi - Gravity,0.3,False,0.01975,55.09,,0.03,1777908621
All Pools,Satoshi - AVAX,0.3,False,0.01974,19.09,,0.09,1777908621
All Pools,MUMO - USDC,0.3,False,0.01967,8.281,,0.22,1777908621
All Pools,Gravity - Vaccinations,0.3,False,0.01963,61.86,,0.03,1777908621
All Pools,AVAX - Vaccinations,0.3,False,0.01963,18.34,,0.1,1777908621
All Pools,QI - REDWOLF,0.3,False,0.01959,1.59,,1.12,1777908621
All Pools,Gravity - Nakamoto,0.3,False,0.01954,62.02,,0.03,1777908621
All Pools,Nakamoto - AVAX,0.3,False,0.01954,18.35,,0.1,1777908621
All Pools,COQ - REDWOLF,0.3,False,0.01948,12.42,,0.14,1777908621
All Pools,COQ - KOVIN,0.3,False,0.01937,12.93,,0.14,1777908621
All Pools,AVAX - TT,0.3,False,0.01921,1.927,,0.91,1777908621
All Pools,MerryChristmas - Gravity,0.3,False,0.01913,62.07,,0.03,1777908621
All Pools,MerryChristmas - AVAX,0.3,False,0.01913,18.38,,0.09,1777908621
All Pools,BTC.b - MUMO,0.3,False,0.0191,4.844,,0.36,1777908621
All Pools,TruthClosure - AVAX,0.3,False,0.01856,11.58,,0.15,1777908621
All Pools,Who - BLACK,0.3,False,0.01842,4.791,,0.35,1777908621
All Pools,Who - AVAX,0.3,False,0.01842,139.43,,0.01,1777908621
All Pools,Stolen - BLACK,0.3,False,0.01826,5.39,,0.31,1777908621
All Pools,KIWI - USDt,0.3,False,0.01819,20.53,,0.08,1777908621
All Pools,COQ - LYLY,0.3,False,0.01807,15.2,,0.11,1777908621
All Pools,Four - Found,0.3,False,0.01773,1847.7,,,1777908621
All Pools,USDT.e - iBONE,0.3,False,0.01746,4.81,,0.33,1777908621
All Pools,AVAX - iBONE,0.3,False,0.01746,5.415,,0.29,1777908621
All Pools,ILoveYouWordSpell - AVAX,0.3,False,0.01745,18.21,,0.09,1777908621
All Pools,ILoveYouWordSpell - Gravity,0.3,False,0.01744,102.29,,0.02,1777908621
All Pools,SodomAndGomorrah - AVAX,0.3,False,0.01741,19.22,,0.08,1777908621
All Pools,Trinity - SodomAndGomorrah,0.3,False,0.0174,22.69,,0.07,1777908621
All Pools,WalkTheWalkNowJesus - Gravity,0.3,False,0.01719,25.44,,0.06,1777908621
All Pools,WalkTheWalkNowJesus - AVAX,0.3,False,0.01719,24.79,,0.06,1777908621
All Pools,COQ - MU,0.3,False,0.01711,4.578,,0.34,1777908621
All Pools,GRELF[ava] - AVAX,0.3,False,0.01701,1153.78,,0.0,1777908621
All Pools,AVAX - LAST,0.3,False,0.017,1045.37,,0.0,1777908621
All Pools,AVAX - LookingGlass,0.3,False,0.01639,16.22,,0.09,1777908621
All Pools,HCT - AVAX,0.3,False,0.01636,3.37,,0.44,1777908621
All Pools,Gravity - LookingGlass,0.3,False,0.01635,184.55,,0.01,1777908621
All Pools,KOKSAL - USDC,0.3,False,0.0163,4.74,,0.31,1777908621
All Pools,KOKSAL - AVAX,0.3,False,0.01629,3.507,,0.42,1777908621
All Pools,REDWOLF - ODDZ,0.3,False,0.0162,1.549,,0.95,1777908621
All Pools,ZH - JOE,0.3,False,0.01619,2.818,,0.52,1777908621
All Pools,ZH - USDC.e,0.3,False,0.01619,22.88,,0.06,1777908621
All Pools,JOE - QI,0.3,False,0.01603,0.94287,,1.55,1777908621
All Pools,WOLF - AVAX,0.3,False,0.01578,43039.0,,,1777908621
All Pools,QI - USDC.e,0.3,False,0.01574,0.81023,,1.77,1777908621
All Pools,Trinity - Yeshua,0.3,False,0.01563,34.61,,0.04,1777908621
All Pools,AVAX - Yeshua,0.3,False,0.01562,29.33,,0.05,1777908621
All Pools,WETH.e - MU,0.3,False,0.01524,2.074,,0.67,1777908621
All Pools,DUA - USDC,0.3,False,0.01494,11.52,,0.12,1777908621
All Pools,AVAX - DUA,0.3,False,0.01494,2.06,,0.66,1777908621
All Pools,GAINS - COQ,0.3,False,0.01472,2.026,,0.66,1777908621
All Pools,GAINS - BOBS,0.3,False,0.01456,2.245,,0.59,1777908621
All Pools,RUGG - AVAX,0.3,False,0.01454,349.97,,0.0,1777908621
All Pools,AVAX - BOBS,0.3,False,0.01451,5465.92,,,1777908621
All Pools,SUB - AVAX,0.3,False,0.01422,20.9,,0.06,1777908621
All Pools,Psychic - Blue,0.3,False,0.0141,82.53,,0.02,1777908621
All Pools,LoveIsTheKey - FollowTheWhiteRabbit,0.3,False,0.01391,64.8,,0.02,1777908621
All Pools,Strength - BLACK,0.3,False,0.01388,4.796,,0.26,1777908621
All Pools,AVAX - Strength,0.3,False,0.01387,140.61,,0.01,1777908621
All Pools,Go - BLACK,0.3,False,0.01385,4.79,,0.26,1777908621
All Pools,Go - AVAX,0.3,False,0.01385,139.64,,0.01,1777908621
All Pools,AVAX - Wormwood,0.3,False,0.0138,17.05,,0.07,1777908621
All Pools,Gravity - Wormwood,0.3,False,0.0138,15.4,,0.08,1777908621
All Pools,AVAX - WOHM,0.3,False,0.01376,3.371,,0.37,1777908621
All Pools,MIM - WOHM,0.3,False,0.01375,85.81,,0.01,1777908621
All Pools,AVAX - SantaClaus,0.3,False,0.01372,24.68,,0.05,1777908621
All Pools,Gravity - SantaClaus,0.3,False,0.01371,11.9,,0.11,1777908621
All Pools,USDV - REDWOLF,0.3,False,0.01367,18.21,,0.07,1777908621
All Pools,Yellow - BLACK,0.3,False,0.01364,4.826,,0.26,1777908621
All Pools,Yellow - AVAX,0.3,False,0.01363,264.47,,0.0,1777908621
All Pools,AVAX - LoveWins,0.3,False,0.01352,7.784,,0.16,1777908621
All Pools,FollowTheWhiteRabbit - LoveWins,0.3,False,0.01352,151.86,,0.01,1777908621
All Pools,Hydrogen - BLACK,0.3,False,0.01349,4.841,,0.25,1777908621
All Pools,Blue - BLACK,0.3,False,0.01342,4.844,,0.25,1777908621
All Pools,TRYB - USDC.e,0.3,False,0.01341,31.35,,0.04,1777908621
All Pools,XAVA - HON,0.3,False,0.01336,1.859,,0.66,1777908621
All Pools,MIM - RUG,0.3,False,0.01335,22.83,,0.05,1777908621
All Pools,Gravity - Ouroboros,0.3,False,0.01324,30.47,,0.04,1777908621
All Pools,AVAX - ETH,0.3,False,0.01321,16.65,,0.07,1777908621
All Pools,aDXN - AVAX,0.3,False,0.0131,3.664,,0.33,1777908621
All Pools,Trinity - SwiftTaylor,0.3,False,0.01292,17.72,,0.07,1777908621
All Pools,TokenZ - USDC,0.3,False,0.01272,3.765,,0.31,1777908621
All Pools,TokenZ - AVAX,0.3,False,0.01271,2.387,,0.49,1777908621
All Pools,LUNA - USDC,0.3,False,0.01269,1.401,,0.83,1777908621
All Pools,CAI - AMI,0.3,False,0.01268,0.51804,,2.23,1777908621
All Pools,3AC - NOCHILL,0.3,False,0.01268,0.17336,,6.67,1777908621
All Pools,AVAX - GrinchKidAfflict,0.3,False,0.01267,43.28,,0.03,1777908621
All Pools,ValentinMidwifes - Gravity,0.3,False,0.01267,39.06,,0.03,1777908621
All Pools,Gravity - GrinchKidAfflict,0.3,False,0.01266,9.14,,0.13,1777908621
All Pools,GAINS - Degen,0.3,False,0.01254,2.03,,0.56,1777908621
All Pools,Degen - AVAX,0.3,False,0.0125,1997.89,,,1777908621
All Pools,USDC - COSMIC,0.3,False,0.01249,54.19,,0.02,1777908621
All Pools,AVAX - COSMIC,0.3,False,0.01248,1.246,,0.91,1777908621
All Pools,NineHundred - AVAX,0.3,False,0.01246,140.12,,0.01,1777908621
All Pools,NineHundred - BLACK,0.3,False,0.01246,4.819,,0.24,1777908621
All Pools,JOE - USDt,0.3,False,0.01245,0.8408,,1.35,1777908621
All Pools,AVAX - LODE,0.3,False,0.01208,1.027,,1.07,1777908621
All Pools,DrainTheSwamp - FollowTheWhiteRabbit,0.3,False,0.01203,11.02,,0.1,1777908621
All Pools,AVAX - BAVA,0.3,False,0.01171,11.37,,0.09,1777908621
All Pools,WETH.e - STATIK,0.3,False,0.0115,1.371,,0.77,1777908621
All Pools,AVAX - MUG,0.3,False,0.01145,1.214,,0.86,1777908621
All Pools,Anon - USDC,0.3,False,0.01142,1.04,,1.0,1777908621
All Pools,ARENA - AMI,0.3,False,0.01141,1.398,,0.74,1777908621
All Pools,AVAX - QUASI,0.3,False,0.01123,586.79,,0.0,1777908621
All Pools,GAINS - QUASI,0.3,False,0.01118,1.405,,0.73,1777908621
All Pools,Orange - BLACK,0.3,False,0.01116,4.107,,0.25,1777908621
All Pools,Wormhole - AVAX,0.3,False,0.01116,103.76,,0.01,1777908621
All Pools,Trinity - Wormhole,0.3,False,0.01115,6.19,,0.16,1777908621
All Pools,Orem - AVAX,0.3,False,0.01095,103.85,,0.01,1777908621
All Pools,Trinity - Orem,0.3,False,0.01094,6.196,,0.16,1777908621
All Pools,COQ - MCV,0.3,False,0.01085,9.753,,0.1,1777908621
All Pools,MCV - AVAX,0.3,False,0.01082,400.03,,0.0,1777908621
All Pools,TickTock - AVAX,0.3,False,0.01076,89.74,,0.01,1777908621
All Pools,TickTock - Now,0.3,False,0.01074,914.81,,0.0,1777908621
All Pools,AVAX - DWC,0.3,False,0.01053,6009.5,,,1777908621
All Pools,LoveIsTheKey - BLACK,0.3,False,0.01047,7.914,,0.12,1777908621
All Pools,BNZ - AVAX,0.3,False,0.01045,62.08,,0.02,1777908621
All Pools,MU - COQAI,0.3,False,0.01042,6.526,,0.15,1777908621
All Pools,Psychic - Turtle,0.3,False,0.01041,61.95,,0.02,1777908621
All Pools,AVAX - EDG,0.3,False,0.0104,3.126,,0.3,1777908621
All Pools,MIM - EDG,0.3,False,0.01039,7.834,,0.12,1777908621
All Pools,Chrism - BLACK,0.3,False,0.01038,2.373,,0.4,1777908621
All Pools,AVAX - OK,0.3,False,0.01014,1.951,,0.47,1777908621
All Pools,AVAX - NORTH,0.3,False,0.01013,2.111,,0.44,1777908621
All Pools,USDT.e - NORTH,0.3,False,0.01011,26.67,,0.03,1777908621
All Pools,aAvaLINK - LINK.e,0.3,False,0.01011,1.866,,0.49,1777908621
All Pools,BLACK - SantaGospel,0.3,False,0.01008,4.776,,0.19,1777908621
All Pools,AVAX - SantaGospel,0.3,False,0.01008,133.92,,0.01,1777908621
All Pools,FTOMB - AVAX,0.3,False,0.01005,10261.0,,,1777908621
All Pools,SHERPA - AVAX,0.3,False,0.00998,131.32,,0.01,1777908621
All Pools,ACS - USDt,0.3,False,0.00988,0.98009,,0.92,1777908621
All Pools,DivineFeminine - ValentinMidwifes,0.3,False,0.00987,41.25,,0.02,1777908621
All Pools,CATWIF - MAJIN,0.3,False,0.00979,0.85655,,1.04,1777908621
All Pools,XETA - AVAX,0.3,False,0.0096,0.24559,,3.57,1777908621
All Pools,TRACTOR - USDT.e,0.3,False,0.00958,1.979,,0.44,1777908621
All Pools,Psychic - Hydrogen,0.3,False,0.00951,82.87,,0.01,1777908621
All Pools,Psychic - Mirror,0.3,False,0.00949,61.92,,0.01,1777908621
All Pools,APOW - MU,0.3,False,0.00934,3.536,,0.24,1777908621
All Pools,aDXN - aXEN,0.3,False,0.00934,0.6265,,1.36,1777908621
All Pools,wsOHM - OTWO,0.3,False,0.00919,3.639,,0.23,1777908621
All Pools,gOHM - OTWO,0.3,False,0.0091,88507.0,,,1777908621
All Pools,AVAX - VYBE,0.3,False,0.00904,3.264,,0.25,1777908621
All Pools,MIM - VYBE,0.3,False,0.00903,3.723,,0.22,1777908621
All Pools,KIMBO - GAINS,0.3,False,0.00898,1.359,,0.6,1777908621
All Pools,MU - SOL,0.3,False,0.0089,1.335,,0.61,1777908621
All Pools,AVAX - TUSK,0.3,False,0.0088,2.485,,0.32,1777908621
All Pools,USDC.e - TUSK,0.3,False,0.00879,9.704,,0.08,1777908621
All Pools,AUSD - HUSKY,0.3,False,0.00872,0.75911,,1.05,1777908621
All Pools,Trinity - FourFourFour,0.3,False,0.00864,4.971,,0.16,1777908621
All Pools,USDC.e - BAVA,0.3,False,0.00858,2.939,,0.27,1777908621
All Pools,COQ - SNP,0.3,False,0.00855,26.55,,0.03,1777908621
All Pools,SYN - USDC.e,0.3,False,0.00854,1.223,,0.64,1777908621
All Pools,SNP - AVAX,0.3,False,0.00853,11.57,,0.07,1777908621
All Pools,GAINS - MEAT,0.3,False,0.00853,0.99126,,0.78,1777908621
All Pools,AVAX - HOST,0.3,False,0.00845,1.94,,0.4,1777908621
All Pools,KOVIN - MU,0.3,False,0.00822,3.071,,0.24,1777908621
All Pools,XPOW - AVAX,0.3,False,0.00818,119.07,,0.01,1777908621
All Pools,XPOW - USDt,0.3,False,0.00817,1.394,,0.53,1777908621
All Pools,BENIS - AVAX,0.3,False,0.00811,15.54,,0.05,1777908621
All Pools,HOST - DAI.e,0.3,False,0.00808,2.987,,0.25,1777908621
All Pools,Psychic - Oracle,0.3,False,0.00791,61.95,,0.01,1777908621
All Pools,AAVE.e - USDC.e,0.3,False,0.00789,1.253,,0.57,1777908621
All Pools,AI9000 - AVAX,0.3,False,0.00782,303.02,,0.0,1777908621
All Pools,Psychic - Penny,0.3,False,0.00771,61.95,,0.01,1777908621
All Pools,JOE - REDWOLF,0.3,False,0.0077,3.977,,0.18,1777908621
All Pools,AprilFoolsDay - AVAX,0.3,False,0.00768,103.69,,0.01,1777908621
All Pools,Trinity - AprilFoolsDay,0.3,False,0.00767,6.216,,0.11,1777908621
All Pools,AVAX - AXIAL,0.3,False,0.00764,1034.65,,,1777908621
All Pools,LUNA - USDt,0.3,False,0.00763,1.327,,0.52,1777908621
All Pools,AKA - AVAX,0.3,False,0.00754,2.26,,0.3,1777908621
All Pools,AKA - USDt,0.3,False,0.00754,2.921,,0.24,1777908621
All Pools,COQ - ARENA,0.3,False,0.00736,1.233,,0.54,1777908621
All Pools,WITCH - AVAX,0.3,False,0.00728,2.761,,0.24,1777908621
All Pools,WITCH - USDC,0.3,False,0.00728,1.718,,0.39,1777908621
All Pools,ChristMark - ChristIAmYou,0.3,False,0.00723,26.53,,0.02,1777908621
All Pools,Psychic - daVinci,0.3,False,0.00714,61.94,,0.01,1777908621
All Pools,Psychic - Gematria,0.3,False,0.00713,61.95,,0.01,1777908621
All Pools,Psychic - RefZip,0.3,False,0.00712,61.94,,0.01,1777908621
All Pools,JOE - aXEN,0.3,False,0.00711,0.24212,,2.68,1777908621
All Pools,Psychic - Finish,0.3,False,0.00711,61.91,,0.01,1777908621
All Pools,Psychic - Qubit,0.3,False,0.0071,61.91,,0.01,1777908621
All Pools,Psychic - Blessings,0.3,False,0.00708,61.91,,0.01,1777908621
All Pools,Psychic - Solved,0.3,False,0.00708,61.95,,0.01,1777908621
All Pools,Psychic - IAmThatIAm,0.3,False,0.00706,61.95,,0.01,1777908621
All Pools,Psychic - Confusion,0.3,False,0.00705,61.95,,0.01,1777908621
All Pools,AVAX - GematrixDotOrg,0.3,False,0.00705,16.64,,0.04,1777908621
All Pools,Gravity - GematrixDotOrg,0.3,False,0.00703,13.01,,0.05,1777908621
All Pools,Psychic - TwinFlames,0.3,False,0.00703,62.65,,0.01,1777908621
All Pools,NotBrideOfChrist - AVAX,0.3,False,0.00702,69.2,,0.01,1777908621
All Pools,NotBrideOfChrist - SwiftTaylor,0.3,False,0.00701,52.12,,0.01,1777908621
All Pools,Psychic - TrumpCard,0.3,False,0.00699,61.96,,0.01,1777908621
All Pools,Choice - Psychic,0.3,False,0.00698,61.92,,0.01,1777908621
All Pools,Psychic - YouAndI,0.3,False,0.00694,61.94,,0.01,1777908621
All Pools,DCAR - AVAX,0.3,False,0.00689,1.094,,0.57,1777908621
All Pools,DCAR - USDC,0.3,False,0.00688,55.81,,0.01,1777908621
All Pools,Loyalty - Psychic,0.3,False,0.00686,61.91,,0.01,1777908621
All Pools,HOWDY - AVAX,0.3,False,0.00686,21089.0,,,1777908621
All Pools,STOMB - AVAX,0.3,False,0.00683,7911.45,,,1777908621
All Pools,Psychic - BiTonic,0.3,False,0.00681,61.95,,0.01,1777908621
All Pools,Psychic - TheArcher,0.3,False,0.00681,61.95,,0.01,1777908621
All Pools,MU - MUG,0.3,False,0.00679,2446.95,,,1777908621
All Pools,Psychic - Artemis,0.3,False,0.00678,61.9,,0.01,1777908621
All Pools,USDC - MU,0.3,False,0.00665,0.34463,,1.76,1777908621
All Pools,LYD - REDWOLF,0.3,False,0.00661,4.811,,0.13,1777908621
All Pools,Psychic - Six,0.3,False,0.00657,61.95,,0.01,1777908621
All Pools,GAINS - TECH,0.3,False,0.00654,0.61487,,0.97,1777908621
All Pools,Psychic - Nine,0.3,False,0.00654,61.93,,0.01,1777908621
All Pools,GAINS - DWC,0.3,False,0.00653,0.97519,,0.61,1777908621
All Pools,Psychic - ElmoSunkGematria,0.3,False,0.00652,61.96,,0.01,1777908621
All Pools,Spider - Psychic,0.3,False,0.0065,61.91,,0.01,1777908621
All Pools,Psychic - Zero,0.3,False,0.00648,61.92,,0.01,1777908621
All Pools,NXPC - USDC,0.3,False,0.00643,0.71916,,0.82,1777908621
All Pools,USV - AVAX,0.3,False,0.0064,1.15,,0.51,1777908621
All Pools,WBTC.e - USDC,0.3,False,0.00633,0.20963,,2.75,1777908621
All Pools,gOHM - USDT.e,0.3,False,0.00632,0.59604,,0.97,1777908621
All Pools,Psychic - Lock,0.3,False,0.00631,61.93,,0.01,1777908621
All Pools,MIM - SMRT,0.3,False,0.0063,1.662,,0.35,1777908621
All Pools,ABC - AMI,0.3,False,0.00629,3.979,,0.14,1777908621
All Pools,SNTA - MIM,0.3,False,0.00622,0.99076,,0.57,1777908621
All Pools,Psychic - KekiusMaximus,0.3,False,0.0062,61.95,,0.01,1777908621
All Pools,GAINS - BAWLS,0.3,False,0.00619,0.92279,,0.61,1777908621
All Pools,Psychic - SevenSevenSeven,0.3,False,0.00617,61.96,,0.01,1777908621
All Pools,BAWLS - AVAX,0.3,False,0.00617,16.41,,0.03,1777908621
All Pools,Psychic - BirthingCode,0.3,False,0.0061,61.95,,0.01,1777908621
All Pools,Flection - Psychic,0.3,False,0.00607,61.95,,0.01,1777908621
All Pools,Psychic - LordJesusChrist,0.3,False,0.00602,59.35,,0.01,1777908621
All Pools,Psychic - Diamonds,0.3,False,0.006,61.95,,0.01,1777908621
All Pools,Psychic - Numbers,0.3,False,0.00595,61.95,,0.01,1777908621
All Pools,SYN - REDWOLF,0.3,False,0.00594,2.637,,0.21,1777908621
All Pools,LUNA - USDC,0.3,False,0.00592,0.13339,,4.05,1777908621
All Pools,Psychic - Crypt,0.3,False,0.00591,61.9,,0.01,1777908621
All Pools,USDC - OK,0.3,False,0.0059,1.187,,0.45,1777908621
All Pools,Psychic - Luck,0.3,False,0.00589,61.96,,0.01,1777908621
All Pools,Psychic - Thick,0.3,False,0.00587,61.93,,0.01,1777908621
All Pools,Psychic - Bonfire,0.3,False,0.00587,61.95,,0.01,1777908621
All Pools,Psychic - PennyTrinity,0.3,False,0.00585,61.97,,0.01,1777908621
All Pools,AVAX - Gaza,0.3,False,0.0058,3.186,,0.17,1777908621
All Pools,Psychic - [In]finity,0.3,False,0.00579,61.93,,0.01,1777908621
All Pools,Trinity - Gaza,0.3,False,0.00579,3.771,,0.14,1777908621
All Pools,Psychic - WhoWhoWho,0.3,False,0.00577,61.91,,0.01,1777908621
All Pools,Psychic - Alphabet,0.3,False,0.00568,61.96,,0.01,1777908621
All Pools,SatoshiNakamoto - Psychic,0.3,False,0.00566,61.95,,0.01,1777908621
All Pools,Psychic - Sequence,0.3,False,0.00564,61.96,,0.01,1777908621
All Pools,AVAI - USDC.e,0.3,False,0.00561,33.32,,0.02,1777908621
All Pools,MIM - SDOG,0.3,False,0.00561,315.84,,0.0,1777908621
All Pools,AVAX - WINE,0.3,False,0.0056,0.66501,,0.77,1777908621
All Pools,KIMBO - KOVIN,0.3,False,0.00559,5.269,,0.1,1777908621
All Pools,USDC.e - SMRT,0.3,False,0.00554,2.208,,0.23,1777908621
All Pools,DWC - MU,0.3,False,0.00554,3.476,,0.15,1777908621
All Pools,Psychic - Codes,0.3,False,0.00554,61.96,,0.01,1777908621
All Pools,CATWIF - MU,0.3,False,0.00552,3.618,,0.14,1777908621
All Pools,Psychic - Partment,0.3,False,0.00548,61.93,,0.01,1777908621
All Pools,Psychic - Architect,0.3,False,0.00546,61.95,,0.01,1777908621
All Pools,TEMPO - AVAX,0.3,False,0.00545,1.065,,0.47,1777908621
All Pools,MIM - TEMPO,0.3,False,0.00544,6.659,,0.07,1777908621
All Pools,AVAX - WISE,0.3,False,0.00544,2.805,,0.18,1777908621
All Pools,Psychic - OneOneOne,0.3,False,0.00543,61.95,,0.01,1777908621
All Pools,USDC.e - WISE,0.3,False,0.00543,7.123,,0.07,1777908621
All Pools,GAINS - KONG,0.3,False,0.00542,0.76073,,0.65,1777908621
All Pools,Psychic - Gematria,0.3,False,0.00539,61.95,,0.01,1777908621
All Pools,Psychic - Verse,0.3,False,0.00537,61.92,,0.01,1777908621
All Pools,Eye - Psychic,0.3,False,0.00532,61.95,,0.01,1777908621
All Pools,Hollywood - Ouroboros,0.3,False,0.00531,13.04,,0.04,1777908621
All Pools,3ULL - USDC,0.3,False,0.00529,0.65091,,0.74,1777908621
All Pools,Psychic - Line,0.3,False,0.00524,62.72,,0.01,1777908621
All Pools,MEOW - MU,0.3,False,0.00521,1.565,,0.3,1777908621
All Pools,FiveTwelveThirteen - AVAX,0.3,False,0.00521,5.191,,0.09,1777908621
All Pools,ElkeNevusRome - AVAX,0.3,False,0.00521,13.02,,0.04,1777908621
All Pools,COQ - MICRO,0.3,False,0.0052,3.753,,0.13,1777908621
All Pools,ElkeNevusRome - Gravity,0.3,False,0.00519,4.957,,0.1,1777908621
All Pools,FiveTwelveThirteen - Gravity,0.3,False,0.00519,6.882,,0.07,1777908621
All Pools,ETHM - AVAX,0.3,False,0.00518,27.27,,0.02,1777908621
All Pools,AVAX - MICRO,0.3,False,0.00518,23.77,,0.02,1777908621
All Pools,USDC - LODE,0.3,False,0.00513,880.33,,,1777908621
All Pools,Psychic - Ups,0.3,False,0.00509,61.96,,0.01,1777908621
All Pools,WLRS - USDC,0.3,False,0.00501,4.01,,0.11,1777908621
All Pools,WINK - AMI,0.3,False,0.00499,0.10815,,4.21,1777908621
All Pools,GURS - ARENA,0.3,False,0.0049,7.381,,0.06,1777908621
All Pools,TrueLove - AVAX,0.3,False,0.0048,12.88,,0.03,1777908621
All Pools,TrueLove - Gravity,0.3,False,0.00479,4.902,,0.09,1777908621
All Pools,GMX - JOE,0.3,False,0.00472,0.42648,,1.01,1777908621
All Pools,BEAM - MU,0.3,False,0.0047,1.078,,0.4,1777908621
All Pools,AI9000 - USDt,0.3,False,0.00469,0.90069,,0.48,1777908621
All Pools,RGOGLZ - AVAX,0.3,False,0.00464,4.108,,0.1,1777908621
All Pools,JPYC - AVAX,0.3,False,0.00461,0.27534,,1.53,1777908621
All Pools,AMI - MU,0.3,False,0.00453,1.719,,0.24,1777908621
All Pools,ETHM - DAI.e,0.3,False,0.00447,0.67227,,0.61,1777908621
All Pools,KR - AVAX,0.3,False,0.00442,1.699,,0.24,1777908621
All Pools,GMX - USDt,0.3,False,0.00441,0.37819,,1.06,1777908621
All Pools,KR - USDC.e,0.3,False,0.0044,11.45,,0.04,1777908621
All Pools,REDWOLF - GEC,0.3,False,0.00431,3.982,,0.1,1777908621
All Pools,TT - DAI.e,0.3,False,0.0043,1.91,,0.21,1777908621
All Pools,GAINS - KOVIN,0.3,False,0.0042,0.64508,,0.59,1777908621
All Pools,Psychic - Number,0.3,False,0.00419,61.97,,0.01,1777908621
All Pools,Psychic - Vampire,0.3,False,0.00418,61.96,,0.01,1777908621
All Pools,AAVE.e - meGNX,0.3,False,0.00417,4.034,,0.09,1777908621
All Pools,Psychic - Aquarius,0.3,False,0.00417,61.92,,0.01,1777908621
All Pools,SYN - USDT.e,0.3,False,0.00399,0.65431,,0.56,1777908621
All Pools,Psychic - TrueStory,0.3,False,0.00397,61.96,,0.01,1777908621
All Pools,AVAX - PAR,0.3,False,0.00396,2.39,,0.15,1777908621
All Pools,MIM - PAR,0.3,False,0.00395,1.917,,0.19,1777908621
All Pools,Lightworker - AVAX,0.3,False,0.00395,2.735,,0.13,1777908621
All Pools,GRAPE - AVAX,0.3,False,0.00394,0.8791,,0.41,1777908621
All Pools,Gravity - Lightworker,0.3,False,0.00394,53.4,,0.01,1777908621
All Pools,Evergreen - AVAX,0.3,False,0.00393,25.28,,0.01,1777908621
All Pools,Evergreen - Gravity,0.3,False,0.00392,4.769,,0.07,1777908621
All Pools,Psychic - Seminole,0.3,False,0.00389,61.91,,0.01,1777908621
All Pools,YEEHAW - ARENA,0.3,False,0.00389,2.356,,0.15,1777908621
All Pools,Psychic - PoPo,0.3,False,0.00386,61.96,,0.01,1777908621
All Pools,Psychic - James,0.3,False,0.00382,61.97,,0.01,1777908621
All Pools,RUGPULL - AVAX,0.3,False,0.00381,2.957,,0.12,1777908621
All Pools,Psychic - FinityFinity,0.3,False,0.0038,61.96,,0.01,1777908621
All Pools,gOHM - USDC.e,0.3,False,0.00379,0.3034,,1.14,1777908621
All Pools,EHCNALAVA - AVAX,0.3,False,0.00379,1507.02,,,1777908621
All Pools,COQ - ZUM,0.3,False,0.00379,1.12,,0.31,1777908621
All Pools,KIMBO - EHCNALAVA,0.3,False,0.00379,2.831,,0.12,1777908621
All Pools,SaintGermain - BLACK,0.3,False,0.00376,2.483,,0.14,1777908621
All Pools,SYN - WETH.e,0.3,False,0.00373,0.68023,,0.5,1777908621
All Pools,Psychic - QuetzalCoatl,0.3,False,0.00373,61.96,,0.01,1777908621
All Pools,Trinity - IfYouKnowYouKnow,0.3,False,0.00371,5.027,,0.07,1777908621
All Pools,KIMBO - COQ,0.3,False,0.00371,1.685,,0.2,1777908621
All Pools,WETH.e - meGNX,0.3,False,0.00367,6.648,,0.05,1777908621
All Pools,YETI - WINE,0.3,False,0.00362,1.45,,0.23,1777908621
All Pools,YETI - AVAX,0.3,False,0.00361,943.13,,,1777908621
All Pools,GATOR - AMI,0.3,False,0.00358,4.532,,0.07,1777908621
All Pools,SMRTr - USDT.e,0.3,False,0.00358,1.313,,0.25,1777908621
All Pools,TEDDY - AVAX,0.3,False,0.00354,16.79,,0.02,1777908621
All Pools,Psychic - Checkmate,0.3,False,0.00351,62.1,,0.01,1777908621
All Pools,GG - AVAX,0.3,False,0.00347,0.15981,,1.98,1777908621
All Pools,Psychic - Equal,0.3,False,0.00347,61.96,,0.01,1777908621
All Pools,Psychic - Abracadabra,0.3,False,0.00345,61.93,,0.01,1777908621
All Pools,WETH.e - HOWDY,0.3,False,0.00344,1.051,,0.3,1777908621
All Pools,MIM - DUNEV3,0.3,False,0.00343,66822.0,,,1777908621
All Pools,Psychic - PlotTwist,0.3,False,0.00341,63.33,,0.0,1777908621
All Pools,Psychic - WhoWho,0.3,False,0.00334,61.95,,0.0,1777908621
All Pools,MIM - ICE,0.3,False,0.0033,0.99668,,0.3,1777908621
All Pools,STG - JOE,0.3,False,0.00326,0.17038,,1.75,1777908621
All Pools,EGG - AVAX,0.3,False,0.00326,1.7,,0.17,1777908621
All Pools,Psychic - KatzJoel,0.3,False,0.00325,61.93,,0.0,1777908621
All Pools,EGG - USDT.e,0.3,False,0.00324,1.986,,0.15,1777908621
All Pools,USDt - USDC.e,0.3,False,0.00323,14.2,,0.02,1777908621
All Pools,ELXR - USDC.e,0.3,False,0.00321,1094.11,,,1777908621
All Pools,Psychic - Hexagon,0.3,False,0.00318,61.95,,0.0,1777908621
All Pools,COQWIF - AVAX,0.3,False,0.00313,6479.31,,,1777908621
All Pools,WBTC.e - MU,0.3,False,0.00312,0.7261,,0.39,1777908621
All Pools,AI9000 - MU,0.3,False,0.00312,1.28,,0.22,1777908621
All Pools,CRAFT - USDC.e,0.3,False,0.00309,0.86649,,0.33,1777908621
All Pools,JOE - aDXN,0.3,False,0.00301,0.8344,,0.33,1777908621
All Pools,CATWIF - REDWOLF,0.3,False,0.00299,0.97752,,0.28,1777908621
All Pools,EagleToken - AVAX,0.3,False,0.00293,2.117,,0.13,1777908621
All Pools,EagleToken - USDC.e,0.3,False,0.00292,2.214,,0.12,1777908621
All Pools,AVXT - AVAX,0.3,False,0.00291,52.66,,0.01,1777908621
All Pools,ValentinMidwifes - AVAX,0.3,False,0.00282,2.379,,0.11,1777908621
All Pools,GURS - HOWDY,0.3,False,0.00278,1.861,,0.14,1777908621
All Pools,USDC - TT,0.3,False,0.00276,2.002,,0.13,1777908621
All Pools,UST - WINE,0.3,False,0.00274,0.88687,,0.28,1777908621
All Pools,MU - KET,0.3,False,0.00269,1.33,,0.18,1777908621
All Pools,AVAX - SAGE,0.3,False,0.00265,0.89039,,0.27,1777908621
All Pools,USDC.e - SAGE,0.3,False,0.00264,2.177,,0.11,1777908621
All Pools,TEDDY - USDC,0.3,False,0.00263,0.42741,,0.56,1777908621
All Pools,PNG - USDT.e,0.3,False,0.00259,0.88972,,0.27,1777908621
All Pools,BLUB - AVAX,0.0,False,0.00257,47.78,0.0,0.0,1777908621
All Pools,DREGG - USDC.e,0.3,False,0.00253,3.077,,0.07,1777908621
All Pools,AVAX - CAKE,0.3,False,0.00249,0.72086,,0.31,1777908621
All Pools,USDT.e - CAKE,0.3,False,0.00248,48.55,,0.0,1777908621
All Pools,YAK - USDT.e,0.3,False,0.00247,0.56146,,0.4,1777908621
All Pools,KIMBO - UNIQOC,0.3,False,0.00246,0.72709,,0.31,1777908621
All Pools,ARENA - JUICY,0.3,False,0.00245,0.03387,,6.61,1777908621
All Pools,XPOW - USDC,0.3,False,0.00244,0.03787,,5.89,1777908621
All Pools,UNIQOC - MAJIN,0.3,False,0.00243,0.25522,,0.87,1777908621
All Pools,BTC.b - MUG,0.3,False,0.00241,0.89832,,0.24,1777908621
All Pools,AVAX - WARP,0.3,False,0.0024,1.477,,0.15,1777908621
All Pools,EUROS - AVAX,0.3,False,0.00236,1.189,,0.18,1777908621
All Pools,MAXI - AVAX,0.3,False,0.00227,0.78541,,0.26,1777908621
All Pools,LINK.e - MUG,0.3,False,0.00222,0.25213,,0.8,1777908621
All Pools,- AMI,0.3,False,0.00219,13.2,,0.02,1777908621
All Pools,YEEHAW - HIGHER,0.3,False,0.00219,0.45082,,0.44,1777908621
All Pools,COQ - COFI,0.3,False,0.00217,1.857,,0.11,1777908621
All Pools,AVAX - COFI,0.3,False,0.00217,614.06,,,1777908621
All Pools,KIMBO - AMI,0.3,False,0.00213,4.295,,0.05,1777908621
All Pools,sAVAX - USDC,0.3,False,0.00205,0.53228,,0.35,1777908621
All Pools,TT - USDT.e,0.3,False,0.00202,2.0,,0.09,1777908621
All Pools,USDt - TT,0.3,False,0.00201,2.008,,0.09,1777908621
All Pools,aAvaWAVAX - AVAX,0.3,False,0.00195,0.25843,,0.69,1777908621
All Pools,USDC.e - CHAM,0.3,False,0.00195,0.83058,,0.21,1777908621
All Pools,XPOW - USDt,0.3,False,0.00195,0.03413,,5.21,1777908621
All Pools,BEE - AVAX,0.3,False,0.00192,0.8055,,0.22,1777908621
All Pools,BEE - USDT.e,0.3,False,0.00192,32.34,,0.01,1777908621
All Pools,Gravity - NaughtiusMaximus,0.3,False,0.0019,5.068,,0.03,1777908621
All Pools,CRAFT - AVAX,0.3,False,0.00189,408.29,,,1777908621
All Pools,TECH - REDWOLF,0.3,False,0.00183,0.86015,,0.19,1777908621
All Pools,GGP - JUICY,0.3,False,0.0018,0.03446,,4.77,1777908621
All Pools,YAK - JOE,0.3,False,0.00178,1.25,,0.13,1777908621
All Pools,toi - AVAX,0.3,False,0.00178,0.93926,,0.17,1777908621
All Pools,MIM - toi,0.3,False,0.00178,3.433,,0.05,1777908621
All Pools,AVAX - DREX,0.3,False,0.00177,0.598,,0.27,1777908621
All Pools,MIM - WINE,0.3,False,0.00177,3077.71,,,1777908621
All Pools,MIM - DREX,0.3,False,0.00176,37.49,,0.0,1777908621
All Pools,GAINS - Always,0.3,False,0.00174,0.10604,,1.5,1777908621
All Pools,JOE - CRA,0.3,False,0.00173,10.96,,0.01,1777908621
All Pools,WETH.e - LINK.e,0.3,False,0.00172,0.14974,,1.05,1777908621
All Pools,MM - USDC.e,0.3,False,0.00168,0.60541,,0.25,1777908621
All Pools,JOE - USDR,0.3,False,0.00167,0.72978,,0.21,1777908621
All Pools,LIFE - AVAX,0.3,False,0.00162,1.341,,0.11,1777908621
All Pools,MIM - LIFE,0.3,False,0.00162,0.94095,,0.16,1777908621
All Pools,AMI - EROL,0.3,False,0.0016,0.67861,,0.22,1777908621
All Pools,BTC.b - IMPACT,0.3,False,0.00158,0.62992,,0.23,1777908621
All Pools,AVAX - sSB,0.3,False,0.00156,0.50399,,0.28,1777908621
All Pools,AVAX - MTB,0.3,False,0.00156,0.95957,,0.15,1777908621
All Pools,REDEEMER - AMI,0.3,False,0.00156,0.01463,,9.71,1777908621
All Pools,USDC.e - sSB,0.3,False,0.00155,836.27,,,1777908621
All Pools,MIM - MTB,0.3,False,0.00155,2.209,,0.06,1777908621
All Pools,AVAX - RUG,0.3,False,0.00155,0.53086,,0.27,1777908621
All Pools,Always - KONG,0.3,False,0.00151,0.04356,,3.17,1777908621
All Pools,AVAX - ICE,0.3,False,0.00151,150.84,,,1777908621
All Pools,AVAX - NXUSD,0.3,False,0.0015,0.49107,,0.28,1777908621
All Pools,USDC.e - NXUSD,0.3,False,0.00149,1.656,,0.08,1777908621
All Pools,USDC.e - WARP,0.3,False,0.00149,0.86255,,0.16,1777908621
All Pools,MUMO - AVAX,0.3,False,0.00148,0.17993,,0.75,1777908621
All Pools,DB - AVAX,0.3,False,0.0014,2.207,,0.06,1777908621
All Pools,MIM - YAK,0.3,False,0.0014,0.43433,,0.29,1777908621
All Pools,MIM - DB,0.3,False,0.0014,0.66913,,0.19,1777908621
All Pools,AVAX - PSI,0.3,False,0.00139,189.41,,,1777908621
All Pools,WETH.e - ETHM,0.3,False,0.00138,0.50088,,0.25,1777908621
All Pools,ETHM - USDC.e,0.3,False,0.00138,0.47726,,0.26,1777908621
All Pools,USDt - APOW,0.3,False,0.00137,0.15555,,0.8,1777908621
All Pools,STICK - AMI,0.3,False,0.00136,0.31174,,0.4,1777908621
All Pools,CANS - AMI,0.3,False,0.00135,0.22848,,0.54,1777908621
All Pools,SLUSH - AVAX,0.3,False,0.00134,0.70103,,0.17,1777908621
All Pools,SLUSH - USDT.e,0.3,False,0.00133,1.324,,0.09,1777908621
All Pools,MEAT - MU,0.3,False,0.00131,0.50147,,0.24,1777908621
All Pools,HUSKY - SNOWY,0.3,False,0.00131,0.4349,,0.27,1777908621
All Pools,QI - SNOWY,0.3,False,0.0013,0.80241,,0.15,1777908621
All Pools,LYD - AVAX,0.3,False,0.00129,0.81927,,0.14,1777908621
All Pools,KANA - AVAX,0.3,False,0.00127,1135.33,,,1777908621
All Pools,Naughty - HIGHER,0.3,False,0.00127,0.44453,,0.26,1777908621
All Pools,KANA - USDC,0.3,False,0.00127,0.51195,,0.23,1777908621
All Pools,Trinity - IngersollLockwood,0.3,False,0.00127,1.125,,0.1,1777908621
All Pools,ALPHAZERO - USDT.e,0.3,False,0.00127,2.161,,0.05,1777908621
All Pools,Naughty - AVAX,0.3,False,0.00126,238.05,,,1777908621
All Pools,MAJIN - AMI,0.3,False,0.00124,0.15603,,0.73,1777908621
All Pools,CRA - USDC.e,0.3,False,0.00123,0.56086,,0.2,1777908621
All Pools,ABOB - AVAX,0.3,False,0.00122,829.7,,,1777908621
All Pools,aAvaWAVAX - meGNX,0.3,False,0.0012,4.017,,0.03,1777908621
All Pools,COQ - HOWDY,0.3,False,0.00119,0.56319,,0.19,1777908621
All Pools,HUSKY - aXEN,0.3,False,0.00118,0.07268,,1.48,1777908621
All Pools,NOCHILL - ABOB,0.3,False,0.00117,0.02146,,4.98,1777908621
All Pools,tst1 - AVAX,0.3,False,0.00117,0.57906,,0.18,1777908621
All Pools,tst1 - USDT.e,0.3,False,0.00117,2.697,,0.04,1777908621
All Pools,weETH - AVAX,0.3,False,0.00117,0.38728,,0.27,1777908621
All Pools,HOOP - ROCO,0.3,False,0.00116,0.14593,,0.72,1777908621
All Pools,QI - USDC,0.3,False,0.00114,0.08859,,1.17,1777908621
All Pools,SUB - AVAX,0.3,False,0.00113,0.50773,,0.2,1777908621
All Pools,SUB - USDC,0.3,False,0.00113,69.79,,0.0,1777908621
All Pools,Psychic - Self,0.3,False,0.00113,63.99,,0.0,1777908621
All Pools,GRAPE - WINE,0.3,False,0.00111,7.615,,0.01,1777908621
All Pools,POPS - AVAX,0.3,False,0.00111,0.11804,,0.86,1777908621
All Pools,AUX - AVAX,0.3,False,0.00109,0.39316,,0.25,1777908621
All Pools,TIME - SPELL,0.3,False,0.00109,0.83248,,0.12,1777908621
All Pools,AUX - USDC,0.3,False,0.00109,688.53,,,1777908621
All Pools,AVAX - SYMBIOT,0.3,False,0.00107,0.32307,,0.3,1777908621
All Pools,NUG - AVAX,0.3,False,0.00105,0.38214,,0.25,1777908621
All Pools,SLOT - AVAX,0.3,False,0.00105,3939.32,,,1777908621
All Pools,NUG - USDC,0.3,False,0.00105,2.375,,0.04,1777908621
All Pools,SLOT - USDC.e,0.3,False,0.00105,0.48392,,0.2,1777908621
All Pools,DAI.e - SYMBIOT,0.3,False,0.00102,1.411,,0.07,1777908621
All Pools,xJOE - AVAX,0.3,False,0.00102,2.79,,0.03,1777908621
All Pools,xJOE - wsOHM,0.3,False,0.00101,0.54204,,0.17,1777908621
All Pools,WET - AVAX,0.3,False,0.001,16.89,,0.01,1777908621
All Pools,WET - USDT.e,0.3,False,,0.44226,,0.21,1777908621
All Pools,PB - AVAX,0.3,False,,0.4897,,0.19,1777908621
All Pools,PB - MIM,0.3,False,,39.72,,0.0,1777908621
All Pools,AVAX - FTEST,0.3,False,,0.39843,,0.23,1777908621
All Pools,USDT.e - FTEST,0.3,False,,1.314,,0.07,1777908621
All Pools,BRO - OSAK,0.3,False,,0.09111,,0.99,1777908621
All Pools,WETH - AVAX,0.3,False,,1.351,,0.07,1777908621
All Pools,SYMBIOT - AVAX,0.3,False,,1.444,,0.06,1777908621
All Pools,AVAX - AKITA,0.3,False,,2519.52,,,1777908621
All Pools,MIM - AKITA,0.3,False,,0.25426,,0.35,1777908621
All Pools,WETH.e - SPELL,0.3,False,,0.29201,,0.29,1777908621
All Pools,SYMBIOT - DAI.e,0.3,False,,0.45751,,0.19,1777908621
All Pools,OH - USDC.e,0.3,False,,0.38784,,0.22,1777908621
All Pools,3ULL - USDT.e,0.3,False,,0.65007,,0.13,1777908621
All Pools,USDT.e - WARP,0.3,False,,0.90305,,0.09,1777908621
All Pools,UNI.e - AVAX,0.3,False,,0.0332,,2.46,1777908621
All Pools,ROCO - USDT.e,0.3,False,,0.08412,,0.97,1777908621
All Pools,ARABBIT - AVAX,0.3,False,,0.56592,,0.14,1777908621
All Pools,MIM - ARABBIT,0.3,False,,1.292,,0.06,1777908621
All Pools,JOE - AVE,0.3,False,,1.8,,0.04,1777908621
All Pools,SolarDAO - AVAX,0.3,False,,0.39812,,0.2,1777908621
All Pools,LAMA - AVAX,0.3,False,,11754.0,,,1777908621
All Pools,SolarDAO - USDT.e,0.3,False,,2.068,,0.04,1777908621
All Pools,SMOKA - AVAX,0.3,False,,0.54706,,0.14,1777908621
All Pools,MIM - SMOKA,0.3,False,,1.136,,0.07,1777908621
All Pools,USDC - DAI.e,0.3,False,,2.012,,0.04,1777908621
All Pools,LAMA - JUICY,0.3,False,,0.01599,,4.83,1777908621
All Pools,AVAX - PLEB,0.3,False,,0.27089,,0.28,1777908621
All Pools,MIM - PLEB,0.3,False,,53.86,,0.0,1777908621
All Pools,COQ - BMC,0.3,False,,0.09499,,0.79,1777908621
All Pools,YUSD - USDC,0.3,False,,22.94,,0.0,1777908621
All Pools,MUMO - MU,0.3,False,,0.61512,,0.12,1777908621
All Pools,AVAX - NUTS,0.3,False,,229.1,,,1777908621
All Pools,USDC - NUTS,0.3,False,,0.23179,,0.31,1777908621
All Pools,GAINS - MEOW,0.3,False,,0.21252,,0.34,1777908621
All Pools,JEWEL - AVAX,0.3,False,,0.22392,,0.31,1777908621
All Pools,MIM - WBTC.e,0.3,False,,0.05618,,1.22,1777908621
All Pools,USDC.e - WET,0.3,False,,0.4433,,0.15,1777908621
All Pools,MU - GEC,0.3,False,,0.09002,,0.74,1777908621
All Pools,LUNA - UST,0.3,False,,0.0793,,0.83,1777908621
All Pools,USDC.e - XAVA,0.3,False,,0.35983,,0.18,1777908621
All Pools,AVAX - HOST,0.3,False,,0.14376,,0.46,1777908621
All Pools,DONK - AVAX,0.3,False,,30.68,,0.0,1777908621
All Pools,AVAX - RBEES,0.3,False,,0.6949,,0.09,1777908621
All Pools,USDC.e - RBEES,0.3,False,,0.49468,,0.13,1777908621
All Pools,DONK - NOCHILL,0.3,False,,0.01436,,4.41,1777908621
All Pools,DAI.e - HOST,0.3,False,,16.05,,0.0,1777908621
All Pools,CLAVIS - AVAX,0.3,False,,0.13343,,0.46,1777908621
All Pools,MIM - CLAVIS,0.3,False,,119.94,,,1777908621
All Pools,DMD - AVAX,0.3,False,,26.36,,0.0,1777908621
All Pools,FAR - AVAX,0.3,False,,0.45506,,0.13,1777908621
All Pools,FAR - USDC.e,0.3,False,,0.14959,,0.39,1777908621
All Pools,RENT - JOE,0.3,False,,3.59,,0.02,1777908621
All Pools,gOHM - WETH.e,0.3,False,,0.0484,,1.21,1777908621
All Pools,RENT - USDT.e,0.3,False,,0.18666,,0.31,1777908621
All Pools,MIM - ICY,0.3,False,,17.15,,0.0,1777908621
All Pools,DMD - DAI.e,0.3,False,,0.12941,,0.45,1777908621
All Pools,LFG - AVAX,0.3,False,,5064.29,,,1777908621
All Pools,ENGLISH - AVAX,0.3,False,,0.23558,,0.24,1777908621
All Pools,STICK - MU,0.3,False,,0.14478,,0.39,1777908621
All Pools,LINK.e - SPELL,0.3,False,,0.17485,,0.33,1777908621
All Pools,AVAX - BANKSY V2,0.3,False,,0.33407,,0.16,1777908621
All Pools,USDT.e - BANKSY V2,0.3,False,,0.91928,,0.06,1777908621
All Pools,SNOW - AVAX,0.3,False,,0.19546,,0.27,1777908621
All Pools,WETH.e - MUMO,0.3,False,,0.22795,,0.23,1777908621
All Pools,MIM - SNOW,0.3,False,,0.64408,,0.08,1777908621
All Pools,LEXIP - AVAX,0.3,False,,0.4251,,0.12,1777908621
All Pools,MUMO - USDC.e,0.3,False,,0.13161,,0.39,1777908621
All Pools,MIM - LEXIP,0.3,False,,0.23765,,0.22,1777908621
All Pools,SN - AVAX,0.3,False,,0.12332,,0.4,1777908621
All Pools,MIM - SN,0.3,False,,100.43,,,1777908621
All Pools,WETH - MU,0.3,False,,0.09463,,0.52,1777908621
All Pools,AVAX - BANKSY,0.3,False,,0.22864,,0.21,1777908621
All Pools,BANKSY - AVAX,0.3,False,,0.19131,,0.26,1777908621
All Pools,USDC.e - BANKSY,0.3,False,,0.68972,,0.07,1777908621
All Pools,BANKSY - USDT.e,0.3,False,,0.67997,,0.07,1777908621
All Pools,WOLF - USDt,0.3,False,,0.10931,,0.44,1777908621
All Pools,ETHM - LINK.e,0.3,False,,0.11021,,0.42,1777908621
All Pools,xAVAX - AVAX,0.3,False,,0.73064,,0.06,1777908621
All Pools,xAVAX - USDC,0.3,False,,0.24587,,0.18,1777908621
All Pools,KIMBO - MU,0.3,False,,0.09981,,0.45,1777908621
All Pools,BNB - MU,0.3,False,,0.08745,,0.52,1777908621
All Pools,DAI.e - PEFI,0.3,False,,0.13185,,0.33,1777908621
All Pools,SB - DAI.e,0.3,False,,0.12917,,0.33,1777908621
All Pools,ONION - CORN,0.3,False,,34.28,,,1777908621
All Pools,AUSD - USDC,0.01,False,15107813.0,4185372.0,1510.86,13.18,1777912222
All Pools,AUSD - USDt,0.01,False,14880680.0,3419472.0,1488.15,15.88,1777912222
All Pools,AVAX - USDC,0.05,False,8412075.0,3905515.0,4499.12,42.05,1777912222
All Pools,USDC.e - O3,0.3,False,656170.0,343742448.0,1640.43,0.17,1777912222
All Pools,BTC.b - USDC,0.05,False,498509.0,811401.0,262.69,11.82,1777912222
All Pools,USDt - USDC,0.005,False,289572.0,695086.0,20.45,1.07,1777912222
All Pools,AVAX - USDC,0.2,False,138799.0,205274.0,282.1,50.16,1777912222
All Pools,sAVAX - AVAX,0.01,False,73174.0,187671.0,7.473,1.45,1777912222
All Pools,GUN - AVAX,0.25,False,53083.0,128019.0,136.74,38.99,1777912222
All Pools,XAUt0 - USDt,0.04,False,49831.0,37730.0,23.24,22.48,1777912222
All Pools,GUN - AVAX,0.1,False,46495.0,39975.0,49.62,45.31,1777912222
All Pools,AVAX - BTC.b,0.05,False,43633.0,583433.0,23.4,1.46,1777912222
All Pools,ARENA - AVAX,0.01,False,39534.0,177326.0,3.95,0.81,1777912222
All Pools,DAI.e - USDC,0.02,False,36931.0,31002.0,9.411,11.08,1777912222
All Pools,USDT.e - USDC,0.02,False,33603.0,48845.0,6.792,5.08,1777912222
All Pools,AVAX - USDt,0.2,False,30944.0,130947.0,62.67,17.47,1777912222
All Pools,NXPC - AVAX,0.3,False,30363.0,241592.0,75.91,11.47,1777912222
All Pools,USDC - XAVA,0.3,False,28220.0,615193.0,70.55,4.19,1777912222
All Pools,USDT.e - USDt,0.02,False,24528.0,44305.0,4.934,4.06,1777912222
All Pools,AVAX - USDT.e,0.3,False,23988.0,554771.0,59.97,3.95,1777912222
All Pools,MIM - AVAX,0.3,False,20681.0,564724.0,51.7,3.34,1777912222
All Pools,AVAX - USDC,0.3,False,20524.0,407764.0,51.31,4.59,1777912222
All Pools,USDC.e - AVAX,0.3,False,17767.0,431985.0,44.42,3.75,1777912222
All Pools,WBTC - BTC.b,0.03,False,17600.0,83785.0,5.403,2.35,1777912222
All Pools,FOLKS - AVAX,0.25,False,14831.0,34146.0,37.89,40.5,1777912222
All Pools,USDt - USDC,0.01,False,14731.0,181737.0,1.18,0.24,1777912222
All Pools,COQ - AVAX,0.3,False,12877.0,616198.0,32.19,1.91,1777912222
All Pools,WBTC.e - BTC.b,0.03,False,10967.0,333491.0,3.39,0.37,1777912222
All Pools,JOE - AVAX,0.3,False,10297.0,527467.0,25.74,1.78,1777912222
All Pools,QI - AVAX,0.3,False,10129.0,246377.0,25.32,3.75,1777912222
All Pools,JOE - USDC.e,0.3,False,9724.14,339833.0,24.31,2.61,1777912222
All Pools,NOCHILL - AVAX,0.3,False,7116.25,83616.0,17.79,7.77,1777912222
All Pools,USDT.e - USDC,0.02,False,6299.1,887.81,0.68357,28.1,1777912222
All Pools,EURC - USDC,0.03,False,5120.33,13087.0,1.572,4.38,1777912222
All Pools,ORNG - AVAX,0.3,False,4715.38,27938.0,11.79,15.4,1777912222
All Pools,SolvBTC - BTC.b,0.04,False,4217.07,252792.0,2.084,0.3,1777912222
All Pools,DAI.e - USDC,0.02,False,4082.79,2542.51,1.093,15.69,1777912222
All Pools,JPYC - USDC,0.04,False,3540.66,4474.65,1.771,14.45,1777912222
All Pools,FLD - AVAX,0.3,False,3219.8,52226.0,8.05,5.63,1777912222
All Pools,WETH.e - AVAX,0.3,False,2565.88,501859.0,6.415,0.47,1777912222
All Pools,AUSD - AVAX,0.1,False,2510.91,39617.0,2.615,2.41,1777912222
All Pools,WBTC.e - AVAX,0.3,False,2465.77,174466.0,6.164,1.29,1777912222
All Pools,USDt - AVAX,0.3,False,2334.4,45290.0,5.836,4.7,1777912222
All Pools,AVAX - avUSD,0.25,False,2301.8,2340.22,5.792,90.33,1777912222
All Pools,HEFE - AVAX,0.3,False,2294.73,21771.0,5.737,9.62,1777912222
All Pools,LINK.e - AVAX,0.3,False,2253.94,49431.0,5.635,4.16,1777912222
All Pools,BEAM - USDC,0.3,False,2192.75,72619.0,5.482,2.76,1777912222
All Pools,JOE - USDT.e,0.3,False,2173.9,68067.0,5.435,2.91,1777912222
All Pools,BEAM - AVAX,0.25,False,2080.22,20164.0,5.235,9.48,1777912222
All Pools,BTC.b - AVAX,0.3,False,2053.38,143669.0,5.133,1.3,1777912222
All Pools,AAVE.e - AVAX,0.3,False,1952.03,303601.0,4.88,0.59,1777912222
All Pools,gOHM - AVAX,0.3,False,1950.22,137310.0,4.876,1.3,1777912222
All Pools,XAVA - AVAX,0.8,False,1861.8,227409.0,14.97,2.4,1777912222
All Pools,ALOT - AVAX,0.3,False,1722.55,229034.0,4.306,0.69,1777912222
All Pools,BEAM - AVAX,0.3,False,1698.99,94765.0,4.247,1.64,1777912222
All Pools,XAVA - AVAX,0.25,False,1657.36,3182.05,4.32,49.55,1777912222
All Pools,AVAX - DAI.e,0.3,False,1506.37,34356.0,3.766,4.0,1777912222
All Pools,HUNDRED - USDC,0.3,False,1483.11,519667.0,3.708,0.26,1777912222
All Pools,JOE - USDC,0.3,False,1480.42,40465.0,3.701,3.34,1777912222
All Pools,ZRO - AVAX,0.25,False,1469.5,2272.08,11.6,186.3,1777912222
All Pools,USDt - USDC,0.02,False,1302.69,2235.75,0.28863,4.71,1777912222
All Pools,SIERRA - USDC,0.1,False,1134.16,40215.0,1.134,1.03,1777912222
All Pools,YAK - AVAX,0.3,False,1125.69,110388.0,2.814,0.93,1777912222
All Pools,AVAX - JUICE,0.3,False,1087.09,15980.0,2.718,6.21,1777912222
All Pools,LCPEDU - USDt,0.8,False,1002.83,9626335.0,16.08,0.06,1777912222
All Pools,WETH.e - USDC,0.15,False,981.72,10052.0,1.501,5.45,1777912222
All Pools,AVAX - ALVA,0.3,False,971.46,1281.79,2.429,69.16,1777912222
All Pools,SOL - AVAX,0.3,False,835.41,437026.0,2.089,0.17,1777912222
All Pools,w3ULL - AVAX,0.3,False,773.6,65678.0,1.934,1.07,1777912222
All Pools,SHRAP - AVAX,0.8,False,708.76,12841.0,6.429,18.27,1777912222
All Pools,AVAX - XAVA,0.3,False,585.81,16118.0,1.465,3.32,1777912222
All Pools,GMX - AVAX,0.3,False,530.37,5039.57,1.326,9.6,1777912222
All Pools,XSEED - AVAX,0.3,False,515.86,12872.0,1.29,3.66,1777912222
All Pools,AARB - AVAX,0.3,False,439.33,0.18266,1.098,219467.11,1777912222
All Pools,ARC - AVAX,0.3,False,439.02,0.1826,1.098,219388.56,1777912222
All Pools,JOE - AVAX,0.25,False,438.78,10751.0,1.105,3.75,1777912222
All Pools,AVAX - UST,0.3,False,380.78,9194.39,0.95194,3.78,1777912222
All Pools,KLO - AVAX,0.3,False,332.27,14747.0,0.83066,2.06,1777912222
All Pools,WETH.e - USDC.e,0.3,False,320.29,12448.0,0.80073,2.35,1777912222
All Pools,UST - AVAX,0.3,False,319.99,7930.08,0.79998,3.68,1777912222
All Pools,MUON - AVAX,0.3,False,313.36,47280.0,0.78341,0.6,1777912222
All Pools,sAVAX - AVAX,0.3,False,290.97,243446.0,0.72743,0.11,1777912222
All Pools,PTOP800 - USDC,0.1,False,250.17,655.65,0.25269,14.07,1777912222
All Pools,YUSD - USDC,0.02,False,240.61,122000.0,0.04812,0.01,1777912222
All Pools,WBTC.e - BTC.b,0.03,False,226.09,694.19,0.0975,5.13,1777912222
All Pools,HERESY - AVAX,0.3,False,219.93,21990.0,0.54982,0.91,1777912222
All Pools,STG - USDC,0.3,False,214.13,1485.14,0.53532,13.16,1777912222
All Pools,PTOP800 - AVAX,0.1,False,212.85,603.6,0.21415,12.95,1777912222
All Pools,USDC.e - USDC,0.3,False,194.6,484125.0,0.48649,0.04,1777912222
All Pools,XETA - USDC,0.3,False,192.43,6409.94,0.48107,2.74,1777912222
All Pools,PTOP1100 - USDC,0.1,False,182.21,664.44,0.1833,10.07,1777912222
All Pools,PTOP1100 - AVAX,0.1,False,181.28,362.35,0.18413,18.55,1777912222
All Pools,AVAX - JUICY,0.3,False,172.09,3055.12,0.43023,5.14,1777912222
All Pools,PTOP1300 - AVAX,0.1,False,137.98,573.91,0.13853,8.81,1777912222
All Pools,PTOP1300 - USDC,0.1,False,137.61,344.8,0.13869,14.68,1777912222
All Pools,QI - AVAX,0.25,False,133.32,15186.0,0.33385,0.8,1777912222
All Pools,OSAK - AVAX,0.3,False,130.81,5973.78,0.32704,2.0,1777912222
All Pools,XPOW - AVAX,0.3,False,117.22,379.79,0.29306,28.16,1777912222
All Pools,PTOP1200 - AVAX,0.1,False,116.25,680.65,0.11642,6.24,1777912222
All Pools,PTOP1200 - USDC,0.1,False,115.64,196.44,0.1182,21.96,1777912222
All Pools,LUNA - USDC.e,0.3,False,112.21,905.62,0.28052,11.31,1777912222
All Pools,MIM - USDt,0.03,False,108.17,9.664,0.03635,137.29,1777912222
All Pools,APIX - USDt,0.3,False,103.6,6930.77,0.25901,1.36,1777912222
All Pools,APIX - ID,0.3,False,101.84,25094.0,0.2546,0.37,1777912222
All Pools,STG - AVAX,0.3,False,97.81,1483.35,0.24453,6.02,1777912222
All Pools,KIMBO - AVAX,0.3,False,96.64,64330.0,0.24161,0.14,1777912222
All Pools,gOHM - FRAX,0.3,False,90.65,3508.88,0.22664,2.36,1777912222
All Pools,EVO - AVAX,0.3,False,86.05,13747.0,0.21512,0.57,1777912222
All Pools,BOOTY - AVAX,0.3,False,79.95,2186.42,0.19989,3.34,1777912222
All Pools,PRIME - AVAX,0.4,False,74.09,108587.0,0.90649,0.3,1777912222
All Pools,JOE - AVAX,0.15,False,74.09,69437.0,0.11386,0.06,1777912222
All Pools,TECH - AVAX,0.3,False,69.5,14128.0,0.17376,0.45,1777912222
All Pools,MAJIN - AVAX,0.3,False,65.34,4262.45,0.16336,1.4,1777912222
All Pools,AVAX - APOW,0.3,False,63.41,25783.0,0.15852,0.22,1777912222
All Pools,CAPY - ARENA,0.3,False,58.98,31774.0,0.14746,0.17,1777912222
All Pools,CAI - AVAX,0.3,False,56.94,1811.95,0.14235,2.87,1777912222
All Pools,XPOW - APOW,0.3,False,56.77,945.36,0.14192,5.48,1777912222
All Pools,AVAX - GEC,0.3,False,50.77,35991.0,0.12693,0.13,1777912222
All Pools,FITFI - USDT.e,0.3,False,50.42,372.21,0.12604,12.36,1777912222
All Pools,PNG - AVAX,0.3,False,50.39,1074.21,0.12597,4.28,1777912222
All Pools,GGP - AVAX,0.3,False,48.63,92632.0,0.12157,0.05,1777912222
All Pools,SOL - AVAX,0.1,False,46.92,1089.17,0.04695,1.57,1777912222
All Pools,APIX - USDC,0.3,False,46.1,3459.25,0.11525,1.22,1777912222
All Pools,SB - AVAX,0.3,False,46.1,6997.25,0.11524,0.6,1777912222
All Pools,AVAX - RISE,0.3,False,45.82,59926.0,0.11455,0.07,1777912222
All Pools,PTOP800 - BTC.b,0.1,False,42.81,1003.34,0.04879,1.77,1777912222
All Pools,FTR - AVAX,0.3,False,37.34,1293.4,0.09334,2.63,1777912222
All Pools,MIM - SB,0.3,False,35.74,5763.37,0.08936,0.57,1777912222
All Pools,MIM - WETH.e,0.3,False,34.57,1475.12,0.08643,2.14,1777912222
All Pools,AVAX - FRAX,0.3,False,33.91,1024.12,0.08477,3.02,1777912222
All Pools,GUN - BLSEYE🎯,0.3,False,33.14,956.56,0.08285,3.16,1777912222
All Pools,BLSEYE🎯 - AVAX,0.3,False,31.79,6026.11,0.07948,0.48,1777912222
All Pools,APIX - ARENA,0.3,False,31.57,2353.78,0.07892,1.22,1777912222
All Pools,ggAVAX - AVAX,0.04,False,30.78,370.49,0.00328,0.32,1777912222
All Pools,USDC.e - USDC,0.02,False,30.21,17000.0,0.00343,0.01,1777912222
All Pools,CAT - AVAX,0.3,False,27.75,1971.72,0.06938,1.28,1777912222
All Pools,SECOND - AVAX,0.3,False,27.53,1775.17,0.06883,1.42,1777912222
All Pools,SECOND - USDC,0.3,False,27.53,7209.45,0.06883,0.35,1777912222
All Pools,RGOGLZ - USDC,0.3,False,25.48,1596.42,0.06369,1.46,1777912222
All Pools,CATCH - AVAX,0.3,False,24.42,307.1,0.06105,7.26,1777912222
All Pools,ROCO - AVAX,0.3,False,23.13,1286.68,0.05782,1.64,1777912222
All Pools,Balln - AVAX,0.3,False,21.9,4250.37,0.05474,0.47,1777912222
All Pools,DCAU - AVAX,0.3,False,21.64,1280.65,0.0541,1.54,1777912222
All Pools,GUN - AVAX,0.3,False,21.25,449.94,0.05313,4.31,1777912222
All Pools,USDt - ncash,0.3,False,20.52,1134.14,0.05131,1.65,1777912222
All Pools,DCAU - USDT.e,0.3,False,20.02,5356.74,0.05004,0.34,1777912222
All Pools,GENI - USDC,0.3,False,19.81,1479.95,0.04953,1.22,1777912222
All Pools,BOI - AVAX,0.3,False,19.67,77.0,0.04918,23.31,1777912222
All Pools,USDC.e - DAI.e,0.3,False,19.07,22826.0,0.04767,0.08,1777912222
All Pools,UST - USDC,0.3,False,18.64,491.83,0.0466,3.46,1777912222
All Pools,HATCHY - AVAX,0.3,False,18.42,9776.37,0.04605,0.17,1777912222
All Pools,UST - USDC.e,0.3,False,18.12,772.65,0.04531,2.14,1777912222
All Pools,USDC.e - USDT.e,0.3,False,17.03,40452.0,0.04259,0.04,1777912222
All Pools,HAREM - AVAX,0.3,False,16.89,128.07,0.04223,12.03,1777912222
All Pools,DAI.e - USDt,0.25,False,16.38,21064.0,0.03914,0.07,1777912222
All Pools,USDV - AVAX,0.25,False,16.2,1828.35,0.06335,1.26,1777912222
All Pools,Psychic - AVAX,0.3,False,15.88,1186.24,0.03971,1.22,1777912222
All Pools,WOM - AVAX,0.3,False,15.65,843.26,0.03913,1.69,1777912222
All Pools,HUSKY - AVAX,0.3,False,14.75,3691.19,0.03689,0.36,1777912222
All Pools,sAVAX - JACK,0.3,False,14.35,293420.0,0.03587,0.0,1777912222
All Pools,AVAX - STICK,0.3,False,14.27,2145.66,0.03568,0.61,1777912222
All Pools,AVAX - PEFI,0.3,False,13.06,4524.0,0.03265,0.26,1777912222
All Pools,COQ - AVAX,0.8,False,12.94,4807.37,0.10578,0.8,1777912222
All Pools,YUSD - AVAX,0.3,False,12.87,135.31,0.03219,8.68,1777912222
All Pools,XROSS - ORNG,0.3,False,12.73,482.58,0.03183,2.41,1777912222
All Pools,GURS - AVAX,0.3,False,12.51,7729.26,0.03128,0.15,1777912222
All Pools,ORNG - MOOM,0.3,False,12.43,399.88,0.03107,2.84,1777912222
All Pools,SVETA - AVAX,0.3,False,12.39,1398.17,0.03098,0.81,1777912222
All Pools,AVAX - DOMI,0.3,False,12.27,17527.0,0.03067,0.06,1777912222
All Pools,AVAX - CLY,0.3,False,12.24,60036.0,0.03059,0.02,1777912222
All Pools,SYN - AVAX,0.3,False,11.74,2774.35,0.02936,0.39,1777912222
All Pools,Psychic - XAUt0,0.3,False,11.63,6958.25,0.02906,0.15,1777912222
All Pools,ORNG - JUCI,0.3,False,11.48,500.11,0.0287,2.09,1777912222
All Pools,Ush - AVAX,0.3,False,10.84,2842.02,0.02709,0.35,1777912222
All Pools,SHRAP - DOMI,0.3,False,10.61,293.42,0.02654,3.3,1777912222
All Pools,PTOP1000 - AVAX,0.1,False,10.47,624.92,0.01049,0.61,1777912222
All Pools,USDT.e - USDC,0.02,False,10.26,7.005,0.0022,11.47,1777912222
All Pools,ORNG - FLUX,0.3,False,10.25,361.13,0.02564,2.59,1777912222
All Pools,YOU - ORNG,0.3,False,10.23,3249.71,0.02557,0.29,1777912222
All Pools,DATCM - ORNG,0.3,False,10.15,484.96,0.02538,1.91,1777912222
All Pools,MAI - AVAX,0.3,False,10.1,1838.74,0.02526,0.5,1777912222
All Pools,ORNG - SAI,0.3,False,10.07,296.31,0.02517,3.1,1777912222
All Pools,ZRO - AVAX,0.3,False,9.903,198.55,0.02476,4.55,1777912222
All Pools,JPYC - USDC,0.3,False,9.866,351.68,0.02466,2.56,1777912222
All Pools,AVAXAI - USDC,0.3,False,9.717,1722.56,0.02429,0.51,1777912222
All Pools,WINK - AVAX,0.3,False,8.951,80.46,0.02238,10.15,1777912222
All Pools,BLSEYE🎯 - ARENA,0.3,False,8.636,1172.41,0.02159,0.67,1777912222
All Pools,AVAX - SQRCAT,0.3,False,8.594,5978.13,0.02148,0.13,1777912222
All Pools,MDG - USDT.e,0.3,False,8.547,18085.0,0.02137,0.04,1777912222
All Pools,MDG - USDC.e,0.3,False,8.547,9807.06,0.02137,0.08,1777912222
All Pools,LINK.e - USDT.e,0.3,False,8.325,237.57,0.02081,3.2,1777912222
All Pools,MEAT - AVAX,0.3,False,8.14,5420.58,0.02035,0.14,1777912222
All Pools,avUSD - sAVAX,0.3,False,8.057,266.75,0.02014,2.76,1777912222
All Pools,AVAX - ELK,0.3,False,7.902,1732.6,0.01975,0.42,1777912222
All Pools,WETH - USDC.e,0.3,False,7.147,230.67,0.01787,2.83,1777912222
All Pools,CATWIF - AVAX,0.3,False,7.006,3290.64,0.01752,0.19,1777912222
All Pools,USV - DAI.e,0.3,False,6.89,4275.77,0.01723,0.15,1777912222
All Pools,CHAMP - ARENA,0.3,False,6.419,17.29,0.01605,33.88,1777912222
All Pools,SWIFT - USDC.e,0.3,False,5.966,539.81,0.01492,1.01,1777912222
All Pools,MYST - AVAX,0.3,False,5.861,912.53,0.01465,0.59,1777912222
All Pools,LINK.e - USDC.e,0.3,False,5.753,198.19,0.01438,2.65,1777912222
All Pools,FITFI - AVAX,0.3,False,5.469,39.41,0.01367,12.66,1777912222
All Pools,SWIFT - WETH.e,0.3,False,5.115,1641.9,0.01279,0.28,1777912222
All Pools,RPEPE - AVAX,0.3,False,4.922,6349.12,0.01231,0.07,1777912222
All Pools,YAK - USDC.e,0.3,False,4.527,218.18,0.01132,1.89,1777912222
All Pools,APOW - AVAX,0.3,False,4.5,1083.68,0.01125,0.38,1777912222
All Pools,ISA - USDC.e,0.3,False,4.117,493.74,0.01029,0.76,1777912222
All Pools,USDT.e - DAI.e,0.3,False,4.034,7344.77,0.01009,0.05,1777912222
All Pools,PNG - JOE,0.3,False,3.959,174.23,0.0099,2.07,1777912222
All Pools,WETH.e - USDT.e,0.3,False,3.869,169.13,0.00967,2.09,1777912222
All Pools,ISA - AVAX,0.3,False,3.846,1479.32,0.00962,0.24,1777912222
All Pools,LUNA - AVAX,0.3,False,3.816,22.82,0.00954,15.26,1777912222
All Pools,DPS - AVAX,0.3,False,3.628,223.31,0.00907,1.48,1777912222
All Pools,DPS - USDC,0.3,False,3.628,1940.69,0.00907,0.17,1777912222
All Pools,LIQR - AVAX,0.3,False,3.413,52142.0,0.00853,0.01,1777912222
All Pools,USDT.e - CLY,0.3,False,3.284,263.86,0.00821,1.14,1777912222
All Pools,FXS - AVAX,0.3,False,3.249,441.87,0.00812,0.67,1777912222
All Pools,REDWOLF - USDC,0.3,False,3.17,203.48,0.00792,1.42,1777912222
All Pools,MYST - USDC,0.3,False,3.157,255.96,0.00789,1.13,1777912222
All Pools,YEEHAW - CHAMP,0.3,False,3.152,2385.86,0.00788,0.12,1777912222
All Pools,BTC.b - TOPIA,0.3,False,3.088,312.31,0.00772,0.9,1777912222
All Pools,WETH.e - ONION,0.3,False,2.996,276.63,0.00749,0.99,1777912222
All Pools,REDWOLF - AVAX,0.3,False,2.734,504.92,0.00683,0.49,1777912222
All Pools,TINU - AVAX,0.3,False,2.724,1359.45,0.00681,0.18,1777912222
All Pools,LUNA - USDC.e,0.3,False,2.636,326.84,0.00659,0.74,1777912222
All Pools,MAGICK - AVAX,0.3,False,2.576,356.47,0.00644,0.66,1777912222
All Pools,MAGICK - USDC,0.3,False,2.576,240.51,0.00644,0.98,1777912222
All Pools,AVAX - FRAX,0.3,False,2.548,273.24,0.00637,0.85,1777912222
All Pools,USDT.e - ONION,0.3,False,2.53,774.06,0.00633,0.3,1777912222
All Pools,USDC - SOCK,0.3,False,2.52,481.94,0.0063,0.48,1777912222
All Pools,AVAX - SOCK,0.3,False,2.519,3307.39,0.0063,0.07,1777912222
All Pools,AVAX - aXEN,0.3,False,2.507,79.0,0.00627,2.9,1777912222
All Pools,AVAX - TIME,0.3,False,2.43,1222.75,0.00607,0.18,1777912222
All Pools,pAVAX - AVAX,0.3,False,2.305,1719.88,0.00576,0.12,1777912222
All Pools,APOW - USDC,0.3,False,2.293,168.71,0.00573,1.24,1777912222
All Pools,APOW - USDt,0.3,False,2.21,168.41,0.00552,1.2,1777912222
All Pools,AVAX - USDT,0.3,False,2.143,2004.43,0.00536,0.1,1777912222
All Pools,ACS - AVAX,0.3,False,2.14,212.15,0.00535,0.92,1777912222
All Pools,WBTC.e - USDT.e,0.3,False,2.125,175.06,0.00531,1.11,1777912222
All Pools,SHOE - AVAX,0.3,False,2.125,666.91,0.00531,0.29,1777912222
All Pools,LORD - AVAX,0.3,False,2.109,1965.24,0.00527,0.1,1777912222
All Pools,LF - AVAX,0.3,False,2.081,295.35,0.0052,0.64,1777912222
All Pools,MIM - LF,0.3,False,2.081,914.43,0.0052,0.21,1777912222
All Pools,HOST - DAI.e,0.3,False,2.054,2589.35,0.00513,0.07,1777912222
All Pools,67 - AVAX,0.3,False,2.022,,0.00505,196851.51,1777912222
All Pools,AVAX - AMI,0.3,False,1.976,545.32,0.00494,0.33,1777912222
All Pools,NOCHILL - OX,0.3,False,1.975,12466.0,0.00494,0.01,1777912222
All Pools,AVAX - SPELL,0.3,False,1.975,2779.6,0.00494,0.06,1777912222
All Pools,USDC.e - MU,0.3,False,1.953,13556.0,0.00488,0.01,1777912222
All Pools,FollowTheWhiteRabbit - BLACK,0.3,False,1.933,1165.16,0.00483,0.15,1777912222
All Pools,GENI - AVAX,0.3,False,1.807,74.46,0.00452,2.21,1777912222
All Pools,USDC.e - AVVO,0.3,False,1.794,252.83,0.00449,0.65,1777912222
All Pools,COQ - BLSEYE🎯,0.3,False,1.778,214.55,0.00444,0.76,1777912222
All Pools,Gravity - AVAX,0.3,False,1.764,342.04,0.00441,0.47,1777912222
All Pools,BLSEYE🎯 - BEAM,0.3,False,1.748,344.86,0.00437,0.46,1777912222
All Pools,AVAX - ONION,0.3,False,1.73,183.39,0.00433,0.86,1777912222
All Pools,PIZZA - AVAX,0.3,False,1.684,515.69,0.00421,0.3,1777912222
All Pools,TRESR - AVAX,0.3,False,1.657,15022.0,0.00414,0.01,1777912222
All Pools,Gravity - BLACK,0.3,False,1.654,1065.66,0.00413,0.14,1777912222
All Pools,BEAR - AVAX,0.3,False,1.619,7340.49,0.00405,0.02,1777912222
All Pools,COQ - OX,0.3,False,1.618,12664.0,0.00404,0.01,1777912222
All Pools,USDC - SHRAP,0.3,False,1.606,27.99,0.00401,5.24,1777912222
All Pools,USDC.e - ONION,0.3,False,1.572,388.1,0.00393,0.37,1777912222
All Pools,AVAX - IMPACT2,0.3,False,1.546,171.73,0.00386,0.82,1777912222
All Pools,USDt - USDT.e,0.3,False,1.541,20429.0,0.00385,0.01,1777912222
All Pools,FollowTheWhiteRabbit - AVAX,0.3,False,1.505,165.22,0.00376,0.83,1777912222
All Pools,Psychic - BLACK,0.3,False,1.49,461.67,0.00373,0.29,1777912222
All Pools,DCAU - USDC,0.3,False,1.489,152.34,0.00372,0.89,1777912222
All Pools,KIWI - AVAX,0.3,False,1.479,116.31,0.0037,1.16,1777912222
All Pools,AVAX - LUCKY,0.3,False,1.463,4123.3,0.00366,0.03,1777912222
All Pools,KIWI - USDC,0.3,False,1.461,309.68,0.00365,0.43,1777912222
All Pools,Trinity - AVAX,0.3,False,1.414,1036.89,0.00354,0.12,1777912222
All Pools,USDC - NXUSD,0.3,False,1.39,3.517,0.00348,36.07,1777912222
All Pools,SMRTr - AVAX,0.3,False,1.387,37086.0,0.00347,0.0,1777912222
All Pools,MIM - PEFI,0.3,False,1.386,204.93,0.00346,0.62,1777912222
All Pools,SHOE - BTC.b,0.3,False,1.385,851.61,0.00346,0.15,1777912222
All Pools,SMRTr - USDC.e,0.3,False,1.383,126.75,0.00346,1.0,1777912222
All Pools,CRA - AVAX,0.3,False,1.381,10107.0,0.00345,0.01,1777912222
All Pools,Now - AVAX,0.3,False,1.347,269.86,0.00337,0.46,1777912222
All Pools,BANKSY - USDT.e,0.3,False,1.344,1561.65,0.00336,0.08,1777912222
All Pools,BANKSY - AVAX,0.3,False,1.344,174.25,0.00336,0.7,1777912222
All Pools,DAI.e - ONION,0.3,False,1.315,354.14,0.00329,0.34,1777912222
All Pools,JOE - USDT,0.3,False,1.278,363.85,0.00319,0.32,1777912222
All Pools,DREGG - AVAX,0.3,False,1.263,181.43,0.00316,0.63,1777912222
All Pools,DREGG - USDT.e,0.3,False,1.26,548.26,0.00315,0.21,1777912222
All Pools,XAUt0 - Gravity,0.3,False,1.251,399.95,0.00313,0.29,1777912222
All Pools,COQ - NOCHILL,0.3,False,1.248,14.3,0.00312,7.97,1777912222
All Pools,LUNA - AVAX,0.3,False,1.235,143.51,0.00309,0.78,1777912222
All Pools,BLSEYE🎯 - MEOW,0.3,False,1.199,674.26,0.003,0.16,1777912222
All Pools,AVAX - ELK,0.3,False,1.168,68.57,0.00292,1.55,1777912222
All Pools,AVAX - NaughtiusMaximus,0.3,False,1.158,448.2,0.00289,0.24,1777912222
All Pools,XAUt0 - NaughtiusMaximus,0.3,False,1.155,1057.28,0.00289,0.1,1777912222
All Pools,AVAX - MU,0.3,False,1.149,89.82,0.00287,1.17,1777912222
All Pools,AVAX - TUS,0.3,False,1.149,8166.27,0.00287,0.01,1777912222
All Pools,WBTC.e - ONION,0.3,False,1.078,413.16,0.0027,0.24,1777912222
All Pools,NOCHILL - KET,0.3,False,1.058,15.33,0.00265,6.3,1777912222
All Pools,XAUt0 - Now,0.3,False,1.021,714.77,0.00255,0.13,1777912222
All Pools,agEUR - USDC,0.3,False,1.014,63.97,0.00253,1.45,1777912222
All Pools,AVAX - SMRT,0.3,False,1.003,2363.47,0.00251,0.04,1777912222
All Pools,BUSD - AVAX,0.3,False,1.002,423.56,0.00251,0.22,1777912222
All Pools,rloop - AVAX,0.3,False,0.99178,6325.77,0.00248,0.01,1777912222
All Pools,USDC - GAU,0.3,False,0.99036,12212.0,0.00248,0.01,1777912222
All Pools,LUEEGI - AVAX,0.3,False,0.98903,1602.19,0.00247,0.06,1777912222
All Pools,SWIFT - AVAX,0.3,False,0.98442,309.19,0.00246,0.29,1777912222
All Pools,ROY - AVAX,0.3,False,0.96256,5011.48,0.00241,0.02,1777912222
All Pools,Trinity - BLACK,0.3,False,0.95298,558.29,0.00238,0.16,1777912222
All Pools,MM - USDC,0.3,False,0.93837,84.05,0.00235,1.02,1777912222
All Pools,MM - AVAX,0.3,False,0.9358,134.73,0.00234,0.63,1777912222
All Pools,AVAX - AVVO,0.3,False,0.93141,306.06,0.00233,0.28,1777912222
All Pools,USDT.e - SMRT,0.3,False,0.92769,107.09,0.00232,0.79,1777912222
All Pools,JOE - EXP,0.3,False,0.90657,13399274.0,0.00227,,1777912222
All Pools,PTOP1100 - TOPIA,0.3,False,0.90456,151.6,0.00226,0.54,1777912222
All Pools,UST - USDT.e,0.3,False,0.9028,43.76,0.00226,1.88,1777912222
All Pools,KALM - USDC,0.3,False,0.88584,84.75,0.00221,0.95,1777912222
All Pools,KALM - AVAX,0.3,False,0.88576,127.19,0.00221,0.64,1777912222
All Pools,Now - BLACK,0.3,False,0.87364,442.29,0.00218,0.18,1777912222
All Pools,AVAX - GME,0.3,False,0.85858,713.24,0.00215,0.11,1777912222
All Pools,MIM - TIME,0.3,False,0.85395,123.08,0.00213,0.63,1777912222
All Pools,HOST - AVAX,0.3,False,0.84364,106.52,0.00211,0.72,1777912222
All Pools,GUN - AMI,0.3,False,0.83662,22.62,0.00209,3.37,1777912222
All Pools,AVAX - $SICKO,0.3,False,0.83496,10.03,0.00209,7.6,1777912222
All Pools,USDC - SPT,0.3,False,0.81324,40.99,0.00203,1.81,1777912222
All Pools,MAXI - DAI.e,0.3,False,0.80965,234.22,0.00202,0.32,1777912222
All Pools,MONEY - AVAX,0.3,False,0.79145,629.93,0.00198,0.11,1777912222
All Pools,VPND - AVAX,0.3,False,0.77896,26034.0,0.00195,0.0,1777912222
All Pools,FollowTheWhiteRabbit - LuciferMorningstar,0.3,False,0.76103,3606.26,0.0019,0.02,1777912222
All Pools,USDt - IMPACT2,0.3,False,0.75322,72.26,0.00188,0.95,1777912222
All Pools,50 - USDC,0.3,False,0.72845,120.86,0.00182,0.55,1777912222
All Pools,50 - AVAX,0.3,False,0.72839,76.9,0.00182,0.86,1777912222
All Pools,COQ - OSAK,0.3,False,0.71765,35.63,0.00179,1.84,1777912222
All Pools,Trinity - LuciferMorningstar,0.3,False,0.71242,348587193.0,0.00178,,1777912222
All Pools,AVAX - ZUBAX,0.3,False,0.70695,117.94,0.00177,0.55,1777912222
All Pools,CANS - AVAX,0.3,False,0.69912,12.95,0.00175,4.93,1777912222
All Pools,AVAX - KONG,0.3,False,0.69187,7560.54,0.00173,0.01,1777912222
All Pools,ZUBAX - USDT.e,0.3,False,0.68499,185.62,0.00171,0.34,1777912222
All Pools,STATIK - AVAX,0.3,False,0.68142,44.79,0.0017,1.39,1777912222
All Pools,AVAX - ChristMark,0.3,False,0.68024,361.78,0.0017,0.17,1777912222
All Pools,SYMBIOT - AVAX,0.3,False,0.67626,91.87,0.00169,0.67,1777912222
All Pools,JEWEL - USDC,0.3,False,0.67275,4479.2,0.00168,0.01,1777912222
All Pools,Gladiator - AVAX,0.3,False,0.66445,3.732,0.00166,16.25,1777912222
All Pools,SYMBIOT - DAI.e,0.3,False,0.66321,468.25,0.00166,0.13,1777912222
All Pools,COQ - COQAI,0.3,False,0.66105,28158.0,0.00165,0.0,1777912222
All Pools,BTC.b - IMPACT2,0.3,False,0.65504,1289.63,0.00164,0.05,1777912222
All Pools,LINK.e - REDWOLF,0.3,False,0.6496,82.5,0.00162,0.72,1777912222
All Pools,GAINS - AVAX,0.3,False,0.64027,41.05,0.0016,1.42,1777912222
All Pools,MU - DAI.e,0.3,False,0.63461,247.07,0.00159,0.23,1777912222
All Pools,WETH.e - USDC,0.3,False,0.63222,22.92,0.00158,2.52,1777912222
All Pools,bCASH - NOCHILL,0.3,False,0.62623,19.15,0.00157,2.98,1777912222
All Pools,HUSKY - JOE,0.3,False,0.60625,184.29,0.00152,0.3,1777912222
All Pools,AVAX - mYAK,0.3,False,0.58373,58.59,0.00146,0.91,1777912222
All Pools,USDT.e - MU,0.3,False,0.58324,256.3,0.00146,0.21,1777912222
All Pools,AVAX - SHRAP,0.3,False,0.5778,17.69,0.00144,2.98,1777912222
All Pools,AVAX - APE - X,0.3,False,0.57386,665.3,0.00143,0.08,1777912222
All Pools,WETH.e - REDWOLF,0.3,False,0.56081,103.37,0.0014,0.5,1777912222
All Pools,XAUt0 - ChristMark,0.3,False,0.55004,696.92,0.00138,0.07,1777912222
All Pools,BTC.b - SPT,0.3,False,0.54652,40.21,0.00137,1.24,1777912222
All Pools,Gladiator - USDC,0.3,False,0.5385,565.29,0.00135,0.09,1777912222
All Pools,SOL - USDC,0.3,False,0.53641,24.2,0.00134,2.02,1777912222
All Pools,AVAX - PENDLE,0.3,False,0.53102,7810.78,0.00133,0.01,1777912222
All Pools,MIM - wsOHM,0.3,False,0.5274,1095.5,0.00132,0.04,1777912222
All Pools,HEFE - GAINS,0.3,False,0.5252,6.01,0.00131,7.97,1777912222
All Pools,AMPL - AVAX,0.3,False,0.51174,343.91,0.00128,0.14,1777912222
All Pools,LadyMary - AVAX,0.3,False,0.50312,365.55,0.00126,0.13,1777912222
All Pools,AVAX - ARENA,0.3,False,0.4992,81.62,0.00125,0.56,1777912222
All Pools,Gladiator - AMI,0.3,False,0.49803,373.0,0.00125,0.12,1777912222
All Pools,WETH.e - SURE,0.3,False,0.49647,1108.98,0.00124,0.04,1777912222
All Pools,Orange - AVAX,0.3,False,0.49095,88.42,0.00123,0.51,1777912222
All Pools,YEEHAW - BTC.b,0.3,False,0.49037,129.48,0.00123,0.35,1777912222
All Pools,USDt - RUX,0.3,False,0.48296,16120.0,0.00121,0.0,1777912222
All Pools,RUX - AVAX,0.3,False,0.4829,30.54,0.00121,1.44,1777912222
All Pools,COQ - JUICE,0.3,False,0.48003,48.89,0.0012,0.9,1777912222
All Pools,AAVE.e - REDWOLF,0.3,False,0.46355,162.78,0.00116,0.26,1777912222
All Pools,Psychic - Now,0.3,False,0.45294,634.45,0.00113,0.07,1777912222
All Pools,gOHM - wsOHM,0.3,False,0.43241,36.97,0.00108,1.07,1777912222
All Pools,CQK - AVAX,0.3,False,0.42519,132.57,0.00106,0.29,1777912222
All Pools,CQK - USDC,0.3,False,0.42512,35.29,0.00106,1.1,1777912222
All Pools,TECH - OX,0.3,False,0.41895,5028.95,0.00105,0.01,1777912222
All Pools,Trinity - Psychic,0.3,False,0.41679,542.7,0.00104,0.07,1777912222
All Pools,USDC - CHAM,0.3,False,0.41246,50.24,0.00103,0.75,1777912222
All Pools,NOCHILL - AMI,0.3,False,0.40582,5.692,0.00101,6.51,1777912222
All Pools,FERT - AVAX,0.3,False,0.40094,813.87,0.001,0.04,1777912222
All Pools,sAVAX - COQ,0.3,False,0.39995,94.9,,0.38,1777912222
All Pools,HEFE - CANS,0.3,False,0.38575,4.35,,8.09,1777912222
All Pools,Orange - DivineFeminine,0.3,False,0.38369,1115.4,,0.03,1777912222
All Pools,MIM - USDC.e,0.3,False,0.38349,2005.44,,0.02,1777912222
All Pools,USDC - USD+,0.3,False,0.37913,32.96,,1.05,1777912222
All Pools,USDC - yyAVAX,0.3,False,0.37257,14.21,,2.39,1777912222
All Pools,TRACTOR - AVAX,0.3,False,0.36915,14981.0,,0.0,1777912222
All Pools,AVAX - HON,0.3,False,0.365,90783.0,,,1777912222
All Pools,MIM - MU,0.3,False,0.36455,255.15,,0.13,1777912222
All Pools,ZRO - USDC,0.3,False,0.36156,5.578,,5.91,1777912222
All Pools,UNI.e - REDWOLF,0.3,False,0.35897,10.32,,3.18,1777912222
All Pools,CGS - USDC.e,0.3,False,0.3587,158.35,,0.21,1777912222
All Pools,CGS - AVAX,0.3,False,0.35862,66.24,,0.49,1777912222
All Pools,BLS - USDt,0.3,False,0.35337,120.48,,0.27,1777912222
All Pools,SURE - DAI.e,0.3,False,0.35198,28.35,,1.13,1777912222
All Pools,USDC - aXEN,0.3,False,0.35042,9.335,,3.43,1777912222
All Pools,VEE - USDC,0.3,False,0.34848,32.42,,0.98,1777912222
All Pools,AVAX - TOPIA,0.3,False,0.34549,527.73,,0.06,1777912222
All Pools,BLS - SHRAP,0.3,False,0.34278,9.962,,3.14,1777912222
All Pools,APIX - LAMBO,0.3,False,0.34158,565.29,,0.06,1777912222
All Pools,IMPACT2 - EURC,0.3,False,0.34049,47.52,,0.65,1777912222
All Pools,BLUB - AVAX,0.3,False,0.33939,17122.0,,0.0,1777912222
All Pools,TSD - AVAX,0.3,False,0.33705,323.37,,0.1,1777912222
All Pools,Anon - AVAX,0.3,False,0.33563,14.32,,2.14,1777912222
All Pools,oXAUT - AVAX,0.3,False,0.32834,526.8,,0.06,1777912222
All Pools,BTC.b - oXAUT,0.3,False,0.32821,380.95,,0.08,1777912222
All Pools,ABC - AVAX,0.3,False,0.32741,1093.87,,0.03,1777912222
All Pools,DFIAT - USDT.e,0.3,False,0.32143,28.27,,1.04,1777912222
All Pools,KIMBO - CANS,0.3,False,0.32088,389.04,,0.08,1777912222
All Pools,BENIS - NOCHILL,0.3,False,0.32067,4.559,,6.42,1777912222
All Pools,AVAX - XPOW,0.3,False,0.31962,40.24,,0.72,1777912222
All Pools,AVAX - BLACK,0.3,False,0.3103,6.034,,4.69,1777912222
All Pools,LadyMary - FollowTheWhiteRabbit,0.3,False,0.30285,644.28,,0.04,1777912222
All Pools,AVAT - USDC,0.3,False,0.3026,40.75,,0.68,1777912222
All Pools,BRO - COQ,0.3,False,0.30254,208.53,,0.13,1777912222
All Pools,AVAX - APOW,0.3,False,0.301,39.75,,0.69,1777912222
All Pools,BRO - AVAX,0.3,False,0.30091,140906.0,,,1777912222
All Pools,USDC.e - WXT,0.3,False,0.29996,291.72,,0.09,1777912222
All Pools,USDT.e - DUO,0.3,False,0.29648,57.55,,0.47,1777912222
All Pools,AVAX - DUO,0.3,False,0.29641,71.29,,0.38,1777912222
All Pools,USDt - REDWOLF,0.3,False,0.29537,15.0,,1.8,1777912222
All Pools,HUSKY - AMI,0.3,False,0.29518,86.59,,0.31,1777912222
All Pools,PTOP900 - TOPIA,0.3,False,0.29008,103.46,,0.26,1777912222
All Pools,HOWDY - AVAX,0.3,False,0.28743,21179.0,,0.0,1777912222
All Pools,USDC.e - WISE,0.3,False,0.28715,45.87,,0.57,1777912222
All Pools,AVAX - WISE,0.3,False,0.2871,78.51,,0.33,1777912222
All Pools,YEEHAW - AVAX,0.3,False,0.28517,32.06,,0.81,1777912222
All Pools,COQ - BOOTY,0.3,False,0.28353,10.7,,2.42,1777912222
All Pools,DFIAT - AVAX,0.3,False,0.28289,7567.1,,0.0,1777912222
All Pools,AVAI - AVAX,0.3,False,0.28075,29.26,,0.88,1777912222
All Pools,SLUSH - USDT.e,0.3,False,0.2803,60.26,,0.42,1777912222
All Pools,SLUSH - AVAX,0.3,False,0.28026,59.1,,0.43,1777912222
All Pools,AVVO - DAI.e,0.3,False,0.27469,39.77,,0.63,1777912222
All Pools,NOCHILL - REDWOLF,0.3,False,0.26931,3.287,,7.48,1777912222
All Pools,miMatic - USDC.e,0.3,False,0.26876,23.23,,1.06,1777912222
All Pools,AVAX - MUG,0.3,False,0.26319,352.34,,0.07,1777912222
All Pools,AVAX - CHAM,0.3,False,0.26155,33.17,,0.72,1777912222
All Pools,MIM - FORT,0.3,False,0.25853,18032.0,,0.0,1777912222
All Pools,AVAX - FORT,0.3,False,0.25852,39.03,,0.6,1777912222
All Pools,AVAX - MILO,0.3,False,0.25844,1158.06,,0.02,1777912222
All Pools,USDt - MILO,0.3,False,0.25843,17.2,,1.37,1777912222
All Pools,wsOHM - AVAX,0.3,False,0.25795,22.07,,1.07,1777912222
All Pools,MaryMagdalene - AVAX,0.3,False,0.25666,227.49,,0.1,1777912222
All Pools,AftermathsKobe - AVAX,0.3,False,0.25059,297.54,,0.08,1777912222
All Pools,Psychic - AftermathsKobe,0.3,False,0.25005,326.42,,0.07,1777912222
All Pools,BOI - MU,0.3,False,0.24875,1.217,,18.65,1777912222
All Pools,DivineFeminine - Gravity,0.3,False,0.2483,2345.79,,0.01,1777912222
All Pools,$Crazy - AVAX,0.3,False,0.24153,1015.11,,0.02,1777912222
All Pools,avax0 - AVAX,0.3,False,0.2402,6.987,,3.14,1777912222
All Pools,USDC.e - SOL,0.3,False,0.23849,42.08,,0.52,1777912222
All Pools,AVAX - SPT,0.3,False,0.23676,16.59,,1.3,1777912222
All Pools,TOPIA - PTOP800,0.3,False,0.23296,147.33,,0.14,1777912222
All Pools,AI - AVAX,0.3,False,0.22982,4322.76,,0.0,1777912222
All Pools,GLOBA - AVAX,0.3,False,0.2194,51.15,,0.39,1777912222
All Pools,VENG - AVAX,0.3,False,0.21857,60.73,,0.33,1777912222
All Pools,SUB - USDC,0.3,False,0.21041,13.4,,1.43,1777912222
All Pools,GLOBA - DAI.e,0.3,False,0.21006,52.19,,0.37,1777912222
All Pools,BOI - AMI,0.3,False,0.20816,1.037,,18.32,1777912222
All Pools,MaryMagdalene - Gravity,0.3,False,0.20797,133.13,,0.14,1777912222
All Pools,EGG - AVAX,0.3,False,0.20728,23418.0,,,1777912222
All Pools,Hopi - AVAX,0.3,False,0.20294,217.95,,0.08,1777912222
All Pools,Hopi - Now,0.3,False,0.2028,720.76,,0.03,1777912222
All Pools,USDT.e - ZABU,0.3,False,0.20131,47.96,,0.38,1777912222
All Pools,Trinity - LadyMary,0.3,False,0.2008,11107.0,,0.0,1777912222
All Pools,METAG - AVAX,0.3,False,0.20012,24.55,,0.74,1777912222
All Pools,MIM - PAPA,0.3,False,0.19942,412.36,,0.04,1777912222
All Pools,PAPA - AVAX,0.3,False,0.19938,30.52,,0.6,1777912222
All Pools,USDC - BVAX,0.3,False,0.18614,30.54,,0.56,1777912222
All Pools,Meaning - AVAX,0.3,False,0.17999,456.29,,0.04,1777912222
All Pools,Psychic - Meaning,0.3,False,0.17966,313.69,,0.05,1777912222
All Pools,HEFE - AMI,0.3,False,0.17664,1.809,,8.91,1777912222
All Pools,USDt - XPOW,0.3,False,0.17549,20.31,,0.79,1777912222
All Pools,DéjàVu - Gravity,0.3,False,0.17525,210.0,,0.08,1777912222
All Pools,USDt - DXN,0.3,False,0.17252,215.6,,0.07,1777912222
All Pools,DCAU - MIM,0.3,False,0.17214,314.17,,0.05,1777912222
All Pools,FollowTheWhiteRabbit - Priory,0.3,False,0.16642,924.1,,0.02,1777912222
All Pools,Priory - AVAX,0.3,False,0.16639,77.23,,0.2,1777912222
All Pools,SURE - USDC.e,0.3,False,0.16636,23.85,,0.64,1777912222
All Pools,Chemistry - AVAX,0.3,False,0.16337,89.63,,0.17,1777912222
All Pools,AVAT - AVAX,0.3,False,0.16326,21.67,,0.69,1777912222
All Pools,LUNA - LUNA,0.3,False,0.16299,2.533,,5.87,1777912222
All Pools,MIM - USDC,0.3,False,0.16202,76.91,,0.19,1777912222
All Pools,AVAX - NXUSD,0.3,False,0.16006,0.49181,,29.7,1777912222
All Pools,USDt - APOW,0.3,False,0.15706,20.28,,0.71,1777912222
All Pools,Trinity - Gravity,0.3,False,0.15626,2464.04,,0.01,1777912222
All Pools,AVAX - SNOB,0.3,False,0.15365,975.43,,0.01,1777912222
All Pools,gOHM - SB,0.3,False,0.15289,15.25,,0.91,1777912222
All Pools,USDT.e - EXP,0.3,False,0.15189,44253150.0,,,1777912222
All Pools,AVAX - ZABU,0.3,False,0.1518,30.11,,0.46,1777912222
All Pools,DivineFeminine - AVAX,0.3,False,0.15157,6.272,,2.21,1777912222
All Pools,BTC.b - REDWOLF,0.3,False,0.14961,120.76,,0.11,1777912222
All Pools,USDT - ETH,0.3,False,0.14952,215.03,,0.06,1777912222
All Pools,LINDA - AVAX,0.3,False,0.14855,2102.6,,0.01,1777912222
All Pools,MELT - AVAX,0.3,False,0.14589,24.78,,0.54,1777912222
All Pools,USDC - XPOW,0.3,False,0.1441,20.35,,0.65,1777912222
All Pools,USDC - APOW,0.3,False,0.14388,20.26,,0.65,1777912222
All Pools,Chemistry - Now,0.3,False,0.14346,909.7,,0.01,1777912222
All Pools,WarpSpeed - AVAX,0.3,False,0.14306,139.55,,0.09,1777912222
All Pools,Gravity - WarpSpeed,0.3,False,0.14303,85.28,,0.15,1777912222
All Pools,TrumpTower - AVAX,0.3,False,0.14213,160.83,,0.08,1777912222
All Pools,TrumpTower - Gravity,0.3,False,0.1421,76.56,,0.17,1777912222
All Pools,MIM - BLANC,0.3,False,0.135,8381.61,,0.0,1777912222
All Pools,AVAX - BLANC,0.3,False,0.13498,21.85,,0.56,1777912222
All Pools,NOCHILL - MU,0.3,False,0.13353,2.045,,5.96,1777912222
All Pools,miMatic - AVAX,0.3,False,0.13098,36.72,,0.33,1777912222
All Pools,WLRS - USDC.e,0.3,False,0.12838,4531.75,,0.0,1777912222
All Pools,METAG - USDt,0.3,False,0.1269,16.17,,0.72,1777912222
All Pools,AVAX - SDOG,0.3,False,0.12579,10.18,,1.13,1777912222
All Pools,FollowTheWhiteRabbit - DivineFeminine,0.3,False,0.12508,678.38,,0.02,1777912222
All Pools,TOMB - USDC,0.3,False,0.12333,10.59,,1.06,1777912222
All Pools,GURS - NOCHILL,0.3,False,0.12274,1.841,,6.09,1777912222
All Pools,Matter - AVAX,0.3,False,0.12189,80.84,,0.14,1777912222
All Pools,Orange - Matter,0.3,False,0.12162,9059.83,,0.0,1777912222
All Pools,BTC.b - USDC,0.3,False,0.121,4.715,,2.34,1777912222
All Pools,FLAKE - USDT.e,0.3,False,0.12095,50.55,,0.22,1777912222
All Pools,FLAKE - AVAX,0.3,False,0.12091,21.28,,0.52,1777912222
All Pools,USDC - SDOG,0.3,False,0.12021,482.02,,0.02,1777912222
All Pools,YETI - AVAX,0.3,False,0.12008,3313.21,,0.0,1777912222
All Pools,FollowTheWhiteRabbit - TheGospelOfMary,0.3,False,0.11919,157.62,,0.07,1777912222
All Pools,AVAX - TheGospelOfMary,0.3,False,0.11907,160.15,,0.07,1777912222
All Pools,AVAX - GAU,0.3,False,0.11419,9.192,,1.13,1777912222
All Pools,BrideOfChrist - AVAX,0.3,False,0.11408,90.09,,0.12,1777912222
All Pools,Beyond - AVAX,0.3,False,0.114,90.01,,0.12,1777912222
All Pools,Beyond - Orange,0.3,False,0.11378,4470.57,,0.0,1777912222
All Pools,YEEHAW - USDC,0.3,False,0.11154,12.77,,0.8,1777912222
All Pools,Solar - AVAX,0.3,False,0.10994,89.83,,0.11,1777912222
All Pools,Solar - Now,0.3,False,0.10987,912.88,,0.01,1777912222
All Pools,ALOT - USDC.e,0.3,False,0.10915,9.346,,1.07,1777912222
All Pools,LIBRE - USDC.e,0.3,False,0.1089,14.9,,0.67,1777912222
All Pools,VELAI - AVAX,0.3,False,0.10813,0.32569,,30.3,1777912222
All Pools,Psychic - DéjàVu,0.3,False,0.1071,197.76,,0.05,1777912222
All Pools,ORNG - JUICE,0.3,False,0.10656,2.789,,3.49,1777912222
All Pools,HUSKY - MUG,0.3,False,0.10588,24.18,,0.4,1777912222
All Pools,CNR - USDC,0.3,False,0.10292,4.833,,1.94,1777912222
All Pools,BrideOfChrist - FollowTheWhiteRabbit,0.3,False,0.10232,728.62,,0.01,1777912222
All Pools,KLO - USDT.e,0.3,False,0.10209,5.634,,1.65,1777912222
All Pools,3QF - D - AVAX,0.3,False,0.10164,1795.48,,0.01,1777912222
All Pools,3QF - D - WETH.e,0.3,False,0.10135,3190.82,,0.0,1777912222
All Pools,Jjj - AVAX,0.3,False,0.10047,293.17,,0.03,1777912222
All Pools,Psychic - Jjj,0.3,False,0.10029,321.64,,0.03,1777912222
All Pools,MAJIN - REDWOLF,0.3,False,0.0999,7.08,,1.29,1777912222
All Pools,JPYC - USDC.e,0.3,False,0.09987,4.812,,1.89,1777912222
All Pools,USDC.e - NXUSD,0.3,False,0.09721,1.657,,5.35,1777912222
All Pools,Christmas - Merovingian,0.3,False,0.09712,118.19,,0.07,1777912222
All Pools,Christmas - AVAX,0.3,False,0.09709,250.9,,0.04,1777912222
All Pools,Now - Merovingian,0.3,False,0.09665,70.2,,0.13,1777912222
All Pools,MAJIN - MU,0.3,False,0.09607,4.461,,1.97,1777912222
All Pools,Xmas - AVAX,0.3,False,0.09586,275.87,,0.03,1777912222
All Pools,Psychic - Xmas,0.3,False,0.09565,302.17,,0.03,1777912222
All Pools,UST - USDC,0.3,False,0.0936,4.464,,1.91,1777912222
All Pools,WINK - NOCHILL,0.3,False,0.09213,0.84461,,9.95,1777912222
All Pools,Ducks - AVAX,0.3,False,0.09195,292.58,,0.03,1777912222
All Pools,AVAX - STRAW,0.3,False,0.09191,15.73,,0.53,1777912222
All Pools,Psychic - Ducks,0.3,False,0.09178,321.24,,0.03,1777912222
All Pools,MELT - USDT.e,0.3,False,0.09123,30.7,,0.27,1777912222
All Pools,wsOHM - USDC.e,0.3,False,0.09113,42.31,,0.2,1777912222
All Pools,KRW - AVAX,0.3,False,0.09109,459.77,,0.02,1777912222
All Pools,JOE - KRW,0.3,False,0.09099,239.94,,0.03,1777912222
All Pools,JOE - ZABU,0.3,False,0.09038,18.46,,0.45,1777912222
All Pools,NOCHILL - WAIFU,0.3,False,0.08923,149.9,,0.05,1777912222
All Pools,HIGHER - AVAX,0.3,False,0.08872,1.841,,4.4,1777912222
All Pools,MIM - GRAPE,0.3,False,0.08861,2397.15,,0.0,1777912222
All Pools,WLRS - GRAPE,0.3,False,0.08859,77.83,,0.1,1777912222
All Pools,DAI.e - STRAW,0.3,False,0.08796,34.17,,0.23,1777912222
All Pools,Gil - AVAX,0.3,False,0.08705,17.09,,0.46,1777912222
All Pools,SLIME - AVAX,0.3,False,0.08486,21620.0,,,1777912222
All Pools,SLIME - USDt,0.3,False,0.08485,7.321,,1.06,1777912222
All Pools,LINK.e - MU,0.3,False,0.08467,7.584,,1.02,1777912222
All Pools,BANKSY - USDC.e,0.3,False,0.08457,31.33,,0.25,1777912222
All Pools,BANKSY - AVAX,0.3,False,0.08454,23.35,,0.33,1777912222
All Pools,AVAX - MeaningOfNumbers,0.3,False,0.08388,292.81,,0.03,1777912222
All Pools,GAS - AVAX,0.3,False,0.08385,229.68,,0.03,1777912222
All Pools,Psychic - MeaningOfNumbers,0.3,False,0.08373,321.58,,0.02,1777912222
All Pools,HEFE - HIGHER,0.3,False,0.08355,0.89596,,8.51,1777912222
All Pools,Gil - DAI.e,0.3,False,0.08329,28.4,,0.27,1777912222
All Pools,aAvaLINK - AVAX,0.3,False,0.08291,9.551,,0.79,1777912222
All Pools,USDt - NEMO,0.3,False,0.08239,96.3,,0.08,1777912222
All Pools,AVAX - NEMO,0.3,False,0.08238,7.779,,0.97,1777912222
All Pools,PTOP1300 - TOPIA,0.3,False,0.08188,97.17,,0.08,1777912222
All Pools,COQ - AMI,0.3,False,0.08087,14.18,,0.52,1777912222
All Pools,AVAX - Prometheus,0.3,False,0.08028,286.13,,0.03,1777912222
All Pools,Psychic - Prometheus,0.3,False,0.08012,312.79,,0.02,1777912222
All Pools,ZUM - NOCHILL,0.3,False,0.07681,1.169,,5.99,1777912222
All Pools,MEOW - AVAX,0.3,False,0.07519,10491.0,,,1777912222
All Pools,BTC.b - MU,0.3,False,0.07421,11.49,,0.59,1777912222
All Pools,METAG - USDT.e,0.3,False,0.07317,49.67,,0.13,1777912222
All Pools,BUSD - USDC,0.3,False,0.0726,7.751,,0.85,1777912222
All Pools,AVAX - Nala,0.3,False,0.0691,25.78,,0.24,1777912222
All Pools,Mungo - AVAX,0.3,False,0.06843,41.31,,0.15,1777912222
All Pools,DéjàVu - Mungo,0.3,False,0.06835,184.23,,0.03,1777912222
All Pools,bECH - AVAX,0.3,False,0.06724,21.59,,0.28,1777912222
All Pools,SOB - LUNA,0.3,False,0.06628,1.341,,4.51,1777912222
All Pools,MIM - AUSD,0.3,False,0.0661,34.98,,0.17,1777912222
All Pools,WDAO - MIM,0.3,False,0.06606,23.41,,0.26,1777912222
All Pools,WDAO - AVAX,0.3,False,0.06604,19.63,,0.31,1777912222
All Pools,UNIQOC - AVAX,0.3,False,0.06448,1141.59,,0.01,1777912222
All Pools,UNIQOC - COQ,0.3,False,0.0641,54.56,,0.11,1777912222
All Pools,CHAMP - AMI,0.3,False,0.06366,38.53,,0.15,1777912222
All Pools,USDC - AMI,0.3,False,0.06343,0.67082,,8.63,1777912222
All Pools,ElvisJackpot - BLACK,0.3,False,0.06289,17.53,,0.33,1777912222
All Pools,FINANCE - NOCHILL,0.3,False,0.06185,445.74,,0.01,1777912222
All Pools,Light - AVAX,0.3,False,0.06184,89.98,,0.06,1777912222
All Pools,Psychic - Stolen,0.3,False,0.06179,85.73,,0.07,1777912222
All Pools,Light - Now,0.3,False,0.0617,914.43,,0.01,1777912222
All Pools,CNR - USDt,0.3,False,0.0613,4.852,,1.15,1777912222
All Pools,AVAX - LuciferMorningstar,0.3,False,0.06082,14.56,,0.38,1777912222
All Pools,BrideOfChrist - BLACK,0.3,False,0.06046,33.09,,0.17,1777912222
All Pools,MIM - GG,0.3,False,0.05859,292.0,,0.02,1777912222
All Pools,AVAX - GG,0.3,False,0.05858,9.441,,0.57,1777912222
All Pools,MIM - SPELL,0.3,False,0.05845,7.603,,0.7,1777912222
All Pools,wMEMO - MIM,0.3,False,0.05757,20.64,,0.25,1777912222
All Pools,ACS - USDC.e,0.3,False,0.05747,5.431,,0.97,1777912222
All Pools,HEFE - Always,0.3,False,0.05738,0.87853,,5.96,1777912222
All Pools,USDR - USDC,0.3,False,0.05629,41.08,,0.13,1777912222
All Pools,MIM - GG,0.3,False,0.05562,23.37,,0.22,1777912222
All Pools,GG - AVAX,0.3,False,0.05561,12.34,,0.41,1777912222
All Pools,MELT - USDC.e,0.3,False,0.05469,31.06,,0.16,1777912222
All Pools,UST - UST,0.3,False,0.0546,1.923,,2.59,1777912222
All Pools,USDT.e - XAVA,0.3,False,0.05357,11.33,,0.43,1777912222
All Pools,wMEMO - AVAX,0.3,False,0.05337,13.77,,0.35,1777912222
All Pools,FITFI - USDC,0.3,False,0.05284,0.45043,,10.7,1777912222
All Pools,AMI - JUICY,0.3,False,0.05198,0.93251,,5.09,1777912222
All Pools,Sanskrit - AVAX,0.3,False,0.05151,90.09,,0.05,1777912222
All Pools,Sanskrit - Now,0.3,False,0.0514,915.64,,0.01,1777912222
All Pools,CommieSukey - AVAX,0.3,False,0.05112,293.76,,0.02,1777912222
All Pools,Psychic - CommieSukey,0.3,False,0.05102,321.57,,0.01,1777912222
All Pools,DUO - USDT.e,0.3,False,0.0507,7.276,,0.64,1777912222
All Pools,GOLD - AVAX,0.3,False,0.04973,0.00688,,659.2,1777912222
All Pools,AVAX - Mentor,0.3,False,0.0494,89.69,,0.05,1777912222
All Pools,Now - Mentor,0.3,False,0.04934,912.02,,0.0,1777912222
All Pools,WBTC.e - USDC.e,0.3,False,0.04917,9.095,,0.49,1777912222
All Pools,meGNX - AVAX,0.3,False,0.0488,17.58,,0.25,1777912222
All Pools,JOE - ZUBAX,0.3,False,0.04876,9.177,,0.48,1777912222
All Pools,MaryMagdalene - BrideOfChrist,0.3,False,0.04866,120.94,,0.04,1777912222
All Pools,MPL - USDt,0.3,False,0.04844,30.57,,0.14,1777912222
All Pools,MPL - AVAX,0.3,False,0.04842,6.155,,0.72,1777912222
All Pools,AVAX - RedFolder,0.3,False,0.04801,292.56,,0.01,1777912222
All Pools,Psychic - RedFolder,0.3,False,0.04792,320.49,,0.01,1777912222
All Pools,Stolen - AVAX,0.3,False,0.04777,17.7,,0.25,1777912222
All Pools,USDC.e - WOLF,0.3,False,0.04738,8.78,,0.49,1777912222
All Pools,AVAX - WOLF,0.3,False,0.04737,74.06,,0.06,1777912222
All Pools,Silver - AVAX,0.3,False,0.04712,88.54,,0.05,1777912222
All Pools,Silver - Now,0.3,False,0.04703,916.04,,0.0,1777912222
All Pools,Uncontractable - AVAX,0.3,False,0.04578,88.24,,0.05,1777912222
All Pools,Uncontractable - Now,0.3,False,0.04572,892.05,,0.0,1777912222
All Pools,MIM - NADO,0.3,False,0.04556,1164.07,,0.0,1777912222
All Pools,AVAX - NADO,0.3,False,0.04555,7.769,,0.54,1777912222
All Pools,REDWOLF - SOL,0.3,False,0.04551,75.21,,0.06,1777912222
All Pools,Chrism - ChristMark,0.3,False,0.04539,181.85,,0.02,1777912222
All Pools,NeatestQuackery - AVAX,0.3,False,0.04506,290.16,,0.01,1777912222
All Pools,Psychic - NeatestQuackery,0.3,False,0.04498,318.98,,0.01,1777912222
All Pools,RoselineBloodline - AVAX,0.3,False,0.04485,44.29,,0.09,1777912222
All Pools,FollowTheWhiteRabbit - RoselineBloodline,0.3,False,0.04484,41.13,,0.1,1777912222
All Pools,MELT - AVAX,0.3,False,0.04478,1141.87,,0.0,1777912222
All Pools,AVAX - All,0.3,False,0.04472,294.6,,0.01,1777912222
All Pools,Psychic - All,0.3,False,0.04464,321.12,,0.01,1777912222
All Pools,XAUt0 - ElvisJackpot,0.3,False,0.04393,326.57,,0.01,1777912222
All Pools,Trinity - Nala,0.3,False,0.04388,40.76,,0.1,1777912222
All Pools,MIM - LIFE,0.3,False,0.04345,66.94,,0.06,1777912222
All Pools,LIFE - AVAX,0.3,False,0.04345,7.243,,0.55,1777912222
All Pools,USDT.e - TMT,0.3,False,0.04322,26.0,,0.15,1777912222
All Pools,AVAX - TMT,0.3,False,0.04321,7.101,,0.56,1777912222
All Pools,USDC - WSPP,0.3,False,0.04317,44.04,,0.09,1777912222
All Pools,AVAX - WSPP,0.3,False,0.04317,2.995,,1.32,1777912222
All Pools,WORM - AVAX,0.3,False,0.04314,394.2,,0.01,1777912222
All Pools,MELT - USDC.e,0.3,False,0.04269,7.071,,0.55,1777912222
All Pools,COQ - JUICY,0.3,False,0.0423,0.71358,,5.41,1777912222
All Pools,AVAX - Wej,0.3,False,0.04226,292.78,,0.01,1777912222
All Pools,Psychic - Wej,0.3,False,0.04218,320.47,,0.01,1777912222
All Pools,Apollyon - AVAX,0.3,False,0.04211,36.55,,0.11,1777912222
All Pools,Apollyon - LuciferMorningstar,0.3,False,0.04206,233383649.0,,,1777912222
All Pools,TruthClosure - BLACK,0.3,False,0.04168,25.71,,0.15,1777912222
All Pools,MIM - SBR,0.3,False,0.04103,39.65,,0.09,1777912222
All Pools,SBR - AVAX,0.3,False,0.04102,7.304,,0.51,1777912222
All Pools,Trinity - Stolen,0.3,False,0.04098,29.64,,0.13,1777912222
All Pools,ICUBE - USDT.e,0.3,False,0.04063,107.98,,0.03,1777912222
All Pools,ICUBE - AVAX,0.3,False,0.04061,6.363,,0.58,1777912222
All Pools,BNB - AVAX,0.3,False,0.04007,4102.36,,,1777912222
All Pools,aAvaLINK - meGNX,0.3,False,0.03978,10.51,,0.35,1777912222
All Pools,TEDDY - AVAX,0.3,False,0.03907,16.85,,0.21,1777912222
All Pools,AVAX - LYLY,0.3,False,0.03889,72.19,,0.05,1777912222
All Pools,LoveYou - Gravity,0.3,False,0.03873,57.21,,0.06,1777912222
All Pools,LoveYou - AVAX,0.3,False,0.03873,61.85,,0.06,1777912222
All Pools,Necromancer - AVAX,0.3,False,0.03845,89.96,,0.04,1777912222
All Pools,Now - Necromancer,0.3,False,0.03837,914.36,,0.0,1777912222
All Pools,HOWDY - NOCHILL,0.3,False,0.03829,1.067,,3.28,1777912222
All Pools,USDC - MXNB,0.3,False,0.03766,27.43,,0.13,1777912222
All Pools,RUGPULL - MUG,0.3,False,0.03764,183.89,,0.02,1777912222
All Pools,AMI - TOPIA,0.3,False,0.03758,223.59,,0.02,1777912222
All Pools,MIM - DAI.e,0.3,False,0.03737,52.42,,0.07,1777912222
All Pools,SURE - AVAX,0.3,False,0.03694,7.231,,0.47,1777912222
All Pools,Void - AVAX,0.3,False,0.0361,88.3,,0.04,1777912222
All Pools,Void - Now,0.3,False,0.03603,917.5,,0.0,1777912222
All Pools,USDT.e - BOREA,0.3,False,0.03567,26.47,,0.12,1777912222
All Pools,ArniStitch - AVAX,0.3,False,0.03565,292.1,,0.01,1777912222
All Pools,AVAX - BOREA,0.3,False,0.03564,6.677,,0.49,1777912222
All Pools,Psychic - ArniStitch,0.3,False,0.03559,320.7,,0.01,1777912222
All Pools,Four - AVAX,0.3,False,0.03542,74.62,,0.04,1777912222
All Pools,DrainTheSwamp - AVAX,0.3,False,0.03457,37.63,,0.08,1777912222
All Pools,REDWOLF - SHRAP,0.3,False,0.03363,1.144,,2.68,1777912222
All Pools,ELE - AVAX,0.3,False,0.03357,123.95,,0.02,1777912222
All Pools,OH - AVAX,0.3,False,0.03315,93.83,,0.03,1777912222
All Pools,GOOD - GAINS,0.3,False,0.03192,3.782,,0.77,1777912222
All Pools,GOOD - AVAX,0.3,False,0.03177,153.33,,0.02,1777912222
All Pools,WETH.e - USDR,0.3,False,0.03153,2.822,,1.02,1777912222
All Pools,RUG - USDT.e,0.3,False,0.03129,14.75,,0.19,1777912222
All Pools,wALGO - AVAX,0.3,False,0.03096,161.83,,0.02,1777912222
All Pools,wALGO - USDC,0.3,False,0.03095,2.81,,1.01,1777912222
All Pools,gOHM - JOE,0.3,False,0.03015,3.87,,0.71,1777912222
All Pools,FollowTheWhiteRabbit - StatueOfLiberty,0.3,False,0.03008,506.71,,0.01,1777912222
All Pools,StatueOfLiberty - AVAX,0.3,False,0.03005,14.77,,0.19,1777912222
All Pools,Milk - USDT.e,0.3,False,0.02966,14.44,,0.19,1777912222
All Pools,Milk - AVAX,0.3,False,0.02964,6.642,,0.41,1777912222
All Pools,AVAX - BlackAndGold,0.3,False,0.02962,294.29,,0.01,1777912222
All Pools,Psychic - BlackAndGold,0.3,False,0.02957,321.0,,0.01,1777912222
All Pools,AVAX - Propriety,0.3,False,0.02874,89.85,,0.03,1777912222
All Pools,Now - Propriety,0.3,False,0.02869,915.07,,0.0,1777912222
All Pools,FITFI - USDC.e,0.3,False,0.02855,0.24314,,10.71,1777912222
All Pools,PNG - REDWOLF,0.3,False,0.02827,4.304,,0.6,1777912222
All Pools,GMX - USDC,0.3,False,0.02825,0.9158,,2.81,1777912222
All Pools,USDT.e - GOT,0.3,False,0.02805,12.84,,0.2,1777912222
All Pools,AVAX - GOT,0.3,False,0.02804,5.257,,0.49,1777912222
All Pools,LOST - AVAX,0.3,False,0.02792,1653.78,,0.0,1777912222
All Pools,AVAX - √Root,0.3,False,0.02762,90.04,,0.03,1777912222
All Pools,Now - √Root,0.3,False,0.02757,914.99,,0.0,1777912222
All Pools,Blue - AVAX,0.3,False,0.02754,263.02,,0.01,1777912222
All Pools,WETH.e - yyAVAX,0.3,False,0.02716,19.44,,0.13,1777912222
All Pools,KOVIN - AVAX,0.3,False,0.02667,3188.34,,,1777912222
All Pools,USDC.e - SPADE,0.3,False,0.02656,16.17,,0.15,1777912222
All Pools,AVAX - SPADE,0.3,False,0.02655,6.061,,0.4,1777912222
All Pools,3ULL - AVAX,0.3,False,0.02651,47.38,,0.05,1777912222
All Pools,AVAX - IMPACT,0.3,False,0.02648,6.247,,0.39,1777912222
All Pools,KrisKringle - Gravity,0.3,False,0.02626,77.95,,0.03,1777912222
All Pools,KrisKringle - AVAX,0.3,False,0.02625,26.15,,0.09,1777912222
All Pools,Trinity - Sinterklaas,0.3,False,0.02607,25.99,,0.09,1777912222
All Pools,AVAX - Sinterklaas,0.3,False,0.02607,139.69,,0.02,1777912222
All Pools,SMRT - XAVA,0.3,False,0.02589,2.889,,0.82,1777912222
All Pools,BSGG - AVAX,0.3,False,0.02566,3.868,,0.61,1777912222
All Pools,USDC.e - UST,0.3,False,0.02536,1.773,,1.31,1777912222
All Pools,Psychic - Nala,0.3,False,0.02528,269.41,,0.01,1777912222
All Pools,Gravity - HustleTappers,0.3,False,0.02526,24.08,,0.1,1777912222
All Pools,AVAX - HustleTappers,0.3,False,0.02525,55.58,,0.04,1777912222
All Pools,USDT.e - AVVO,0.3,False,0.02518,4.061,,0.57,1777912222
All Pools,NOCHILL - ARENA,0.3,False,0.02512,0.41232,,5.56,1777912222
All Pools,USDt - IMPACT,0.3,False,0.02489,3.335,,0.68,1777912222
All Pools,Gravity - ChristMark,0.3,False,0.02483,15.6,,0.15,1777912222
All Pools,BTC.b - yyAVAX,0.3,False,0.02471,5.569,,0.4,1777912222
All Pools,XIO - USDC,0.3,False,0.02451,24.35,,0.09,1777912222
All Pools,XIO - AVAX,0.3,False,0.02451,2.803,,0.8,1777912222
All Pools,LoveIsTheKey - AVAX,0.3,False,0.02436,15.03,,0.15,1777912222
All Pools,AAVE.e - USDT.e,0.3,False,0.02414,2.599,,0.85,1777912222
All Pools,AVAX - Ouroboros,0.3,False,0.02387,21.73,,0.1,1777912222
All Pools,ARENA - MU,0.3,False,0.02386,3.346,,0.65,1777912222
All Pools,SHERPA - AVAX,0.3,False,0.02368,130.15,,0.02,1777912222
All Pools,BTC.b - GMX,0.3,False,0.02366,1.583,,1.36,1777912222
All Pools,WhollySphere - Gravity,0.3,False,0.02358,22.97,,0.09,1777912222
All Pools,WhollySphere - AVAX,0.3,False,0.02357,50.79,,0.04,1777912222
All Pools,WOLF - USDT.e,0.3,False,0.02357,4.061,,0.53,1777912222
All Pools,WOLF - AVAX,0.3,False,0.02356,70.56,,0.03,1777912222
All Pools,SOB - AVAX,0.3,False,0.02352,551.7,,0.0,1777912222
All Pools,Gravity - McdonaldTrouped,0.3,False,0.02344,22.95,,0.09,1777912222
All Pools,McdonaldTrouped - AVAX,0.3,False,0.02343,50.72,,0.04,1777912222
All Pools,Wingdings - Gravity,0.3,False,0.02318,21.94,,0.1,1777912222
All Pools,Wingdings - AVAX,0.3,False,0.02318,50.86,,0.04,1777912222
All Pools,FollowTheWhiteRabbit - TruthClosure,0.3,False,0.02314,45.45,,0.05,1777912222
All Pools,AVAX - USDR,0.3,False,0.02304,2.991,,0.7,1777912222
All Pools,Hydrogen - AVAX,0.3,False,0.02302,262.96,,0.01,1777912222
All Pools,HIGHER - NOCHILL,0.3,False,0.02275,0.31931,,6.5,1777912222
All Pools,AVAX - Teste,0.3,False,0.02274,89.17,,0.02,1777912222
All Pools,Now - Teste,0.3,False,0.0227,917.82,,0.0,1777912222
All Pools,DrainTheSwamp - Gravity,0.3,False,0.02254,22.63,,0.09,1777912222
All Pools,WINK - MU,0.3,False,0.02237,0.47381,,4.31,1777912222
All Pools,USDC.e - RUG,0.3,False,0.02228,24.9,,0.08,1777912222
All Pools,YAK - JOE,0.3,False,0.02227,1.233,,1.65,1777912222
All Pools,MU - WAIFU,0.3,False,0.02155,100.1,,0.02,1777912222
All Pools,HIGHER - AMI,0.3,False,0.02147,3.273,,0.6,1777912222
All Pools,BNZ - WINK,0.3,False,0.02108,0.43328,,4.44,1777912222
All Pools,MerryXmas - AVAX,0.3,False,0.0209,269.35,,0.01,1777912222
All Pools,bCASH - LINK.e,0.3,False,0.0209,382.73,,0.0,1777912222
All Pools,Psychic - MerryXmas,0.3,False,0.02087,294.87,,0.01,1777912222
All Pools,QI - LYLY,0.3,False,0.02086,2.728,,0.7,1777912222
All Pools,AVAX - Always,0.3,False,0.0208,0.59013,,3.22,1777912222
All Pools,3ULL - USDt,0.3,False,0.02032,2.517,,0.74,1777912222
All Pools,CodexKennyMin - AVAX,0.3,False,0.02023,25.02,,0.07,1777912222
All Pools,XOMB - USDT.e,0.3,False,0.02023,2.415,,0.76,1777912222
All Pools,CodexKennyMin - FollowTheWhiteRabbit,0.3,False,0.02023,21.76,,0.08,1777912222
All Pools,XOMB - AVAX,0.3,False,0.02022,21.48,,0.09,1777912222
All Pools,ARA - AVAX,0.3,False,0.02021,2.845,,0.65,1777912222
All Pools,BGLD - USDT.e,0.3,False,0.02019,16.94,,0.11,1777912222
All Pools,BGLD - AVAX,0.3,False,0.02019,4.376,,0.42,1777912222
All Pools,WOLF - MU,0.3,False,0.02016,5.163,,0.36,1777912222
All Pools,HIGHER - HOWDY,0.3,False,0.02006,1.498,,1.22,1777912222
All Pools,AVAX - SwiftTaylor,0.3,False,0.01992,14.69,,0.12,1777912222
All Pools,CNR - AVAX,0.3,False,0.01989,61.73,,0.03,1777912222
All Pools,FatherChristmas - AVAX,0.3,False,0.01983,53.67,,0.03,1777912222
All Pools,FatherChristmas - Gravity,0.3,False,0.01979,21.89,,0.08,1777912222
All Pools,Satoshi - Gravity,0.3,False,0.01975,55.09,,0.03,1777912222
All Pools,Satoshi - AVAX,0.3,False,0.01974,19.14,,0.09,1777912222
All Pools,MUMO - USDC,0.3,False,0.01967,8.281,,0.22,1777912222
All Pools,Gravity - Vaccinations,0.3,False,0.01963,61.86,,0.03,1777912222
All Pools,AVAX - Vaccinations,0.3,False,0.01963,18.39,,0.1,1777912222
All Pools,Gravity - Nakamoto,0.3,False,0.01954,62.02,,0.03,1777912222
All Pools,Nakamoto - AVAX,0.3,False,0.01954,18.4,,0.1,1777912222
All Pools,COQ - REDWOLF,0.3,False,0.01948,12.37,,0.14,1777912222
All Pools,COQ - KOVIN,0.3,False,0.01937,12.95,,0.14,1777912222
All Pools,AVAX - TT,0.3,False,0.01921,1.932,,0.91,1777912222
All Pools,MerryChristmas - Gravity,0.3,False,0.01913,62.07,,0.03,1777912222
All Pools,MerryChristmas - AVAX,0.3,False,0.01913,18.43,,0.09,1777912222
All Pools,BTC.b - MUMO,0.3,False,0.0191,4.861,,0.36,1777912222
All Pools,TruthClosure - AVAX,0.3,False,0.01856,11.62,,0.15,1777912222
All Pools,Stolen - BLACK,0.3,False,0.01826,5.37,,0.31,1777912222
All Pools,KIWI - USDt,0.3,False,0.01819,20.39,,0.08,1777912222
All Pools,COQ - LYLY,0.3,False,0.01807,15.23,,0.11,1777912222
All Pools,Four - Found,0.3,False,0.01773,1847.7,,,1777912222
All Pools,USDT.e - iBONE,0.3,False,0.01746,4.816,,0.33,1777912222
All Pools,AVAX - iBONE,0.3,False,0.01746,5.431,,0.29,1777912222
All Pools,ILoveYouWordSpell - AVAX,0.3,False,0.01745,18.27,,0.09,1777912222
All Pools,ILoveYouWordSpell - Gravity,0.3,False,0.01744,102.29,,0.02,1777912222
All Pools,SodomAndGomorrah - AVAX,0.3,False,0.01741,19.27,,0.08,1777912222
All Pools,Trinity - SodomAndGomorrah,0.3,False,0.0174,22.56,,0.07,1777912222
All Pools,WalkTheWalkNowJesus - Gravity,0.3,False,0.01719,25.44,,0.06,1777912222
All Pools,WalkTheWalkNowJesus - AVAX,0.3,False,0.01719,24.86,,0.06,1777912222
All Pools,COQ - MU,0.3,False,0.01711,4.585,,0.34,1777912222
All Pools,GRELF[ava] - AVAX,0.3,False,0.01701,1157.08,,0.0,1777912222
All Pools,AVAX - LAST,0.3,False,0.017,1048.38,,0.0,1777912222
All Pools,AVAX - LookingGlass,0.3,False,0.01639,16.27,,0.09,1777912222
All Pools,HCT - AVAX,0.3,False,0.01636,3.379,,0.44,1777912222
All Pools,Gravity - LookingGlass,0.3,False,0.01635,184.55,,0.01,1777912222
All Pools,KOKSAL - USDC,0.3,False,0.0163,4.74,,0.31,1777912222
All Pools,KOKSAL - AVAX,0.3,False,0.01629,3.517,,0.42,1777912222
All Pools,REDWOLF - ODDZ,0.3,False,0.0162,1.54,,0.96,1777912222
All Pools,ZH - JOE,0.3,False,0.01619,2.846,,0.52,1777912222
All Pools,ZH - USDC.e,0.3,False,0.01619,23.01,,0.06,1777912222
All Pools,WOLF - AVAX,0.3,False,0.01578,43164.0,,,1777912222
All Pools,Trinity - Yeshua,0.3,False,0.01563,34.41,,0.04,1777912222
All Pools,AVAX - Yeshua,0.3,False,0.01562,29.41,,0.05,1777912222
All Pools,WETH.e - MU,0.3,False,0.01524,2.085,,0.67,1777912222
All Pools,ARENA - AMI,0.3,False,0.01495,1.402,,0.97,1777912222
All Pools,DUA - USDC,0.3,False,0.01494,11.52,,0.12,1777912222
All Pools,AVAX - DUA,0.3,False,0.01494,2.066,,0.66,1777912222
All Pools,GAINS - COQ,0.3,False,0.01472,2.03,,0.66,1777912222
All Pools,GAINS - BOBS,0.3,False,0.01456,2.245,,0.59,1777912222
All Pools,RUGG - AVAX,0.3,False,0.01454,350.98,,0.0,1777912222
All Pools,AVAX - BOBS,0.3,False,0.01451,5481.78,,,1777912222
All Pools,SUB - AVAX,0.3,False,0.01422,20.96,,0.06,1777912222
All Pools,Psychic - Blue,0.3,False,0.0141,82.17,,0.02,1777912222
All Pools,LoveIsTheKey - FollowTheWhiteRabbit,0.3,False,0.01391,64.25,,0.02,1777912222
All Pools,Strength - BLACK,0.3,False,0.01388,4.777,,0.27,1777912222
All Pools,AVAX - Strength,0.3,False,0.01387,141.02,,0.01,1777912222
All Pools,Go - BLACK,0.3,False,0.01385,4.771,,0.26,1777912222
All Pools,Go - AVAX,0.3,False,0.01385,140.04,,0.01,1777912222
All Pools,AVAX - Wormwood,0.3,False,0.0138,17.1,,0.07,1777912222
All Pools,Gravity - Wormwood,0.3,False,0.0138,15.4,,0.08,1777912222
All Pools,AVAX - WOHM,0.3,False,0.01376,3.38,,0.37,1777912222
All Pools,MIM - WOHM,0.3,False,0.01375,86.03,,0.01,1777912222
All Pools,AVAX - SantaClaus,0.3,False,0.01372,24.75,,0.05,1777912222
All Pools,Gravity - SantaClaus,0.3,False,0.01371,11.9,,0.11,1777912222
All Pools,USDV - REDWOLF,0.3,False,0.01367,18.19,,0.07,1777912222
All Pools,Yellow - BLACK,0.3,False,0.01364,4.808,,0.26,1777912222
All Pools,Yellow - AVAX,0.3,False,0.01363,265.23,,0.0,1777912222
All Pools,AVAX - LoveWins,0.3,False,0.01352,7.806,,0.16,1777912222
All Pools,FollowTheWhiteRabbit - LoveWins,0.3,False,0.01352,150.57,,0.01,1777912222
All Pools,Hydrogen - BLACK,0.3,False,0.01349,4.822,,0.26,1777912222
All Pools,Blue - BLACK,0.3,False,0.01342,4.826,,0.25,1777912222
All Pools,TRYB - USDC.e,0.3,False,0.01341,31.53,,0.04,1777912222
All Pools,XAVA - HON,0.3,False,0.01336,1.87,,0.65,1777912222
All Pools,Who - BLACK,0.3,False,0.01335,4.773,,0.26,1777912222
All Pools,Who - AVAX,0.3,False,0.01335,139.83,,0.01,1777912222
All Pools,MIM - RUG,0.3,False,0.01335,22.89,,0.05,1777912222
All Pools,Gravity - Ouroboros,0.3,False,0.01324,30.47,,0.04,1777912222
All Pools,AVAX - ETH,0.3,False,0.01321,16.69,,0.07,1777912222
All Pools,aDXN - AVAX,0.3,False,0.0131,3.675,,0.33,1777912222
All Pools,QI - USDC.e,0.3,False,0.01298,0.8176,,1.45,1777912222
All Pools,Trinity - SwiftTaylor,0.3,False,0.01292,17.62,,0.07,1777912222
All Pools,TokenZ - USDC,0.3,False,0.01272,3.765,,0.31,1777912222
All Pools,BTC.b - SOB,0.3,False,0.01271,1.129,,1.03,1777912222
All Pools,TokenZ - AVAX,0.3,False,0.01271,2.394,,0.48,1777912222
All Pools,LUNA - USDC,0.3,False,0.01269,1.401,,0.83,1777912222
All Pools,CAI - AMI,0.3,False,0.01268,0.51764,,2.24,1777912222
All Pools,3AC - NOCHILL,0.3,False,0.01268,0.173,,6.69,1777912222
All Pools,AVAX - GrinchKidAfflict,0.3,False,0.01267,43.41,,0.03,1777912222
All Pools,ValentinMidwifes - Gravity,0.3,False,0.01267,39.06,,0.03,1777912222
All Pools,Gravity - GrinchKidAfflict,0.3,False,0.01266,9.14,,0.13,1777912222
All Pools,GAINS - Degen,0.3,False,0.01254,2.03,,0.56,1777912222
All Pools,Degen - AVAX,0.3,False,0.0125,2003.69,,,1777912222
All Pools,USDC - COSMIC,0.3,False,0.01249,54.19,,0.02,1777912222
All Pools,AVAX - COSMIC,0.3,False,0.01248,1.249,,0.91,1777912222
All Pools,NineHundred - AVAX,0.3,False,0.01246,140.52,,0.01,1777912222
All Pools,NineHundred - BLACK,0.3,False,0.01246,4.801,,0.24,1777912222
All Pools,JOE - USDt,0.3,False,0.01245,0.845,,1.34,1777912222
All Pools,AVAX - LODE,0.3,False,0.01208,1.032,,1.07,1777912222
All Pools,DrainTheSwamp - FollowTheWhiteRabbit,0.3,False,0.01203,10.93,,0.1,1777912222
All Pools,AVAX - BAVA,0.3,False,0.01171,11.4,,0.09,1777912222
All Pools,WETH.e - STATIK,0.3,False,0.0115,1.378,,0.76,1777912222
All Pools,AVAX - MUG,0.3,False,0.01145,1.217,,0.86,1777912222
All Pools,Anon - USDC,0.3,False,0.01142,1.04,,1.0,1777912222
All Pools,AVAX - QUASI,0.3,False,0.01123,588.49,,0.0,1777912222
All Pools,QI - REDWOLF,0.3,False,0.01119,1.595,,0.64,1777912222
All Pools,GAINS - QUASI,0.3,False,0.01118,1.405,,0.73,1777912222
All Pools,Orange - BLACK,0.3,False,0.01116,4.091,,0.25,1777912222
All Pools,Wormhole - AVAX,0.3,False,0.01116,104.06,,0.01,1777912222
All Pools,Trinity - Wormhole,0.3,False,0.01115,6.156,,0.17,1777912222
All Pools,Orem - AVAX,0.3,False,0.01095,104.15,,0.01,1777912222
All Pools,Trinity - Orem,0.3,False,0.01094,6.161,,0.16,1777912222
All Pools,JOE - QI,0.3,False,0.01093,0.95358,,1.05,1777912222
All Pools,COQ - MCV,0.3,False,0.01085,9.768,,0.1,1777912222
All Pools,MCV - AVAX,0.3,False,0.01082,401.19,,0.0,1777912222
All Pools,TickTock - AVAX,0.3,False,0.01076,89.99,,0.01,1777912222
All Pools,TickTock - Now,0.3,False,0.01074,914.81,,0.0,1777912222
All Pools,AVAX - DWC,0.3,False,0.01053,6026.89,,,1777912222
All Pools,LoveIsTheKey - BLACK,0.3,False,0.01047,7.884,,0.12,1777912222
All Pools,BNZ - AVAX,0.3,False,0.01045,62.26,,0.02,1777912222
All Pools,MU - COQAI,0.3,False,0.01042,6.526,,0.15,1777912222
All Pools,Psychic - Turtle,0.3,False,0.01041,61.4,,0.02,1777912222
All Pools,AVAX - EDG,0.3,False,0.0104,3.135,,0.3,1777912222
All Pools,MIM - EDG,0.3,False,0.01039,7.855,,0.12,1777912222
All Pools,Chrism - BLACK,0.3,False,0.01038,2.355,,0.4,1777912222
All Pools,AVAX - OK,0.3,False,0.01014,1.957,,0.47,1777912222
All Pools,AVAX - NORTH,0.3,False,0.01013,2.117,,0.44,1777912222
All Pools,USDT.e - NORTH,0.3,False,0.01011,26.7,,0.03,1777912222
All Pools,aAvaLINK - LINK.e,0.3,False,0.01011,1.867,,0.49,1777912222
All Pools,BLACK - SantaGospel,0.3,False,0.01008,4.757,,0.19,1777912222
All Pools,AVAX - SantaGospel,0.3,False,0.01008,134.3,,0.01,1777912222
All Pools,FTOMB - AVAX,0.3,False,0.01005,10290.0,,,1777912222
All Pools,ACS - USDt,0.3,False,0.00988,0.97998,,0.92,1777912222
All Pools,DivineFeminine - ValentinMidwifes,0.3,False,0.00987,41.25,,0.02,1777912222
All Pools,CATWIF - MAJIN,0.3,False,0.00979,0.85655,,1.04,1777912222
All Pools,XETA - AVAX,0.3,False,0.0096,0.24631,,3.56,1777912222
All Pools,TRACTOR - USDT.e,0.3,False,0.00958,1.981,,0.44,1777912222
All Pools,Psychic - Hydrogen,0.3,False,0.00951,82.5,,0.01,1777912222
All Pools,Psychic - Mirror,0.3,False,0.00949,61.36,,0.01,1777912222
All Pools,APOW - MU,0.3,False,0.00934,3.509,,0.24,1777912222
All Pools,aDXN - aXEN,0.3,False,0.00934,0.6265,,1.36,1777912222
All Pools,wsOHM - OTWO,0.3,False,0.00919,3.639,,0.23,1777912222
All Pools,gOHM - OTWO,0.3,False,0.0091,88445.0,,,1777912222
All Pools,AVAX - VYBE,0.3,False,0.00904,3.274,,0.25,1777912222
All Pools,MIM - VYBE,0.3,False,0.00903,3.732,,0.22,1777912222
All Pools,KIMBO - GAINS,0.3,False,0.00898,1.359,,0.6,1777912222
All Pools,MU - SOL,0.3,False,0.0089,1.335,,0.61,1777912222
All Pools,AVAX - TUSK,0.3,False,0.0088,2.492,,0.32,1777912222
All Pools,USDC.e - TUSK,0.3,False,0.00879,9.732,,0.08,1777912222
All Pools,AUSD - HUSKY,0.3,False,0.00872,0.76112,,1.04,1777912222
All Pools,Trinity - FourFourFour,0.3,False,0.00864,4.915,,0.16,1777912222
All Pools,USDC.e - BAVA,0.3,False,0.00858,2.947,,0.27,1777912222
All Pools,COQ - SNP,0.3,False,0.00855,26.59,,0.03,1777912222
All Pools,SYN - USDC.e,0.3,False,0.00854,1.221,,0.64,1777912222
All Pools,SNP - AVAX,0.3,False,0.00853,11.6,,0.07,1777912222
All Pools,GAINS - MEAT,0.3,False,0.00853,0.99126,,0.78,1777912222
All Pools,AVAX - HOST,0.3,False,0.00845,1.946,,0.4,1777912222
All Pools,VSO - AVAX,0.3,False,0.00834,97.59,,0.01,1777912222
All Pools,KOVIN - MU,0.3,False,0.00822,3.071,,0.24,1777912222
All Pools,XPOW - AVAX,0.3,False,0.00818,119.41,,0.01,1777912222
All Pools,XPOW - USDt,0.3,False,0.00817,1.394,,0.53,1777912222
All Pools,BENIS - AVAX,0.3,False,0.00811,15.59,,0.05,1777912222
All Pools,HOST - DAI.e,0.3,False,0.00808,2.997,,0.25,1777912222
All Pools,Psychic - Oracle,0.3,False,0.00791,61.4,,0.01,1777912222
All Pools,AAVE.e - USDC.e,0.3,False,0.00789,1.261,,0.57,1777912222
All Pools,AI9000 - AVAX,0.3,False,0.00782,303.9,,0.0,1777912222
All Pools,Psychic - Penny,0.3,False,0.00771,61.4,,0.01,1777912222
All Pools,AprilFoolsDay - AVAX,0.3,False,0.00768,103.99,,0.01,1777912222
All Pools,Trinity - AprilFoolsDay,0.3,False,0.00767,6.181,,0.11,1777912222
All Pools,AVAX - AXIAL,0.3,False,0.00764,1037.61,,,1777912222
All Pools,LUNA - USDt,0.3,False,0.00763,1.327,,0.52,1777912222
All Pools,AKA - AVAX,0.3,False,0.00754,2.266,,0.3,1777912222
All Pools,AKA - USDt,0.3,False,0.00754,2.921,,0.24,1777912222
All Pools,COQ - ARENA,0.3,False,0.00736,1.239,,0.54,1777912222
All Pools,WITCH - AVAX,0.3,False,0.00728,2.769,,0.24,1777912222
All Pools,WITCH - USDC,0.3,False,0.00728,1.718,,0.39,1777912222
All Pools,ChristMark - ChristIAmYou,0.3,False,0.00723,26.53,,0.02,1777912222
All Pools,Psychic - daVinci,0.3,False,0.00714,61.39,,0.01,1777912222
All Pools,Psychic - Gematria,0.3,False,0.00713,61.4,,0.01,1777912222
All Pools,Psychic - RefZip,0.3,False,0.00712,61.39,,0.01,1777912222
All Pools,JOE - aXEN,0.3,False,0.00711,0.24335,,2.67,1777912222
All Pools,Psychic - Finish,0.3,False,0.00711,61.36,,0.01,1777912222
All Pools,Psychic - Qubit,0.3,False,0.0071,61.36,,0.01,1777912222
All Pools,Psychic - Blessings,0.3,False,0.00708,61.36,,0.01,1777912222
All Pools,Psychic - Solved,0.3,False,0.00708,61.4,,0.01,1777912222
All Pools,Psychic - IAmThatIAm,0.3,False,0.00706,61.4,,0.01,1777912222
All Pools,Psychic - Confusion,0.3,False,0.00705,61.4,,0.01,1777912222
All Pools,AVAX - GematrixDotOrg,0.3,False,0.00705,16.69,,0.04,1777912222
All Pools,Gravity - GematrixDotOrg,0.3,False,0.00703,13.01,,0.05,1777912222
All Pools,Psychic - TwinFlames,0.3,False,0.00703,62.09,,0.01,1777912222
All Pools,NotBrideOfChrist - AVAX,0.3,False,0.00702,69.39,,0.01,1777912222
All Pools,NotBrideOfChrist - SwiftTaylor,0.3,False,0.00701,52.12,,0.01,1777912222
All Pools,Psychic - TrumpCard,0.3,False,0.00699,61.41,,0.01,1777912222
All Pools,Choice - Psychic,0.3,False,0.00698,61.37,,0.01,1777912222
All Pools,Psychic - YouAndI,0.3,False,0.00694,61.39,,0.01,1777912222
All Pools,DCAR - AVAX,0.3,False,0.00689,1.097,,0.57,1777912222
All Pools,DCAR - USDC,0.3,False,0.00688,55.81,,0.01,1777912222
All Pools,Loyalty - Psychic,0.3,False,0.00686,61.36,,0.01,1777912222
All Pools,STOMB - AVAX,0.3,False,0.00683,7934.14,,,1777912222
All Pools,Psychic - BiTonic,0.3,False,0.00681,61.4,,0.01,1777912222
All Pools,Psychic - TheArcher,0.3,False,0.00681,61.4,,0.01,1777912222
All Pools,MU - MUG,0.3,False,0.00679,2446.95,,,1777912222
All Pools,Psychic - Artemis,0.3,False,0.00678,61.34,,0.01,1777912222
All Pools,USDC - MU,0.3,False,0.00665,0.34463,,1.76,1777912222
All Pools,LYD - REDWOLF,0.3,False,0.00661,4.798,,0.13,1777912222
All Pools,Psychic - Six,0.3,False,0.00657,61.4,,0.01,1777912222
All Pools,GAINS - TECH,0.3,False,0.00654,0.61487,,0.97,1777912222
All Pools,Psychic - Nine,0.3,False,0.00654,61.37,,0.01,1777912222
All Pools,GAINS - DWC,0.3,False,0.00653,0.97519,,0.61,1777912222
All Pools,Psychic - ElmoSunkGematria,0.3,False,0.00652,61.41,,0.01,1777912222
All Pools,Spider - Psychic,0.3,False,0.0065,61.36,,0.01,1777912222
All Pools,Psychic - Zero,0.3,False,0.00648,61.37,,0.01,1777912222
All Pools,NXPC - USDC,0.3,False,0.00643,0.72134,,0.81,1777912222
All Pools,USV - AVAX,0.3,False,0.0064,1.154,,0.51,1777912222
All Pools,WBTC.e - USDC,0.3,False,0.00633,0.21118,,2.73,1777912222
All Pools,gOHM - USDT.e,0.3,False,0.00632,0.59524,,0.97,1777912222
All Pools,Psychic - Lock,0.3,False,0.00631,61.38,,0.01,1777912222
All Pools,MIM - SMRT,0.3,False,0.0063,1.666,,0.35,1777912222
All Pools,ABC - AMI,0.3,False,0.00629,3.976,,0.14,1777912222
All Pools,SNTA - MIM,0.3,False,0.00622,0.99583,,0.57,1777912222
All Pools,Psychic - KekiusMaximus,0.3,False,0.0062,61.4,,0.01,1777912222
All Pools,GAINS - BAWLS,0.3,False,0.00619,0.92279,,0.61,1777912222
All Pools,Psychic - SevenSevenSeven,0.3,False,0.00617,61.4,,0.01,1777912222
All Pools,BAWLS - AVAX,0.3,False,0.00617,16.45,,0.03,1777912222
All Pools,Psychic - BirthingCode,0.3,False,0.0061,61.4,,0.01,1777912222
All Pools,Flection - Psychic,0.3,False,0.00607,61.4,,0.01,1777912222
All Pools,Psychic - LordJesusChrist,0.3,False,0.00602,58.82,,0.01,1777912222
All Pools,Psychic - Diamonds,0.3,False,0.006,61.4,,0.01,1777912222
All Pools,Psychic - Numbers,0.3,False,0.00595,61.39,,0.01,1777912222
All Pools,SYN - REDWOLF,0.3,False,0.00594,2.618,,0.21,1777912222
All Pools,LUNA - USDC,0.3,False,0.00592,0.13339,,4.05,1777912222
All Pools,Psychic - Crypt,0.3,False,0.00591,61.35,,0.01,1777912222
All Pools,USDC - OK,0.3,False,0.0059,1.187,,0.45,1777912222
All Pools,Psychic - Luck,0.3,False,0.00589,61.4,,0.01,1777912222
All Pools,Psychic - Thick,0.3,False,0.00587,61.38,,0.01,1777912222
All Pools,Psychic - Bonfire,0.3,False,0.00587,61.39,,0.01,1777912222
All Pools,Psychic - PennyTrinity,0.3,False,0.00585,61.42,,0.01,1777912222
All Pools,AVAX - Gaza,0.3,False,0.0058,3.195,,0.17,1777912222
All Pools,Psychic - [In]finity,0.3,False,0.00579,61.37,,0.01,1777912222
All Pools,Trinity - Gaza,0.3,False,0.00579,3.75,,0.14,1777912222
All Pools,Psychic - WhoWhoWho,0.3,False,0.00577,61.36,,0.01,1777912222
All Pools,Psychic - Alphabet,0.3,False,0.00568,61.41,,0.01,1777912222
All Pools,SatoshiNakamoto - Psychic,0.3,False,0.00566,61.4,,0.01,1777912222
All Pools,Psychic - Sequence,0.3,False,0.00564,61.41,,0.01,1777912222
All Pools,AVAI - USDC.e,0.3,False,0.00561,33.41,,0.02,1777912222
All Pools,MIM - SDOG,0.3,False,0.00561,316.65,,0.0,1777912222
All Pools,AVAX - WINE,0.3,False,0.0056,0.66694,,0.77,1777912222
All Pools,KIMBO - KOVIN,0.3,False,0.00559,5.27,,0.1,1777912222
All Pools,USDC.e - SMRT,0.3,False,0.00554,2.214,,0.23,1777912222
All Pools,DWC - MU,0.3,False,0.00554,3.476,,0.15,1777912222
All Pools,Psychic - Codes,0.3,False,0.00554,61.41,,0.01,1777912222
All Pools,CATWIF - MU,0.3,False,0.00552,3.618,,0.14,1777912222
All Pools,Psychic - Partment,0.3,False,0.00548,61.38,,0.01,1777912222
All Pools,Psychic - Architect,0.3,False,0.00546,61.4,,0.01,1777912222
All Pools,TEMPO - AVAX,0.3,False,0.00545,1.068,,0.47,1777912222
All Pools,MIM - TEMPO,0.3,False,0.00544,6.676,,0.07,1777912222
All Pools,AVAX - WISE,0.3,False,0.00544,2.813,,0.18,1777912222
All Pools,Psychic - OneOneOne,0.3,False,0.00543,61.39,,0.01,1777912222
All Pools,USDC.e - WISE,0.3,False,0.00543,7.143,,0.07,1777912222
All Pools,GAINS - KONG,0.3,False,0.00542,0.76073,,0.65,1777912222
All Pools,YAK - USDT.e,0.3,False,0.00541,0.55127,,0.9,1777912222
All Pools,Psychic - Gematria,0.3,False,0.00539,61.4,,0.01,1777912222
All Pools,Psychic - Verse,0.3,False,0.00537,61.37,,0.01,1777912222
All Pools,Eye - Psychic,0.3,False,0.00532,61.4,,0.01,1777912222
All Pools,Hollywood - Ouroboros,0.3,False,0.00531,13.04,,0.04,1777912222
All Pools,3ULL - USDC,0.3,False,0.00529,0.65091,,0.74,1777912222
All Pools,Psychic - Line,0.3,False,0.00524,62.17,,0.01,1777912222
All Pools,MEOW - MU,0.3,False,0.00521,1.565,,0.3,1777912222
All Pools,FiveTwelveThirteen - AVAX,0.3,False,0.00521,5.206,,0.09,1777912222
All Pools,ElkeNevusRome - AVAX,0.3,False,0.00521,13.06,,0.04,1777912222
All Pools,COQ - MICRO,0.3,False,0.0052,3.759,,0.13,1777912222
All Pools,ElkeNevusRome - Gravity,0.3,False,0.00519,4.957,,0.1,1777912222
All Pools,FiveTwelveThirteen - Gravity,0.3,False,0.00519,6.882,,0.07,1777912222
All Pools,ETHM - AVAX,0.3,False,0.00518,27.35,,0.02,1777912222
All Pools,AVAX - MICRO,0.3,False,0.00518,23.84,,0.02,1777912222
All Pools,USDC - LODE,0.3,False,0.00513,880.33,,,1777912222
All Pools,Psychic - Ups,0.3,False,0.00509,61.41,,0.01,1777912222
All Pools,WLRS - USDC,0.3,False,0.00501,4.01,,0.11,1777912222
All Pools,WINK - AMI,0.3,False,0.00499,0.10807,,4.21,1777912222
All Pools,GURS - ARENA,0.3,False,0.0049,7.447,,0.06,1777912222
All Pools,TrueLove - AVAX,0.3,False,0.0048,12.91,,0.03,1777912222
All Pools,TrueLove - Gravity,0.3,False,0.00479,4.902,,0.09,1777912222
All Pools,GMX - JOE,0.3,False,0.00472,0.43035,,1.0,1777912222
All Pools,BEAM - MU,0.3,False,0.0047,1.084,,0.4,1777912222
All Pools,AI9000 - USDt,0.3,False,0.00469,0.90049,,0.48,1777912222
All Pools,JOE - REDWOLF,0.3,False,0.00467,3.986,,0.11,1777912222
All Pools,RGOGLZ - AVAX,0.3,False,0.00464,4.113,,0.1,1777912222
All Pools,JPYC - AVAX,0.3,False,0.00461,0.27614,,1.52,1777912222
All Pools,AMI - MU,0.3,False,0.00453,1.718,,0.24,1777912222
All Pools,ETHM - DAI.e,0.3,False,0.00447,0.67453,,0.6,1777912222
All Pools,KR - AVAX,0.3,False,0.00442,1.704,,0.24,1777912222
All Pools,GMX - USDt,0.3,False,0.00441,0.37962,,1.06,1777912222
All Pools,KR - USDC.e,0.3,False,0.0044,11.48,,0.04,1777912222
All Pools,REDWOLF - GEC,0.3,False,0.00431,3.972,,0.1,1777912222
All Pools,TT - DAI.e,0.3,False,0.0043,1.917,,0.2,1777912222
All Pools,MIM - YAK,0.3,False,0.00428,0.4273,,0.91,1777912222
All Pools,GAINS - KOVIN,0.3,False,0.0042,0.64508,,0.59,1777912222
All Pools,Psychic - Number,0.3,False,0.00419,61.41,,0.01,1777912222
All Pools,Psychic - Vampire,0.3,False,0.00418,61.4,,0.01,1777912222
All Pools,AAVE.e - meGNX,0.3,False,0.00417,4.049,,0.09,1777912222
All Pools,Psychic - Aquarius,0.3,False,0.00417,61.37,,0.01,1777912222
All Pools,SYN - USDT.e,0.3,False,0.00399,0.65157,,0.56,1777912222
All Pools,Psychic - TrueStory,0.3,False,0.00397,61.41,,0.01,1777912222
All Pools,AVAX - PAR,0.3,False,0.00396,2.396,,0.15,1777912222
All Pools,MIM - PAR,0.3,False,0.00395,1.922,,0.19,1777912222
All Pools,Lightworker - AVAX,0.3,False,0.00395,2.743,,0.13,1777912222
All Pools,GRAPE - AVAX,0.3,False,0.00394,0.88155,,0.41,1777912222
All Pools,Gravity - Lightworker,0.3,False,0.00394,53.4,,0.01,1777912222
All Pools,Evergreen - AVAX,0.3,False,0.00393,25.35,,0.01,1777912222
All Pools,Evergreen - Gravity,0.3,False,0.00392,4.769,,0.07,1777912222
All Pools,Psychic - Seminole,0.3,False,0.00389,61.36,,0.01,1777912222
All Pools,YEEHAW - ARENA,0.3,False,0.00389,2.361,,0.15,1777912222
All Pools,Psychic - PoPo,0.3,False,0.00386,61.41,,0.01,1777912222
All Pools,Psychic - James,0.3,False,0.00382,61.41,,0.01,1777912222
All Pools,RUGPULL - AVAX,0.3,False,0.00381,2.965,,0.12,1777912222
All Pools,Psychic - FinityFinity,0.3,False,0.0038,61.41,,0.01,1777912222
All Pools,gOHM - USDC.e,0.3,False,0.00379,0.3037,,1.14,1777912222
All Pools,EHCNALAVA - AVAX,0.3,False,0.00379,1511.23,,,1777912222
All Pools,COQ - ZUM,0.3,False,0.00379,1.122,,0.31,1777912222
All Pools,KIMBO - EHCNALAVA,0.3,False,0.00379,2.831,,0.12,1777912222
All Pools,SaintGermain - BLACK,0.3,False,0.00376,2.464,,0.14,1777912222
All Pools,SYN - WETH.e,0.3,False,0.00373,0.68042,,0.5,1777912222
All Pools,Psychic - QuetzalCoatl,0.3,False,0.00373,61.41,,0.01,1777912222
All Pools,Trinity - IfYouKnowYouKnow,0.3,False,0.00371,4.97,,0.07,1777912222
All Pools,KIMBO - COQ,0.3,False,0.00371,1.688,,0.2,1777912222
All Pools,WETH.e - meGNX,0.3,False,0.00367,6.681,,0.05,1777912222
All Pools,YETI - WINE,0.3,False,0.00362,1.45,,0.23,1777912222
All Pools,YETI - AVAX,0.3,False,0.00361,945.73,,,1777912222
All Pools,GATOR - AMI,0.3,False,0.00358,4.525,,0.07,1777912222
All Pools,SMRTr - USDT.e,0.3,False,0.00358,1.314,,0.25,1777912222
All Pools,Psychic - Checkmate,0.3,False,0.00351,61.54,,0.01,1777912222
All Pools,GG - AVAX,0.3,False,0.00347,0.16026,,1.98,1777912222
All Pools,Psychic - Equal,0.3,False,0.00347,61.4,,0.01,1777912222
All Pools,Psychic - Abracadabra,0.3,False,0.00345,61.38,,0.01,1777912222
All Pools,WETH.e - HOWDY,0.3,False,0.00344,1.057,,0.3,1777912222
All Pools,MIM - DUNEV3,0.3,False,0.00343,66822.0,,,1777912222
All Pools,Psychic - PlotTwist,0.3,False,0.00341,62.77,,0.0,1777912222
All Pools,Psychic - WhoWho,0.3,False,0.00334,61.4,,0.0,1777912222
All Pools,MIM - ICE,0.3,False,0.0033,0.99922,,0.3,1777912222
All Pools,STG - JOE,0.3,False,0.00326,0.17183,,1.73,1777912222
All Pools,EGG - AVAX,0.3,False,0.00326,1.704,,0.17,1777912222
All Pools,Psychic - KatzJoel,0.3,False,0.00325,61.38,,0.0,1777912222
All Pools,EGG - USDT.e,0.3,False,0.00324,1.987,,0.15,1777912222
All Pools,USDt - USDC.e,0.3,False,0.00323,14.24,,0.02,1777912222
All Pools,ELXR - USDC.e,0.3,False,0.00321,1097.2,,,1777912222
All Pools,Psychic - Hexagon,0.3,False,0.00318,61.4,,0.0,1777912222
All Pools,COQWIF - AVAX,0.3,False,0.00313,6497.27,,,1777912222
All Pools,WBTC.e - MU,0.3,False,0.00312,0.73149,,0.39,1777912222
All Pools,AI9000 - MU,0.3,False,0.00312,1.28,,0.22,1777912222
All Pools,CRAFT - USDC.e,0.3,False,0.00309,0.86896,,0.32,1777912222
All Pools,JOE - aDXN,0.3,False,0.00301,0.83863,,0.33,1777912222
All Pools,CATWIF - REDWOLF,0.3,False,0.00299,0.97498,,0.28,1777912222
All Pools,EagleToken - AVAX,0.3,False,0.00293,2.123,,0.13,1777912222
All Pools,EagleToken - USDC.e,0.3,False,0.00292,2.22,,0.12,1777912222
All Pools,AVXT - AVAX,0.3,False,0.00291,52.81,,0.01,1777912222
All Pools,ValentinMidwifes - AVAX,0.3,False,0.00282,2.385,,0.11,1777912222
All Pools,GURS - HOWDY,0.3,False,0.00278,1.872,,0.14,1777912222
All Pools,USDC - TT,0.3,False,0.00276,2.002,,0.13,1777912222
All Pools,UST - WINE,0.3,False,0.00274,0.89278,,0.28,1777912222
All Pools,MU - KET,0.3,False,0.00269,1.33,,0.18,1777912222
All Pools,AVAX - SAGE,0.3,False,0.00265,0.89285,,0.27,1777912222
All Pools,USDC.e - SAGE,0.3,False,0.00264,2.183,,0.11,1777912222
All Pools,TEDDY - USDC,0.3,False,0.00263,0.42789,,0.56,1777912222
All Pools,PNG - USDT.e,0.3,False,0.00259,0.89592,,0.26,1777912222
All Pools,BLUB - AVAX,0.0,False,0.00257,47.91,0.0,0.0,1777912222
All Pools,DREGG - USDC.e,0.3,False,0.00253,3.086,,0.07,1777912222
All Pools,AVAX - CAKE,0.3,False,0.00249,0.72285,,0.31,1777912222
All Pools,USDT.e - CAKE,0.3,False,0.00248,48.57,,0.0,1777912222
All Pools,KIMBO - UNIQOC,0.3,False,0.00246,0.72723,,0.31,1777912222
All Pools,ARENA - JUICY,0.3,False,0.00245,0.03396,,6.59,1777912222
All Pools,XPOW - USDC,0.3,False,0.00244,0.03787,,5.89,1777912222
All Pools,UNIQOC - MAJIN,0.3,False,0.00243,0.25522,,0.87,1777912222
All Pools,BTC.b - MUG,0.3,False,0.00241,0.90143,,0.24,1777912222
All Pools,AVAX - WARP,0.3,False,0.0024,1.481,,0.15,1777912222
All Pools,EUROS - AVAX,0.3,False,0.00236,1.192,,0.18,1777912222
All Pools,MAXI - AVAX,0.3,False,0.00227,0.78761,,0.26,1777912222
All Pools,LINK.e - MUG,0.3,False,0.00222,0.2523,,0.8,1777912222
All Pools,- AMI,0.3,False,0.00219,13.19,,0.02,1777912222
All Pools,YEEHAW - HIGHER,0.3,False,0.00219,0.45048,,0.44,1777912222
All Pools,COQ - COFI,0.3,False,0.00217,1.86,,0.11,1777912222
All Pools,AVAX - COFI,0.3,False,0.00217,615.77,,,1777912222
All Pools,KIMBO - AMI,0.3,False,0.00213,4.293,,0.05,1777912222
All Pools,sAVAX - USDC,0.3,False,0.00205,0.53449,,0.35,1777912222
All Pools,TT - USDT.e,0.3,False,0.00202,2.001,,0.09,1777912222
All Pools,USDt - TT,0.3,False,0.00201,2.008,,0.09,1777912222
All Pools,aAvaWAVAX - AVAX,0.3,False,0.00195,0.25994,,0.69,1777912222
All Pools,USDC.e - CHAM,0.3,False,0.00195,0.83294,,0.21,1777912222
All Pools,XPOW - USDt,0.3,False,0.00195,0.03412,,5.21,1777912222
All Pools,BEE - AVAX,0.3,False,0.00192,0.80773,,0.22,1777912222
All Pools,BEE - USDT.e,0.3,False,0.00192,32.36,,0.01,1777912222
All Pools,Gravity - NaughtiusMaximus,0.3,False,0.0019,5.068,,0.03,1777912222
All Pools,CRAFT - AVAX,0.3,False,0.00189,409.42,,,1777912222
All Pools,TECH - REDWOLF,0.3,False,0.00183,0.85791,,0.2,1777912222
All Pools,GGP - JUICY,0.3,False,0.0018,0.03446,,4.77,1777912222
All Pools,toi - AVAX,0.3,False,0.00178,0.94185,,0.17,1777912222
All Pools,MIM - toi,0.3,False,0.00178,3.442,,0.05,1777912222
All Pools,AVAX - DREX,0.3,False,0.00177,0.59965,,0.27,1777912222
All Pools,MIM - WINE,0.3,False,0.00177,3085.59,,,1777912222
All Pools,MIM - DREX,0.3,False,0.00176,37.59,,0.0,1777912222
All Pools,GAINS - Always,0.3,False,0.00174,0.10531,,1.51,1777912222
All Pools,JOE - CRA,0.3,False,0.00173,11.01,,0.01,1777912222
All Pools,WETH.e - LINK.e,0.3,False,0.00172,0.15061,,1.04,1777912222
All Pools,MM - USDC.e,0.3,False,0.00168,0.60271,,0.25,1777912222
All Pools,JOE - USDR,0.3,False,0.00167,0.73347,,0.21,1777912222
All Pools,LIFE - AVAX,0.3,False,0.00162,1.345,,0.11,1777912222
All Pools,MIM - LIFE,0.3,False,0.00162,0.94335,,0.16,1777912222
All Pools,AMI - EROL,0.3,False,0.0016,0.67809,,0.22,1777912222
All Pools,BTC.b - IMPACT,0.3,False,0.00158,0.63211,,0.23,1777912222
All Pools,AVAX - sSB,0.3,False,0.00156,0.50538,,0.28,1777912222
All Pools,AVAX - MTB,0.3,False,0.00156,0.96222,,0.15,1777912222
All Pools,REDEEMER - AMI,0.3,False,0.00156,0.0146,,9.72,1777912222
All Pools,USDC.e - sSB,0.3,False,0.00155,838.63,,,1777912222
All Pools,MIM - MTB,0.3,False,0.00155,2.215,,0.06,1777912222
All Pools,AVAX - RUG,0.3,False,0.00155,0.53235,,0.27,1777912222
All Pools,Always - KONG,0.3,False,0.00151,0.04326,,3.19,1777912222
All Pools,AVAX - ICE,0.3,False,0.00151,151.25,,,1777912222
All Pools,USDC.e - WARP,0.3,False,0.00149,0.86499,,0.16,1777912222
All Pools,MUMO - AVAX,0.3,False,0.00148,0.18043,,0.75,1777912222
All Pools,DB - AVAX,0.3,False,0.0014,2.213,,0.06,1777912222
All Pools,MIM - DB,0.3,False,0.0014,0.67084,,0.19,1777912222
All Pools,AVAX - PSI,0.3,False,0.00139,189.94,,,1777912222
All Pools,WETH.e - ETHM,0.3,False,0.00138,0.50344,,0.25,1777912222
All Pools,ETHM - USDC.e,0.3,False,0.00138,0.47863,,0.26,1777912222
All Pools,USDt - APOW,0.3,False,0.00137,0.15553,,0.8,1777912222
All Pools,STICK - AMI,0.3,False,0.00136,0.3115,,0.4,1777912222
All Pools,CANS - AMI,0.3,False,0.00135,0.22823,,0.54,1777912222
All Pools,SLUSH - AVAX,0.3,False,0.00134,0.70296,,0.17,1777912222
All Pools,SLUSH - USDT.e,0.3,False,0.00133,1.324,,0.09,1777912222
All Pools,MEAT - MU,0.3,False,0.00131,0.50147,,0.24,1777912222
All Pools,HUSKY - SNOWY,0.3,False,0.00131,0.43647,,0.27,1777912222
All Pools,QI - SNOWY,0.3,False,0.0013,0.80728,,0.15,1777912222
All Pools,LYD - AVAX,0.3,False,0.00129,0.82155,,0.14,1777912222
All Pools,KANA - AVAX,0.3,False,0.00127,1138.46,,,1777912222
All Pools,Naughty - HIGHER,0.3,False,0.00127,0.44513,,0.26,1777912222
All Pools,KANA - USDC,0.3,False,0.00127,0.51195,,0.23,1777912222
All Pools,Trinity - IngersollLockwood,0.3,False,0.00127,1.112,,0.1,1777912222
All Pools,ALPHAZERO - USDT.e,0.3,False,0.00127,2.162,,0.05,1777912222
All Pools,Naughty - AVAX,0.3,False,0.00126,238.71,,,1777912222
All Pools,MAJIN - AMI,0.3,False,0.00124,0.15591,,0.73,1777912222
All Pools,CRA - USDC.e,0.3,False,0.00123,0.56246,,0.2,1777912222
All Pools,ABOB - AVAX,0.3,False,0.00122,832.01,,,1777912222
All Pools,aAvaWAVAX - meGNX,0.3,False,0.0012,4.029,,0.03,1777912222
All Pools,COQ - HOWDY,0.3,False,0.00119,0.56447,,0.19,1777912222
All Pools,HUSKY - aXEN,0.3,False,0.00118,0.07295,,1.48,1777912222
All Pools,NOCHILL - ABOB,0.3,False,0.00117,0.02144,,4.99,1777912222
All Pools,tst1 - AVAX,0.3,False,0.00117,0.58066,,0.18,1777912222
All Pools,tst1 - USDT.e,0.3,False,0.00117,2.698,,0.04,1777912222
All Pools,weETH - AVAX,0.3,False,0.00117,0.38835,,0.27,1777912222
All Pools,HOOP - ROCO,0.3,False,0.00116,0.14593,,0.72,1777912222
All Pools,SUB - AVAX,0.3,False,0.00113,0.50913,,0.2,1777912222
All Pools,SUB - USDC,0.3,False,0.00113,69.79,,0.0,1777912222
All Pools,Psychic - Self,0.3,False,0.00113,63.42,,0.0,1777912222
All Pools,GRAPE - WINE,0.3,False,0.00111,7.615,,0.01,1777912222
All Pools,POPS - AVAX,0.3,False,0.00111,0.11837,,0.85,1777912222
All Pools,AUX - AVAX,0.3,False,0.00109,0.39425,,0.25,1777912222
All Pools,TIME - SPELL,0.3,False,0.00109,0.83248,,0.12,1777912222
All Pools,AUX - USDC,0.3,False,0.00109,688.53,,,1777912222
All Pools,AVAX - SYMBIOT,0.3,False,0.00107,0.32396,,0.3,1777912222
All Pools,NUG - AVAX,0.3,False,0.00105,0.38319,,0.25,1777912222
All Pools,SLOT - AVAX,0.3,False,0.00105,3950.2,,,1777912222
All Pools,NUG - USDC,0.3,False,0.00105,2.375,,0.04,1777912222
All Pools,SLOT - USDC.e,0.3,False,0.00105,0.48529,,0.2,1777912222
All Pools,DAI.e - SYMBIOT,0.3,False,0.00102,1.415,,0.07,1777912222
All Pools,xJOE - AVAX,0.3,False,0.00102,2.798,,0.03,1777912222
All Pools,xJOE - wsOHM,0.3,False,0.00101,0.54204,,0.17,1777912222
All Pools,WET - AVAX,0.3,False,0.001,16.94,,0.01,1777912222
All Pools,WET - USDT.e,0.3,False,,0.4425,,0.21,1777912222
All Pools,PB - AVAX,0.3,False,,0.49106,,0.19,1777912222
All Pools,PB - MIM,0.3,False,,39.82,,0.0,1777912222
All Pools,AVAX - FTEST,0.3,False,,0.39954,,0.23,1777912222
All Pools,USDT.e - FTEST,0.3,False,,1.315,,0.07,1777912222
All Pools,BRO - OSAK,0.3,False,,0.09111,,0.99,1777912222
All Pools,WETH - AVAX,0.3,False,,1.354,,0.07,1777912222
All Pools,SYMBIOT - AVAX,0.3,False,,1.448,,0.06,1777912222
All Pools,AVAX - AKITA,0.3,False,,2526.47,,,1777912222
All Pools,MIM - AKITA,0.3,False,,0.2549,,0.35,1777912222
All Pools,WETH.e - SPELL,0.3,False,,0.2935,,0.29,1777912222
All Pools,SYMBIOT - DAI.e,0.3,False,,0.45903,,0.18,1777912222
All Pools,OH - USDC.e,0.3,False,,0.38895,,0.21,1777912222
All Pools,3ULL - USDT.e,0.3,False,,0.65046,,0.13,1777912222
All Pools,USDT.e - WARP,0.3,False,,0.90359,,0.09,1777912222
All Pools,UNI.e - AVAX,0.3,False,,0.03345,,2.44,1777912222
All Pools,ROCO - USDT.e,0.3,False,,0.08417,,0.97,1777912222
All Pools,ARABBIT - AVAX,0.3,False,,0.56748,,0.14,1777912222
All Pools,MIM - ARABBIT,0.3,False,,1.295,,0.06,1777912222
All Pools,SolarDAO - AVAX,0.3,False,,0.39922,,0.2,1777912222
All Pools,LAMA - AVAX,0.3,False,,11787.0,,,1777912222
All Pools,SolarDAO - USDT.e,0.3,False,,2.069,,0.04,1777912222
All Pools,SMOKA - AVAX,0.3,False,,0.54857,,0.14,1777912222
All Pools,MIM - SMOKA,0.3,False,,1.139,,0.07,1777912222
All Pools,USDC - DAI.e,0.3,False,,2.019,,0.04,1777912222
All Pools,LAMA - JUICY,0.3,False,,0.01599,,4.83,1777912222
All Pools,AVAX - PLEB,0.3,False,,0.27165,,0.28,1777912222
All Pools,MIM - PLEB,0.3,False,,54.0,,0.0,1777912222
All Pools,COQ - BMC,0.3,False,,0.09509,,0.79,1777912222
All Pools,YUSD - USDC,0.3,False,,23.03,,0.0,1777912222
All Pools,MUMO - MU,0.3,False,,0.61512,,0.12,1777912222
All Pools,AVAX - NUTS,0.3,False,,229.75,,,1777912222
All Pools,USDC - NUTS,0.3,False,,0.23179,,0.31,1777912222
All Pools,GAINS - MEOW,0.3,False,,0.21252,,0.34,1777912222
All Pools,JEWEL - AVAX,0.3,False,,0.22264,,0.31,1777912222
All Pools,MIM - WBTC.e,0.3,False,,0.05675,,1.21,1777912222
All Pools,USDC.e - WET,0.3,False,,0.44455,,0.15,1777912222
All Pools,MU - GEC,0.3,False,,0.09002,,0.74,1777912222
All Pools,LUNA - UST,0.3,False,,0.07983,,0.83,1777912222
All Pools,USDC.e - XAVA,0.3,False,,0.36293,,0.18,1777912222
All Pools,AVAX - HOST,0.3,False,,0.14417,,0.46,1777912222
All Pools,DONK - AVAX,0.3,False,,30.76,,0.0,1777912222
All Pools,AVAX - RBEES,0.3,False,,0.69686,,0.09,1777912222
All Pools,USDC.e - RBEES,0.3,False,,0.49608,,0.13,1777912222
All Pools,DONK - NOCHILL,0.3,False,,0.01434,,4.42,1777912222
All Pools,DAI.e - HOST,0.3,False,,16.1,,0.0,1777912222
All Pools,CLAVIS - AVAX,0.3,False,,0.13381,,0.46,1777912222
All Pools,MIM - CLAVIS,0.3,False,,120.24,,,1777912222
All Pools,DMD - AVAX,0.3,False,,26.43,,0.0,1777912222
All Pools,FAR - AVAX,0.3,False,,0.45634,,0.13,1777912222
All Pools,FAR - USDC.e,0.3,False,,0.15001,,0.39,1777912222
All Pools,RENT - JOE,0.3,False,,3.608,,0.02,1777912222
All Pools,gOHM - WETH.e,0.3,False,,0.04856,,1.21,1777912222
All Pools,RENT - USDT.e,0.3,False,,0.18678,,0.31,1777912222
All Pools,MIM - ICY,0.3,False,,17.19,,0.0,1777912222
All Pools,DMD - DAI.e,0.3,False,,0.12985,,0.45,1777912222
All Pools,LFG - AVAX,0.3,False,,5078.67,,,1777912222
All Pools,ENGLISH - AVAX,0.3,False,,0.23625,,0.24,1777912222
All Pools,STICK - MU,0.3,False,,0.14478,,0.39,1777912222
All Pools,LINK.e - SPELL,0.3,False,,0.17497,,0.33,1777912222
All Pools,AVAX - BANKSY V2,0.3,False,,0.33501,,0.16,1777912222
All Pools,USDT.e - BANKSY V2,0.3,False,,0.91983,,0.06,1777912222
All Pools,SNOW - AVAX,0.3,False,,0.19602,,0.27,1777912222
All Pools,WETH.e - MUMO,0.3,False,,0.22911,,0.23,1777912222
All Pools,MIM - SNOW,0.3,False,,0.64572,,0.08,1777912222
All Pools,LEXIP - AVAX,0.3,False,,0.4263,,0.12,1777912222
All Pools,MUMO - USDC.e,0.3,False,,0.13199,,0.39,1777912222
All Pools,MIM - LEXIP,0.3,False,,0.23825,,0.22,1777912222
All Pools,SN - AVAX,0.3,False,,0.12367,,0.4,1777912222
All Pools,MIM - SN,0.3,False,,100.69,,,1777912222
All Pools,WETH - MU,0.3,False,,0.09462,,0.52,1777912222
All Pools,AVAX - BANKSY,0.3,False,,0.22928,,0.21,1777912222
All Pools,BANKSY - AVAX,0.3,False,,0.19185,,0.26,1777912222
All Pools,USDC.e - BANKSY,0.3,False,,0.69167,,0.07,1777912222
All Pools,QI - USDC,0.3,False,,0.08914,,0.54,1777912222
All Pools,ONION - CORN,0.3,False,,34.28,,,1777912222
All Pools,AUSD - USDC,0.01,False,15191413.0,4687548.0,1519.22,11.83,1777915824
All Pools,AUSD - USDt,0.01,False,14928324.0,3418748.0,1492.92,15.94,1777915824
All Pools,AVAX - USDC,0.05,False,8606816.0,3936658.0,4603.53,42.68,1777915824
All Pools,USDC.e - O3,0.3,False,656170.0,343742448.0,1640.43,0.17,1777915824
All Pools,BTC.b - USDC,0.05,False,499034.0,815045.0,263.08,11.78,1777915824
All Pools,USDt - USDC,0.005,False,358170.0,694502.0,25.32,1.33,1777915824
All Pools,AVAX - USDC,0.2,False,149635.0,208507.0,303.93,53.2,1777915824
All Pools,sAVAX - AVAX,0.01,False,74002.0,189273.0,7.556,1.46,1777915824
All Pools,GUN - AVAX,0.25,False,55511.0,129180.0,142.86,40.37,1777915824
All Pools,XAUt0 - USDt,0.04,False,50549.0,37868.0,23.58,22.73,1777915824
All Pools,AVAX - BTC.b,0.05,False,48122.0,588425.0,25.79,1.6,1777915824
All Pools,GUN - AVAX,0.1,False,47821.0,40321.0,50.99,46.16,1777915824
All Pools,ARENA - AVAX,0.01,False,38939.0,178865.0,3.89,0.79,1777915824
All Pools,DAI.e - USDC,0.02,False,36994.0,31049.0,9.424,11.08,1777915824
All Pools,USDT.e - USDC,0.02,False,34937.0,48844.0,7.061,5.28,1777915824
All Pools,AVAX - USDt,0.2,False,32546.0,131852.0,65.89,18.24,1777915824
All Pools,NXPC - AVAX,0.3,False,30420.0,241783.0,76.05,11.48,1777915824
All Pools,USDC - XAVA,0.3,False,28158.0,615768.0,70.39,4.17,1777915824
All Pools,USDT.e - USDt,0.02,False,25120.0,44244.0,5.053,4.17,1777915824
All Pools,AVAX - USDT.e,0.3,False,24220.0,556017.0,60.55,3.97,1777915824
All Pools,MIM - AVAX,0.3,False,20979.0,565867.0,52.45,3.38,1777915824
All Pools,AVAX - USDC,0.3,False,20879.0,408393.0,52.2,4.67,1777915824
All Pools,USDC.e - AVAX,0.3,False,17246.0,432673.0,43.11,3.64,1777915824
All Pools,WBTC - BTC.b,0.03,False,15539.0,84395.0,4.783,2.07,1777915824
All Pools,FOLKS - AVAX,0.25,False,15190.0,34373.0,38.79,41.19,1777915824
All Pools,USDt - USDC,0.01,False,14445.0,181612.0,1.157,0.23,1777915824
All Pools,COQ - AVAX,0.3,False,12920.0,619940.0,32.3,1.9,1777915824
All Pools,WBTC.e - BTC.b,0.03,False,11232.0,336188.0,3.472,0.38,1777915824
All Pools,JOE - AVAX,0.3,False,10806.0,528403.0,27.01,1.87,1777915824
All Pools,JOE - USDC.e,0.3,False,10469.0,339931.0,26.17,2.81,1777915824
All Pools,QI - AVAX,0.3,False,9427.11,246857.0,23.57,3.48,1777915824
All Pools,NOCHILL - AVAX,0.3,False,7116.81,84249.0,17.79,7.71,1777915824
All Pools,USDT.e - USDC,0.02,False,6638.26,888.31,0.71898,29.54,1777915824
All Pools,EURC - USDC,0.03,False,5351.19,13070.0,1.64,4.58,1777915824
All Pools,ORNG - AVAX,0.3,False,4758.33,27951.0,11.9,15.53,1777915824
All Pools,SolvBTC - BTC.b,0.04,False,4217.07,252828.0,2.084,0.3,1777915824
All Pools,DAI.e - USDC,0.02,False,4113.25,2548.72,1.099,15.74,1777915824
All Pools,JPYC - USDC,0.04,False,3369.58,4467.74,1.701,13.9,1777915824
All Pools,FLD - AVAX,0.3,False,3242.0,52338.0,8.105,5.65,1777915824
All Pools,HEFE - AVAX,0.3,False,2935.54,23124.0,7.339,11.58,1777915824
All Pools,WETH.e - AVAX,0.3,False,2621.96,503029.0,6.555,0.48,1777915824
All Pools,AUSD - AVAX,0.1,False,2577.95,39951.0,2.684,2.45,1777915824
All Pools,WBTC.e - AVAX,0.3,False,2488.05,174865.0,6.22,1.3,1777915824
All Pools,AVAX - avUSD,0.25,False,2424.9,2358.74,6.101,94.4,1777915824
All Pools,USDt - AVAX,0.3,False,2409.1,45340.0,6.023,4.85,1777915824
All Pools,JOE - USDT.e,0.3,False,2351.88,68131.0,5.88,3.15,1777915824
All Pools,LINK.e - AVAX,0.3,False,2281.43,49521.0,5.704,4.2,1777915824
All Pools,BTC.b - AVAX,0.3,False,2144.44,144013.0,5.361,1.36,1777915824
All Pools,BEAM - USDC,0.3,False,2126.89,72687.0,5.317,2.67,1777915824
All Pools,ALOT - AVAX,0.3,False,2110.27,229007.0,5.276,0.84,1777915824
All Pools,BEAM - AVAX,0.25,False,2080.22,20358.0,5.235,9.39,1777915824
All Pools,gOHM - AVAX,0.3,False,1952.33,138637.0,4.881,1.29,1777915824
All Pools,AAVE.e - AVAX,0.3,False,1952.11,303645.0,4.88,0.59,1777915824
All Pools,XAVA - AVAX,0.8,False,1861.8,229382.0,14.97,2.38,1777915824
All Pools,XAVA - AVAX,0.25,False,1655.62,3212.97,4.315,49.02,1777915824
All Pools,BEAM - AVAX,0.3,False,1606.32,94999.0,4.016,1.54,1777915824
All Pools,JOE - USDC,0.3,False,1577.08,40475.0,3.943,3.56,1777915824
All Pools,AVAX - DAI.e,0.3,False,1532.08,34420.0,3.83,4.06,1777915824
All Pools,HUNDRED - USDC,0.3,False,1507.25,519474.0,3.768,0.26,1777915824
All Pools,ZRO - AVAX,0.25,False,1469.5,2286.86,11.6,185.1,1777915824
All Pools,USDt - USDC,0.02,False,1305.69,2233.08,0.28923,4.73,1777915824
All Pools,YAK - AVAX,0.3,False,1125.85,110495.0,2.815,0.93,1777915824
All Pools,SIERRA - USDC,0.1,False,1101.58,40215.0,1.102,1.0,1777915824
All Pools,AVAX - JUICE,0.3,False,1046.72,16005.0,2.617,5.97,1777915824
All Pools,WETH.e - USDC,0.15,False,1032.63,10056.0,1.579,5.73,1777915824
All Pools,LCPEDU - USDt,0.8,False,1002.83,9626335.0,16.08,0.06,1777915824
All Pools,SOL - AVAX,0.3,False,835.41,438337.0,2.089,0.17,1777915824
All Pools,w3ULL - AVAX,0.3,False,783.55,65813.0,1.959,1.09,1777915824
All Pools,SHRAP - AVAX,0.8,False,708.76,12896.0,6.429,18.2,1777915824
All Pools,AVAX - ALVA,0.3,False,649.29,1283.78,1.623,46.15,1777915824
All Pools,AVAX - XAVA,0.3,False,594.38,16158.0,1.486,3.36,1777915824
All Pools,XSEED - AVAX,0.3,False,556.11,13031.0,1.39,3.89,1777915824
All Pools,GMX - AVAX,0.3,False,530.4,5055.04,1.326,9.57,1777915824
All Pools,JOE - AVAX,0.25,False,501.2,10847.0,1.263,4.25,1777915824
All Pools,AARB - AVAX,0.3,False,439.33,0.18295,1.098,219127.59,1777915824
All Pools,ARC - AVAX,0.3,False,439.02,0.18288,1.098,219049.05,1777915824
All Pools,AVAX - UST,0.3,False,384.32,9207.45,0.9608,3.81,1777915824
All Pools,KLO - AVAX,0.3,False,332.28,14831.0,0.83069,2.04,1777915824
All Pools,WETH.e - USDC.e,0.3,False,327.8,12458.0,0.81949,2.4,1777915824
All Pools,UST - AVAX,0.3,False,323.52,7943.22,0.80879,3.72,1777915824
All Pools,MUON - AVAX,0.3,False,313.36,47352.0,0.78341,0.6,1777915824
All Pools,sAVAX - AVAX,0.3,False,290.97,243980.0,0.72743,0.11,1777915824
All Pools,PTOP800 - USDC,0.1,False,263.0,661.0,0.26557,14.66,1777915824
All Pools,WBTC.e - BTC.b,0.03,False,257.39,699.53,0.10793,5.63,1777915824
All Pools,YUSD - USDC,0.02,False,240.61,122000.0,0.04812,0.01,1777915824
All Pools,HERESY - AVAX,0.3,False,236.99,22152.0,0.59247,0.98,1777915824
All Pools,PTOP800 - AVAX,0.1,False,224.21,608.89,0.22558,13.52,1777915824
All Pools,STG - USDC,0.3,False,215.19,1478.05,0.53797,13.28,1777915824
All Pools,USDC.e - USDC,0.3,False,194.6,484149.0,0.48649,0.04,1777915824
All Pools,PTOP1100 - USDC,0.1,False,192.77,670.18,0.19394,10.56,1777915824
All Pools,XETA - USDC,0.3,False,192.43,6409.94,0.48107,2.74,1777915824
All Pools,PTOP1100 - AVAX,0.1,False,191.86,365.69,0.19479,19.44,1777915824
All Pools,AVAX - JUICY,0.3,False,172.09,3059.83,0.43023,5.13,1777915824
All Pools,SWORLD - AVAX,0.3,False,142.47,7225.89,0.35618,1.8,1777915824
All Pools,PTOP1300 - AVAX,0.1,False,141.87,580.02,0.14242,8.96,1777915824
All Pools,PTOP1300 - USDC,0.1,False,141.52,348.53,0.14261,14.94,1777915824
All Pools,OSAK - AVAX,0.3,False,130.81,5985.48,0.32704,1.99,1777915824
All Pools,PTOP1200 - AVAX,0.1,False,122.51,689.47,0.12269,6.5,1777915824
All Pools,PTOP1200 - USDC,0.1,False,121.89,198.96,0.12459,22.86,1777915824
All Pools,XPOW - AVAX,0.3,False,117.22,380.53,0.29306,28.11,1777915824
All Pools,MIM - USDt,0.03,False,115.76,9.692,0.03893,146.63,1777915824
All Pools,LUNA - USDC.e,0.3,False,112.24,903.11,0.28059,11.34,1777915824
All Pools,APIX - USDt,0.3,False,106.64,6929.15,0.26661,1.4,1777915824
All Pools,APIX - ID,0.3,False,101.84,25094.0,0.2546,0.37,1777915824
All Pools,STG - AVAX,0.3,False,100.53,1479.15,0.25132,6.2,1777915824
All Pools,KIMBO - AVAX,0.3,False,96.77,64834.0,0.24193,0.14,1777915824
All Pools,gOHM - FRAX,0.3,False,92.91,3533.86,0.23227,2.4,1777915824
All Pools,BOOTY - AVAX,0.3,False,84.59,2207.43,0.21147,3.5,1777915824
All Pools,QI - AVAX,0.25,False,83.42,15326.0,0.20887,0.5,1777915824
All Pools,JOE - AVAX,0.15,False,81.56,70064.0,0.12552,0.07,1777915824
All Pools,PRIME - AVAX,0.4,False,74.09,108593.0,0.90649,0.3,1777915824
All Pools,TECH - AVAX,0.3,False,69.5,14156.0,0.17376,0.45,1777915824
All Pools,MAJIN - AVAX,0.3,False,65.34,4270.79,0.16336,1.4,1777915824
All Pools,AVAX - APOW,0.3,False,63.41,25833.0,0.15852,0.22,1777915824
All Pools,CAPY - ARENA,0.3,False,58.98,31822.0,0.14746,0.17,1777915824
All Pools,CAI - AVAX,0.3,False,56.94,1815.5,0.14235,2.86,1777915824
All Pools,XPOW - APOW,0.3,False,56.77,945.36,0.14192,5.48,1777915824
All Pools,AVAX - GEC,0.3,False,50.77,36062.0,0.12693,0.13,1777915824
All Pools,PNG - AVAX,0.3,False,50.48,1075.76,0.1262,4.28,1777915824
All Pools,FITFI - USDT.e,0.3,False,50.42,371.65,0.12604,12.38,1777915824
All Pools,GGP - AVAX,0.3,False,48.63,92814.0,0.12157,0.05,1777915824
All Pools,APIX - USDC,0.3,False,47.29,3458.62,0.11822,1.25,1777915824
All Pools,SOL - AVAX,0.1,False,46.92,1094.04,0.04695,1.57,1777915824
All Pools,SB - AVAX,0.3,False,46.1,7010.85,0.11524,0.6,1777915824
All Pools,AVAX - RISE,0.3,False,45.82,60044.0,0.11455,0.07,1777915824
All Pools,PTOP800 - BTC.b,0.1,False,44.28,1011.94,0.05027,1.81,1777915824
All Pools,FTR - AVAX,0.3,False,37.34,1295.92,0.09334,2.63,1777915824
All Pools,MIM - SB,0.3,False,35.74,5766.14,0.08936,0.57,1777915824
All Pools,AVAX - HON,0.3,False,35.5,91373.0,0.08876,0.04,1777915824
All Pools,MIM - WETH.e,0.3,False,35.42,1477.0,0.08856,2.19,1777915824
All Pools,AVAX - FRAX,0.3,False,34.55,1025.09,0.08636,3.08,1777915824
All Pools,ggAVAX - AVAX,0.04,False,33.63,373.66,0.00357,0.35,1777915824
All Pools,GUN - BLSEYE🎯,0.3,False,33.14,961.1,0.08285,3.15,1777915824
All Pools,BLSEYE🎯 - AVAX,0.3,False,31.79,6037.92,0.07948,0.48,1777915824
All Pools,APIX - ARENA,0.3,False,31.57,2356.99,0.07892,1.22,1777915824
All Pools,USDC.e - USDC,0.02,False,30.21,17000.0,0.00343,0.01,1777915824
All Pools,SECOND - AVAX,0.3,False,28.63,1790.92,0.07156,1.46,1777915824
All Pools,SECOND - USDC,0.3,False,28.62,7259.41,0.07155,0.36,1777915824
All Pools,CAT - AVAX,0.3,False,27.75,1975.58,0.06938,1.28,1777915824
All Pools,RGOGLZ - USDC,0.3,False,26.27,1598.31,0.06568,1.5,1777915824
All Pools,CATCH - AVAX,0.3,False,24.42,307.7,0.06105,7.24,1777915824
All Pools,ROCO - AVAX,0.3,False,23.13,1289.19,0.05782,1.64,1777915824
All Pools,DCAU - AVAX,0.3,False,22.23,1283.01,0.05556,1.58,1777915824
All Pools,Balln - AVAX,0.3,False,21.9,4258.7,0.05474,0.47,1777915824
All Pools,GUN - AVAX,0.3,False,21.75,452.94,0.05439,4.38,1777915824
All Pools,USDt - ncash,0.3,False,21.25,1142.72,0.05312,1.7,1777915824
All Pools,Psychic - AVAX,0.3,False,20.97,1188.35,0.05243,1.61,1777915824
All Pools,DCAU - USDT.e,0.3,False,20.79,5359.97,0.05198,0.35,1777915824
All Pools,GENI - USDC,0.3,False,19.84,1489.98,0.04959,1.21,1777915824
All Pools,BOI - AVAX,0.3,False,19.67,77.15,0.04918,23.27,1777915824
All Pools,HOWDY - USDC,0.3,False,19.22,8054.33,0.04806,0.22,1777915824
All Pools,USDC.e - DAI.e,0.3,False,19.07,22835.0,0.04767,0.08,1777915824
All Pools,HATCHY - AVAX,0.3,False,18.85,9870.77,0.04712,0.17,1777915824
All Pools,UST - USDC,0.3,False,18.77,491.77,0.04692,3.48,1777915824
All Pools,UST - USDC.e,0.3,False,18.12,772.78,0.04531,2.14,1777915824
All Pools,USDC.e - USDT.e,0.3,False,17.03,40482.0,0.04259,0.04,1777915824
All Pools,HAREM - AVAX,0.3,False,16.84,128.32,0.0421,11.97,1777915824
All Pools,AVAX - CLY,0.3,False,16.6,60085.0,0.0415,0.03,1777915824
All Pools,DAI.e - USDt,0.25,False,16.38,21065.0,0.03914,0.07,1777915824
All Pools,USDV - AVAX,0.25,False,16.2,1832.37,0.06335,1.26,1777915824
All Pools,WOM - AVAX,0.3,False,15.65,844.91,0.03913,1.69,1777915824
All Pools,XROSS - ORNG,0.3,False,14.95,485.02,0.03738,2.81,1777915824
All Pools,HUSKY - AVAX,0.3,False,14.86,3711.43,0.03716,0.37,1777915824
All Pools,GURS - AVAX,0.3,False,14.55,7753.82,0.03637,0.17,1777915824
All Pools,Psychic - XAUt0,0.3,False,14.46,6944.18,0.03616,0.19,1777915824
All Pools,ORNG - MOOM,0.3,False,14.38,404.28,0.03595,3.25,1777915824
All Pools,sAVAX - JACK,0.3,False,14.35,293461.0,0.03587,0.0,1777915824
All Pools,AVAX - STICK,0.3,False,14.27,2149.85,0.03568,0.61,1777915824
All Pools,AVAX - PEFI,0.3,False,13.37,4559.15,0.03342,0.27,1777915824
All Pools,YUSD - AVAX,0.3,False,13.05,135.54,0.03261,8.78,1777915824
All Pools,COQ - AVAX,0.8,False,12.94,4850.72,0.10578,0.8,1777915824
All Pools,SVETA - AVAX,0.3,False,12.39,1400.9,0.03098,0.81,1777915824
All Pools,AVAX - DOMI,0.3,False,12.27,17561.0,0.03067,0.06,1777915824
All Pools,MAI - AVAX,0.3,False,12.11,1836.88,0.03028,0.6,1777915824
All Pools,SYN - AVAX,0.3,False,11.74,2779.75,0.02936,0.39,1777915824
All Pools,ORNG - JUCI,0.3,False,11.03,499.03,0.02758,2.02,1777915824
All Pools,Ush - AVAX,0.3,False,10.84,2847.59,0.02709,0.35,1777915824
All Pools,SHRAP - DOMI,0.3,False,10.61,295.51,0.02654,3.28,1777915824
All Pools,PTOP1000 - AVAX,0.1,False,10.47,634.28,0.01049,0.6,1777915824
All Pools,USDT.e - USDC,0.02,False,10.26,7.005,0.0022,11.47,1777915824
All Pools,YOU - ORNG,0.3,False,10.23,3242.66,0.02557,0.29,1777915824
All Pools,ZRO - AVAX,0.3,False,10.18,201.28,0.02546,4.62,1777915824
All Pools,DATCM - ORNG,0.3,False,10.15,483.9,0.02538,1.91,1777915824
All Pools,ORNG - FLUX,0.3,False,10.03,360.35,0.02508,2.54,1777915824
All Pools,ORNG - SAI,0.3,False,9.896,294.94,0.02474,3.06,1777915824
All Pools,JPYC - USDC,0.3,False,9.866,351.68,0.02466,2.56,1777915824
All Pools,AVAXAI - USDC,0.3,False,9.724,1725.85,0.02431,0.51,1777915824
All Pools,MMTH - AVAX,0.3,False,9.214,0.02374,0.02303,35411.71,1777915824
All Pools,WINK - AVAX,0.3,False,8.951,80.61,0.02238,10.13,1777915824
All Pools,BLSEYE🎯 - ARENA,0.3,False,8.636,1174.7,0.02159,0.67,1777915824
All Pools,AVAX - SQRCAT,0.3,False,8.594,5989.82,0.02148,0.13,1777915824
All Pools,MDG - USDT.e,0.3,False,8.547,18085.0,0.02137,0.04,1777915824
All Pools,MDG - USDC.e,0.3,False,8.547,9807.06,0.02137,0.08,1777915824
All Pools,LINK.e - USDT.e,0.3,False,8.506,237.81,0.02127,3.26,1777915824
All Pools,AVAX - ELK,0.3,False,8.286,1738.96,0.02071,0.43,1777915824
All Pools,avUSD - sAVAX,0.3,False,8.201,266.52,0.0205,2.81,1777915824
All Pools,MEAT - AVAX,0.3,False,8.142,5398.85,0.02036,0.14,1777915824
All Pools,WETH - USDC.e,0.3,False,7.15,230.92,0.01788,2.83,1777915824
All Pools,CATWIF - AVAX,0.3,False,7.006,3297.07,0.01752,0.19,1777915824
All Pools,USV - DAI.e,0.3,False,6.89,4277.16,0.01723,0.15,1777915824
All Pools,CHAMP - ARENA,0.3,False,6.419,17.29,0.01605,33.87,1777915824
All Pools,SWIFT - USDC.e,0.3,False,6.009,544.07,0.01502,1.01,1777915824
All Pools,MYST - AVAX,0.3,False,5.979,920.86,0.01495,0.59,1777915824
All Pools,LINK.e - USDC.e,0.3,False,5.837,198.26,0.01459,2.69,1777915824
All Pools,FITFI - AVAX,0.3,False,5.469,39.4,0.01367,12.67,1777915824
All Pools,SWIFT - WETH.e,0.3,False,5.115,1656.07,0.01279,0.28,1777915824
All Pools,RPEPE - AVAX,0.3,False,4.922,6361.59,0.01231,0.07,1777915824
All Pools,agEUR - USDC,0.3,False,4.863,63.98,0.01216,6.94,1777915824
All Pools,APOW - AVAX,0.3,False,4.562,1093.51,0.01141,0.38,1777915824
All Pools,YAK - USDC.e,0.3,False,4.527,218.06,0.01132,1.89,1777915824
All Pools,ISA - USDC.e,0.3,False,4.388,493.45,0.01097,0.81,1777915824
All Pools,ISA - AVAX,0.3,False,4.078,1481.23,0.01019,0.25,1777915824
All Pools,USDT.e - DAI.e,0.3,False,4.034,7352.54,0.01009,0.05,1777915824
All Pools,WETH.e - USDT.e,0.3,False,3.997,169.39,0.00999,2.15,1777915824
All Pools,PNG - JOE,0.3,False,3.991,174.18,0.00998,2.09,1777915824
All Pools,LUNA - AVAX,0.3,False,3.843,22.8,0.00961,15.38,1777915824
All Pools,DPS - AVAX,0.3,False,3.72,225.14,0.0093,1.51,1777915824
All Pools,DPS - USDC,0.3,False,3.719,1952.87,0.0093,0.17,1777915824
All Pools,LIQR - AVAX,0.3,False,3.413,52243.0,0.00853,0.01,1777915824
All Pools,USDT.e - CLY,0.3,False,3.284,263.86,0.00821,1.14,1777915824
All Pools,REDWOLF - USDC,0.3,False,3.275,204.67,0.00819,1.46,1777915824
All Pools,MYST - USDC,0.3,False,3.275,257.81,0.00819,1.16,1777915824
All Pools,FXS - AVAX,0.3,False,3.249,442.74,0.00812,0.67,1777915824
All Pools,YEEHAW - CHAMP,0.3,False,3.152,2385.86,0.00788,0.12,1777915824
All Pools,BTC.b - TOPIA,0.3,False,3.088,314.46,0.00772,0.9,1777915824
All Pools,WETH.e - ONION,0.3,False,2.996,278.12,0.00749,0.98,1777915824
All Pools,REDWOLF - AVAX,0.3,False,2.953,508.87,0.00738,0.53,1777915824
All Pools,LUNA - USDC.e,0.3,False,2.755,329.3,0.00689,0.76,1777915824
All Pools,TINU - AVAX,0.3,False,2.724,1362.1,0.00681,0.18,1777915824
All Pools,MAGICK - AVAX,0.3,False,2.64,359.57,0.0066,0.67,1777915824
All Pools,MAGICK - USDC,0.3,False,2.64,242.12,0.0066,0.99,1777915824
All Pools,AVAX - FRAX,0.3,False,2.594,275.44,0.00648,0.86,1777915824
All Pools,USDT.e - ONION,0.3,False,2.53,778.48,0.00633,0.3,1777915824
All Pools,USDC - SOCK,0.3,False,2.52,481.94,0.0063,0.48,1777915824
All Pools,AVAX - SOCK,0.3,False,2.519,3313.89,0.0063,0.07,1777915824
All Pools,AVAX - aXEN,0.3,False,2.507,79.15,0.00627,2.89,1777915824
All Pools,AVAX - TIME,0.3,False,2.43,1225.13,0.00607,0.18,1777915824
All Pools,APOW - USDC,0.3,False,2.314,169.92,0.00579,1.24,1777915824
All Pools,pAVAX - AVAX,0.3,False,2.305,1723.23,0.00576,0.12,1777915824
All Pools,APOW - USDt,0.3,False,2.251,169.6,0.00563,1.21,1777915824
All Pools,Now - AVAX,0.3,False,2.206,269.22,0.00552,0.75,1777915824
All Pools,AVAX - USDT,0.3,False,2.143,2008.35,0.00536,0.1,1777915824
All Pools,ACS - AVAX,0.3,False,2.14,212.56,0.00535,0.92,1777915824
All Pools,WBTC.e - USDT.e,0.3,False,2.125,175.39,0.00531,1.11,1777915824
All Pools,SHOE - AVAX,0.3,False,2.125,668.21,0.00531,0.29,1777915824
All Pools,USDC.e - MU,0.3,False,2.118,13548.0,0.0053,0.01,1777915824
All Pools,LORD - AVAX,0.3,False,2.109,1969.06,0.00527,0.1,1777915824
All Pools,LF - AVAX,0.3,False,2.081,295.92,0.0052,0.64,1777915824
All Pools,MIM - LF,0.3,False,2.081,914.87,0.0052,0.21,1777915824
All Pools,Gravity - AVAX,0.3,False,2.076,341.14,0.00519,0.56,1777915824
All Pools,HOST - DAI.e,0.3,False,2.065,2619.5,0.00516,0.07,1777915824
All Pools,AVAX - AMI,0.3,False,2.024,547.37,0.00506,0.34,1777915824
All Pools,67 - AVAX,0.3,False,2.022,,0.00505,196467.39,1777915824
All Pools,NOCHILL - OX,0.3,False,1.975,12467.0,0.00494,0.01,1777915824
All Pools,AVAX - SPELL,0.3,False,1.975,2785.04,0.00494,0.06,1777915824
All Pools,USDC.e - AVVO,0.3,False,1.9,252.89,0.00475,0.69,1777915824
All Pools,GENI - AVAX,0.3,False,1.848,75.09,0.00462,2.25,1777915824
All Pools,AVAX - ONION,0.3,False,1.841,184.59,0.0046,0.91,1777915824
All Pools,FollowTheWhiteRabbit - BLACK,0.3,False,1.798,1170.84,0.00449,0.14,1777915824
All Pools,COQ - BLSEYE🎯,0.3,False,1.778,215.52,0.00444,0.75,1777915824
All Pools,BLSEYE🎯 - BEAM,0.3,False,1.748,345.18,0.00437,0.46,1777915824
All Pools,DCAU - USDC,0.3,False,1.692,152.32,0.00423,1.01,1777915824
All Pools,PIZZA - AVAX,0.3,False,1.684,516.7,0.00421,0.3,1777915824
All Pools,USDC.e - ONION,0.3,False,1.682,389.91,0.00421,0.39,1777915824
All Pools,TRESR - AVAX,0.3,False,1.657,15051.0,0.00414,0.01,1777915824
All Pools,Gravity - BLACK,0.3,False,1.639,1065.91,0.0041,0.14,1777915824
All Pools,BEAR - AVAX,0.3,False,1.619,7354.69,0.00405,0.02,1777915824
All Pools,COQ - OX,0.3,False,1.618,12665.0,0.00404,0.01,1777915824
All Pools,USDC - SHRAP,0.3,False,1.616,28.19,0.00404,5.23,1777915824
All Pools,AVAX - IMPACT2,0.3,False,1.596,172.15,0.00399,0.85,1777915824
All Pools,Trinity - AVAX,0.3,False,1.54,1043.64,0.00385,0.13,1777915824
All Pools,XAUt0 - Now,0.3,False,1.534,710.36,0.00384,0.2,1777915824
All Pools,AVAX - ELK,0.3,False,1.525,69.36,0.00381,2.01,1777915824
All Pools,USDt - USDT.e,0.3,False,1.524,20451.0,0.00381,0.01,1777915824
All Pools,KIWI - AVAX,0.3,False,1.521,117.3,0.0038,1.18,1777915824
All Pools,SMRTr - AVAX,0.3,False,1.504,37195.0,0.00376,0.0,1777915824
All Pools,KIWI - USDC,0.3,False,1.503,311.7,0.00376,0.44,1777915824
All Pools,SMRTr - USDC.e,0.3,False,1.5,126.88,0.00375,1.08,1777915824
All Pools,XAUt0 - Gravity,0.3,False,1.491,397.38,0.00373,0.34,1777915824
All Pools,AVAX - NaughtiusMaximus,0.3,False,1.476,445.36,0.00369,0.3,1777915824
All Pools,FollowTheWhiteRabbit - AVAX,0.3,False,1.475,165.54,0.00369,0.81,1777915824
All Pools,XAUt0 - NaughtiusMaximus,0.3,False,1.473,1046.6,0.00368,0.13,1777915824
All Pools,AVAX - LUCKY,0.3,False,1.463,4131.36,0.00366,0.03,1777915824
All Pools,Psychic - BLACK,0.3,False,1.448,463.83,0.00362,0.28,1777915824
All Pools,MIM - PEFI,0.3,False,1.421,206.22,0.00355,0.63,1777915824
All Pools,USDC - NXUSD,0.3,False,1.39,3.517,0.00348,36.07,1777915824
All Pools,SHOE - BTC.b,0.3,False,1.385,852.34,0.00346,0.15,1777915824
All Pools,CRA - AVAX,0.3,False,1.381,10127.0,0.00345,0.01,1777915824
All Pools,BANKSY - USDT.e,0.3,False,1.344,1563.38,0.00336,0.08,1777915824
All Pools,BANKSY - AVAX,0.3,False,1.344,174.59,0.00336,0.7,1777915824
All Pools,DAI.e - ONION,0.3,False,1.315,355.95,0.00329,0.34,1777915824
All Pools,LUNA - AVAX,0.3,False,1.291,144.87,0.00323,0.81,1777915824
All Pools,JOE - USDT,0.3,False,1.278,363.94,0.00319,0.32,1777915824
All Pools,DREGG - AVAX,0.3,False,1.263,181.79,0.00316,0.63,1777915824
All Pools,DREGG - USDT.e,0.3,False,1.26,548.86,0.00315,0.21,1777915824
All Pools,COQ - NOCHILL,0.3,False,1.235,14.45,0.00309,7.8,1777915824
All Pools,AVAX - MU,0.3,False,1.205,89.94,0.00301,1.22,1777915824
All Pools,BLSEYE🎯 - MEOW,0.3,False,1.199,674.26,0.003,0.16,1777915824
All Pools,AVAX - TUS,0.3,False,1.149,8182.22,0.00287,0.01,1777915824
All Pools,VPND - AVAX,0.3,False,1.092,26044.0,0.00273,0.0,1777915824
All Pools,WBTC.e - ONION,0.3,False,1.078,415.36,0.0027,0.24,1777915824
All Pools,NOCHILL - KET,0.3,False,1.058,15.43,0.00265,6.26,1777915824
All Pools,SWIFT - AVAX,0.3,False,1.028,312.21,0.00257,0.3,1777915824
All Pools,AVAX - SMRT,0.3,False,1.025,2373.99,0.00256,0.04,1777915824
All Pools,USDC - GAU,0.3,False,1.017,12285.0,0.00254,0.01,1777915824
All Pools,BUSD - AVAX,0.3,False,1.01,425.16,0.00253,0.22,1777915824
All Pools,AVAX - AVVO,0.3,False,1.006,306.72,0.00252,0.3,1777915824
All Pools,rloop - AVAX,0.3,False,0.99178,6338.16,0.00248,0.01,1777915824
All Pools,LUEEGI - AVAX,0.3,False,0.98903,1605.29,0.00247,0.06,1777915824
All Pools,AVAX - ChristMark,0.3,False,0.96542,358.97,0.00241,0.25,1777915824
All Pools,ROY - AVAX,0.3,False,0.96256,5021.3,0.00241,0.02,1777915824
All Pools,CANS - AVAX,0.3,False,0.95905,13.07,0.0024,6.7,1777915824
All Pools,MM - USDC,0.3,False,0.95566,84.63,0.00239,1.03,1777915824
All Pools,USDT.e - SMRT,0.3,False,0.95362,107.48,0.00238,0.81,1777915824
All Pools,MM - AVAX,0.3,False,0.95311,135.86,0.00238,0.64,1777915824
All Pools,Trinity - BLACK,0.3,False,0.92823,563.58,0.00232,0.15,1777915824
All Pools,KALM - USDC,0.3,False,0.90699,85.35,0.00227,0.97,1777915824
All Pools,KALM - AVAX,0.3,False,0.90694,128.27,0.00227,0.65,1777915824
All Pools,JOE - EXP,0.3,False,0.90657,13399274.0,0.00227,,1777915824
All Pools,PTOP1100 - TOPIA,0.3,False,0.90456,152.36,0.00226,0.54,1777915824
All Pools,UST - USDT.e,0.3,False,0.9028,43.82,0.00226,1.88,1777915824
All Pools,HOST - AVAX,0.3,False,0.86216,107.81,0.00216,0.73,1777915824
All Pools,AVAX - GME,0.3,False,0.85858,714.26,0.00215,0.11,1777915824
All Pools,Now - BLACK,0.3,False,0.85665,442.51,0.00214,0.18,1777915824
All Pools,GAINS - AVAX,0.3,False,0.85432,41.37,0.00214,1.88,1777915824
All Pools,MIM - TIME,0.3,False,0.85395,123.14,0.00213,0.63,1777915824
All Pools,GUN - AMI,0.3,False,0.84515,22.77,0.00211,3.39,1777915824
All Pools,AVAX - $SICKO,0.3,False,0.83496,10.05,0.00209,7.58,1777915824
All Pools,USDC - SPT,0.3,False,0.81324,40.99,0.00203,1.81,1777915824
All Pools,MAXI - DAI.e,0.3,False,0.80965,234.29,0.00202,0.32,1777915824
All Pools,MONEY - AVAX,0.3,False,0.79145,630.84,0.00198,0.11,1777915824
All Pools,XAUt0 - ChristMark,0.3,False,0.78608,688.86,0.00197,0.1,1777915824
All Pools,USDt - IMPACT2,0.3,False,0.76669,72.29,0.00192,0.97,1777915824
All Pools,FollowTheWhiteRabbit - LuciferMorningstar,0.3,False,0.76103,3606.26,0.0019,0.02,1777915824
All Pools,50 - USDC,0.3,False,0.74841,120.84,0.00187,0.57,1777915824
All Pools,50 - AVAX,0.3,False,0.74837,76.99,0.00187,0.89,1777915824
All Pools,COQ - OSAK,0.3,False,0.71765,35.79,0.00179,1.83,1777915824
All Pools,Trinity - LuciferMorningstar,0.3,False,0.71242,350187117.0,0.00178,,1777915824
All Pools,AVAX - ZUBAX,0.3,False,0.70695,118.1,0.00177,0.55,1777915824
All Pools,LINK.e - REDWOLF,0.3,False,0.70562,83.01,0.00176,0.78,1777915824
All Pools,STATIK - AVAX,0.3,False,0.70392,44.8,0.00176,1.43,1777915824
All Pools,AVAX - KONG,0.3,False,0.69418,7527.42,0.00174,0.01,1777915824
All Pools,HEFE - GAINS,0.3,False,0.69283,6.414,0.00173,9.86,1777915824
All Pools,JEWEL - USDC,0.3,False,0.68885,4512.34,0.00172,0.01,1777915824
All Pools,SYMBIOT - AVAX,0.3,False,0.6879,92.88,0.00172,0.68,1777915824
All Pools,ZUBAX - USDT.e,0.3,False,0.68499,185.83,0.00171,0.34,1777915824
All Pools,SYMBIOT - DAI.e,0.3,False,0.67434,473.07,0.00169,0.13,1777915824
All Pools,WETH.e - USDC,0.3,False,0.66596,22.93,0.00166,2.65,1777915824
All Pools,Gladiator - AVAX,0.3,False,0.66445,3.737,0.00166,16.23,1777915824
All Pools,COQ - COQAI,0.3,False,0.66105,28403.0,0.00165,0.0,1777915824
All Pools,BTC.b - IMPACT2,0.3,False,0.65504,1291.42,0.00164,0.05,1777915824
All Pools,MU - DAI.e,0.3,False,0.63461,247.0,0.00159,0.23,1777915824
All Pools,Psychic - Now,0.3,False,0.62675,631.59,0.00157,0.09,1777915824
All Pools,bCASH - NOCHILL,0.3,False,0.62623,19.26,0.00157,2.97,1777915824
All Pools,HUSKY - JOE,0.3,False,0.60625,184.98,0.00152,0.3,1777915824
All Pools,AVAX - mYAK,0.3,False,0.58834,58.63,0.00147,0.92,1777915824
All Pools,USDT.e - MU,0.3,False,0.58324,256.43,0.00146,0.21,1777915824
All Pools,Trinity - Psychic,0.3,False,0.57924,545.09,0.00145,0.1,1777915824
All Pools,Orange - AVAX,0.3,False,0.57906,87.94,0.00145,0.6,1777915824
All Pools,AVAX - SHRAP,0.3,False,0.5778,17.84,0.00144,2.96,1777915824
All Pools,AVAX - APE - X,0.3,False,0.57386,666.25,0.00143,0.08,1777915824
All Pools,WETH.e - REDWOLF,0.3,False,0.55395,104.06,0.00138,0.49,1777915824
All Pools,BTC.b - SPT,0.3,False,0.54652,40.25,0.00137,1.24,1777915824
All Pools,SOL - USDC,0.3,False,0.54577,24.24,0.00136,2.05,1777915824
All Pools,Gladiator - USDC,0.3,False,0.5385,565.29,0.00135,0.09,1777915824
All Pools,AVAX - PENDLE,0.3,False,0.53102,7821.87,0.00133,0.01,1777915824
All Pools,MIM - wsOHM,0.3,False,0.5274,1104.43,0.00132,0.04,1777915824
All Pools,HEFE - CANS,0.3,False,0.5227,4.647,0.00131,10.26,1777915824
All Pools,AMPL - AVAX,0.3,False,0.51174,344.42,0.00128,0.14,1777915824
All Pools,LadyMary - AVAX,0.3,False,0.50312,366.08,0.00126,0.13,1777915824
All Pools,AVAX - ARENA,0.3,False,0.4992,81.89,0.00125,0.56,1777915824
All Pools,Gladiator - AMI,0.3,False,0.49803,373.68,0.00125,0.12,1777915824
All Pools,WETH.e - SURE,0.3,False,0.49647,1106.4,0.00124,0.04,1777915824
All Pools,YEEHAW - BTC.b,0.3,False,0.49037,129.59,0.00123,0.35,1777915824
All Pools,USDt - RUX,0.3,False,0.48296,16111.0,0.00121,0.0,1777915824
All Pools,RUX - AVAX,0.3,False,0.4829,30.58,0.00121,1.44,1777915824
All Pools,COQ - JUICE,0.3,False,0.48003,49.11,0.0012,0.89,1777915824
All Pools,MaryMagdalene - AVAX,0.3,False,0.47979,226.2,0.0012,0.19,1777915824
All Pools,UNI.e - REDWOLF,0.3,False,0.47098,10.78,0.00118,3.99,1777915824
All Pools,AAVE.e - REDWOLF,0.3,False,0.46355,163.51,0.00116,0.26,1777915824
All Pools,KIMBO - CANS,0.3,False,0.44545,394.23,0.00111,0.1,1777915824
All Pools,Orange - DivineFeminine,0.3,False,0.43584,1099.54,0.00109,0.04,1777915824
All Pools,gOHM - wsOHM,0.3,False,0.43241,37.55,0.00108,1.05,1777915824
All Pools,CQK - AVAX,0.3,False,0.42519,132.75,0.00106,0.29,1777915824
All Pools,CQK - USDC,0.3,False,0.42512,35.29,0.00106,1.1,1777915824
All Pools,USDC - CHAM,0.3,False,0.42151,50.11,0.00105,0.77,1777915824
All Pools,TECH - OX,0.3,False,0.41895,5028.95,0.00105,0.01,1777915824
All Pools,NOCHILL - AMI,0.3,False,0.40582,5.736,0.00101,6.46,1777915824
All Pools,FERT - AVAX,0.3,False,0.40094,815.03,0.001,0.04,1777915824
All Pools,sAVAX - COQ,0.3,False,0.39995,95.43,,0.38,1777915824
All Pools,USDC - yyAVAX,0.3,False,0.39091,14.29,,2.5,1777915824
All Pools,MIM - USDC.e,0.3,False,0.38349,2006.51,,0.02,1777915824
All Pools,CGS - USDC.e,0.3,False,0.38148,159.79,,0.22,1777915824
All Pools,CGS - AVAX,0.3,False,0.38141,66.94,,0.52,1777915824
All Pools,ZRO - USDC,0.3,False,0.37968,5.644,,6.14,1777915824
All Pools,USDC - USD+,0.3,False,0.37913,32.96,,1.05,1777915824
All Pools,IMPACT2 - EURC,0.3,False,0.37685,47.52,,0.72,1777915824
All Pools,TRACTOR - AVAX,0.3,False,0.36915,15002.0,,0.0,1777915824
All Pools,AVAX - TOPIA,0.3,False,0.36633,531.68,,0.06,1777915824
All Pools,MIM - MU,0.3,False,0.36455,255.12,,0.13,1777915824
All Pools,BLS - USDt,0.3,False,0.35337,120.41,,0.27,1777915824
All Pools,SURE - DAI.e,0.3,False,0.35198,28.27,,1.14,1777915824
All Pools,USDC - aXEN,0.3,False,0.35042,9.335,,3.43,1777915824
All Pools,VEE - USDC,0.3,False,0.34848,32.42,,0.98,1777915824
All Pools,BLS - SHRAP,0.3,False,0.34278,10.03,,3.12,1777915824
All Pools,APIX - LAMBO,0.3,False,0.34158,565.19,,0.06,1777915824
All Pools,BLUB - AVAX,0.3,False,0.33939,17146.0,,0.0,1777915824
All Pools,TSD - AVAX,0.3,False,0.33705,323.83,,0.09,1777915824
All Pools,Anon - AVAX,0.3,False,0.33032,14.34,,2.1,1777915824
All Pools,oXAUT - AVAX,0.3,False,0.32834,527.56,,0.06,1777915824
All Pools,BTC.b - oXAUT,0.3,False,0.32821,381.28,,0.08,1777915824
All Pools,ABC - AVAX,0.3,False,0.32741,1095.42,,0.03,1777915824
All Pools,AftermathsKobe - AVAX,0.3,False,0.32683,295.72,,0.1,1777915824
All Pools,Psychic - AftermathsKobe,0.3,False,0.32614,323.89,,0.09,1777915824
All Pools,DFIAT - USDT.e,0.3,False,0.32143,28.3,,1.04,1777915824
All Pools,BENIS - NOCHILL,0.3,False,0.32067,4.586,,6.38,1777915824
All Pools,AVAX - XPOW,0.3,False,0.31962,40.3,,0.72,1777915824
All Pools,AVAX - BLACK,0.3,False,0.30939,6.072,,4.65,1777915824
All Pools,COQ - BOOTY,0.3,False,0.30557,10.83,,2.58,1777915824
All Pools,DivineFeminine - Gravity,0.3,False,0.30475,2317.65,,0.01,1777915824
All Pools,USDC.e - WISE,0.3,False,0.30411,46.27,,0.6,1777915824
All Pools,AVAX - WISE,0.3,False,0.30406,79.34,,0.35,1777915824
All Pools,LadyMary - FollowTheWhiteRabbit,0.3,False,0.30285,644.28,,0.04,1777915824
All Pools,AVAT - USDC,0.3,False,0.3026,40.67,,0.68,1777915824
All Pools,BRO - COQ,0.3,False,0.30254,209.48,,0.13,1777915824
All Pools,USDt - REDWOLF,0.3,False,0.30143,15.08,,1.82,1777915824
All Pools,AVAX - APOW,0.3,False,0.301,39.81,,0.69,1777915824
All Pools,BRO - AVAX,0.3,False,0.30091,141108.0,,,1777915824
All Pools,USDC.e - WXT,0.3,False,0.29996,291.58,,0.09,1777915824
All Pools,AVAX - MUG,0.3,False,0.29966,354.14,,0.08,1777915824
All Pools,AVAI - AVAX,0.3,False,0.29783,29.55,,0.92,1777915824
All Pools,USDT.e - DUO,0.3,False,0.29648,57.62,,0.47,1777915824
All Pools,AVAX - DUO,0.3,False,0.29641,71.39,,0.38,1777915824
All Pools,BTC.b - HOWDY,0.3,False,0.29609,187.15,,0.14,1777915824
All Pools,HUSKY - AMI,0.3,False,0.29518,87.06,,0.31,1777915824
All Pools,PTOP900 - TOPIA,0.3,False,0.29008,104.73,,0.25,1777915824
All Pools,HOWDY - AVAX,0.3,False,0.28743,21310.0,,0.0,1777915824
All Pools,YEEHAW - AVAX,0.3,False,0.28517,32.11,,0.81,1777915824
All Pools,DFIAT - AVAX,0.3,False,0.28289,7577.87,,0.0,1777915824
All Pools,SLUSH - USDT.e,0.3,False,0.2803,60.32,,0.42,1777915824
All Pools,SLUSH - AVAX,0.3,False,0.28026,59.18,,0.43,1777915824
All Pools,miMatic - USDC.e,0.3,False,0.27753,23.43,,1.08,1777915824
All Pools,wsOHM - AVAX,0.3,False,0.27597,22.27,,1.13,1777915824
All Pools,AVVO - DAI.e,0.3,False,0.27469,39.79,,0.63,1777915824
All Pools,NOCHILL - REDWOLF,0.3,False,0.26931,3.326,,7.39,1777915824
All Pools,AVAX - MILO,0.3,False,0.26868,1159.55,,0.02,1777915824
All Pools,USDt - MILO,0.3,False,0.26866,17.19,,1.43,1777915824
All Pools,AVAX - CHAM,0.3,False,0.26155,33.13,,0.72,1777915824
All Pools,MIM - FORT,0.3,False,0.25853,18041.0,,0.0,1777915824
All Pools,AVAX - FORT,0.3,False,0.25852,39.09,,0.6,1777915824
All Pools,BOI - MU,0.3,False,0.24875,1.216,,18.66,1777915824
All Pools,Meaning - AVAX,0.3,False,0.24189,454.98,,0.05,1777915824
All Pools,$Crazy - AVAX,0.3,False,0.24153,1016.56,,0.02,1777915824
All Pools,Psychic - Meaning,0.3,False,0.24145,312.06,,0.07,1777915824
All Pools,avax0 - AVAX,0.3,False,0.2402,6.997,,3.13,1777915824
All Pools,USDC.e - SOL,0.3,False,0.23849,42.07,,0.52,1777915824
All Pools,AVAX - SPT,0.3,False,0.23676,16.62,,1.3,1777915824
All Pools,TOPIA - PTOP800,0.3,False,0.23296,148.24,,0.14,1777915824
All Pools,AI - AVAX,0.3,False,0.22982,4328.97,,0.0,1777915824
All Pools,HEFE - AMI,0.3,False,0.22751,1.922,,10.8,1777915824
All Pools,WOLF - AVAX,0.3,False,0.22618,43520.0,,,1777915824
All Pools,Psychic - Sinterklaas,0.3,False,0.22487,316.6,,0.06,1777915824
All Pools,MaryMagdalene - XAUt0,0.3,False,0.22256,1931.8,,0.01,1777915824
All Pools,GLOBA - AVAX,0.3,False,0.2194,51.22,,0.39,1777915824
All Pools,VENG - AVAX,0.3,False,0.21857,60.82,,0.33,1777915824
All Pools,MIM - PAPA,0.3,False,0.21641,416.51,,0.05,1777915824
All Pools,PAPA - AVAX,0.3,False,0.21638,30.88,,0.64,1777915824
All Pools,SUB - USDC,0.3,False,0.21041,13.4,,1.43,1777915824
All Pools,GLOBA - DAI.e,0.3,False,0.21006,52.2,,0.37,1777915824
All Pools,BOI - AMI,0.3,False,0.20816,1.039,,18.29,1777915824
All Pools,MaryMagdalene - Gravity,0.3,False,0.20797,131.58,,0.14,1777915824
All Pools,EGG - AVAX,0.3,False,0.20728,23452.0,,,1777915824
All Pools,Hopi - AVAX,0.3,False,0.20294,218.41,,0.08,1777915824
All Pools,Hopi - Now,0.3,False,0.2028,717.68,,0.03,1777915824
All Pools,USDT.e - ZABU,0.3,False,0.20131,48.01,,0.38,1777915824
All Pools,Trinity - LadyMary,0.3,False,0.2008,11158.0,,0.0,1777915824
All Pools,METAG - AVAX,0.3,False,0.20012,24.6,,0.74,1777915824
All Pools,AVAX - Prometheus,0.3,False,0.18727,284.46,,0.06,1777915824
All Pools,Psychic - Prometheus,0.3,False,0.18687,310.23,,0.05,1777915824
All Pools,USDC - BVAX,0.3,False,0.18614,30.54,,0.56,1777915824
All Pools,AVAT - AVAX,0.3,False,0.18295,21.68,,0.77,1777915824
All Pools,USDt - DXN,0.3,False,0.1786,215.77,,0.08,1777915824
All Pools,USDt - XPOW,0.3,False,0.17549,20.3,,0.79,1777915824
All Pools,DéjàVu - Gravity,0.3,False,0.17525,209.05,,0.08,1777915824
All Pools,MIM - USDC,0.3,False,0.17507,76.94,,0.21,1777915824
All Pools,Ducks - AVAX,0.3,False,0.17386,291.14,,0.05,1777915824
All Pools,Psychic - Ducks,0.3,False,0.17356,318.91,,0.05,1777915824
All Pools,DCAU - MIM,0.3,False,0.17214,314.29,,0.05,1777915824
All Pools,SURE - USDC.e,0.3,False,0.17155,23.76,,0.66,1777915824
All Pools,Jjj - AVAX,0.3,False,0.16532,291.42,,0.05,1777915824
All Pools,Psychic - Jjj,0.3,False,0.16502,318.97,,0.05,1777915824
All Pools,Chemistry - AVAX,0.3,False,0.16337,89.82,,0.17,1777915824
All Pools,ArniStitch - AVAX,0.3,False,0.16301,291.38,,0.05,1777915824
All Pools,LUNA - LUNA,0.3,False,0.16299,2.544,,5.85,1777915824
All Pools,Psychic - ArniStitch,0.3,False,0.1627,319.16,,0.05,1777915824
All Pools,AVAX - MeaningOfNumbers,0.3,False,0.1618,291.32,,0.05,1777915824
All Pools,Psychic - MeaningOfNumbers,0.3,False,0.16152,319.19,,0.05,1777915824
All Pools,AVAX - NXUSD,0.3,False,0.16006,0.49318,,29.61,1777915824
All Pools,USDt - APOW,0.3,False,0.15706,20.27,,0.71,1777915824
All Pools,Trinity - Gravity,0.3,False,0.15626,2463.97,,0.01,1777915824
All Pools,DivineFeminine - AVAX,0.3,False,0.15605,6.238,,2.28,1777915824
All Pools,AVAX - SNOB,0.3,False,0.15509,981.71,,0.01,1777915824
All Pools,gOHM - SB,0.3,False,0.15289,15.38,,0.91,1777915824
All Pools,USDT.e - EXP,0.3,False,0.15189,44253151.0,,,1777915824
All Pools,AVAX - ZABU,0.3,False,0.1518,30.17,,0.46,1777915824
All Pools,BTC.b - REDWOLF,0.3,False,0.14961,121.68,,0.11,1777915824
All Pools,USDT - ETH,0.3,False,0.14952,215.03,,0.06,1777915824
All Pools,LINDA - AVAX,0.3,False,0.14855,2107.1,,0.01,1777915824
All Pools,MELT - AVAX,0.3,False,0.14589,24.84,,0.54,1777915824
All Pools,USDC - XPOW,0.3,False,0.1441,20.35,,0.65,1777915824
All Pools,USDC - APOW,0.3,False,0.14388,20.26,,0.65,1777915824
All Pools,Chemistry - Now,0.3,False,0.14346,905.8,,0.01,1777915824
All Pools,WarpSpeed - AVAX,0.3,False,0.14306,139.84,,0.09,1777915824
All Pools,Gravity - WarpSpeed,0.3,False,0.14303,84.89,,0.15,1777915824
All Pools,TrumpTower - AVAX,0.3,False,0.14213,161.17,,0.08,1777915824
All Pools,TrumpTower - Gravity,0.3,False,0.1421,76.21,,0.17,1777915824
All Pools,NeatestQuackery - AVAX,0.3,False,0.14076,290.94,,0.04,1777915824
All Pools,Psychic - NeatestQuackery,0.3,False,0.1405,319.1,,0.04,1777915824
All Pools,Beyond - AVAX,0.3,False,0.14007,89.56,,0.14,1777915824
All Pools,Beyond - Orange,0.3,False,0.1398,4408.83,,0.0,1777915824
All Pools,miMatic - AVAX,0.3,False,0.13976,37.13,,0.34,1777915824
All Pools,AVAX - SDOG,0.3,False,0.13926,10.28,,1.24,1777915824
All Pools,Xmas - AVAX,0.3,False,0.13525,274.26,,0.04,1777915824
All Pools,MIM - BLANC,0.3,False,0.135,8385.67,,0.0,1777915824
All Pools,AVAX - BLANC,0.3,False,0.13498,21.9,,0.56,1777915824
All Pools,Psychic - Xmas,0.3,False,0.13497,299.7,,0.04,1777915824
All Pools,USDC - SDOG,0.3,False,0.13367,485.51,,0.03,1777915824
All Pools,NOCHILL - MU,0.3,False,0.13353,2.056,,5.93,1777915824
All Pools,Matter - AVAX,0.3,False,0.13205,80.47,,0.15,1777915824
All Pools,Orange - Matter,0.3,False,0.13176,8938.45,,0.0,1777915824
All Pools,AVAX - All,0.3,False,0.13128,293.08,,0.04,1777915824
All Pools,Psychic - All,0.3,False,0.13104,318.72,,0.04,1777915824
All Pools,TOMB - USDC,0.3,False,0.12979,10.68,,1.11,1777915824
All Pools,WLRS - USDC.e,0.3,False,0.12838,4529.62,,0.0,1777915824
All Pools,FLAKE - USDT.e,0.3,False,0.12785,51.14,,0.23,1777915824
All Pools,FLAKE - AVAX,0.3,False,0.12782,21.55,,0.54,1777915824
All Pools,METAG - USDt,0.3,False,0.1269,16.16,,0.72,1777915824
All Pools,BTC.b - USDC,0.3,False,0.12581,4.723,,2.43,1777915824
All Pools,FollowTheWhiteRabbit - DivineFeminine,0.3,False,0.12508,673.26,,0.02,1777915824
All Pools,AVAX - Wej,0.3,False,0.12435,292.09,,0.04,1777915824
All Pools,AVAX - Mentor,0.3,False,0.12424,89.4,,0.13,1777915824
All Pools,Psychic - Wej,0.3,False,0.12413,318.97,,0.04,1777915824
All Pools,Now - Mentor,0.3,False,0.1241,903.25,,0.01,1777915824
All Pools,DiamondbackGall - AVAX,0.3,False,0.12377,293.08,,0.04,1777915824
All Pools,Psychic - DiamondbackGall,0.3,False,0.12353,318.93,,0.04,1777915824
All Pools,GURS - NOCHILL,0.3,False,0.12274,1.854,,6.04,1777915824
All Pools,AVAX - GAU,0.3,False,0.12061,9.267,,1.19,1777915824
All Pools,YETI - AVAX,0.3,False,0.12008,3320.23,,0.0,1777915824
All Pools,CommieSukey - AVAX,0.3,False,0.11946,291.77,,0.04,1777915824
All Pools,Psychic - CommieSukey,0.3,False,0.11924,318.64,,0.03,1777915824
All Pools,FollowTheWhiteRabbit - TheGospelOfMary,0.3,False,0.11919,157.62,,0.07,1777915824
All Pools,AVAX - TheGospelOfMary,0.3,False,0.11907,160.49,,0.07,1777915824
All Pools,ALOT - USDC.e,0.3,False,0.11815,9.326,,1.16,1777915824
All Pools,MerryXmas - AVAX,0.3,False,0.11761,268.55,,0.04,1777915824
All Pools,Psychic - MerryXmas,0.3,False,0.1174,293.31,,0.04,1777915824
All Pools,LIBRE - USDC.e,0.3,False,0.11688,14.99,,0.71,1777915824
All Pools,BrideOfChrist - AVAX,0.3,False,0.11408,90.28,,0.12,1777915824
All Pools,AVAX - RedFolder,0.3,False,0.11301,291.67,,0.04,1777915824
All Pools,Psychic - RedFolder,0.3,False,0.11279,318.77,,0.03,1777915824
All Pools,AVAX - BlackAndGold,0.3,False,0.11242,292.8,,0.04,1777915824
All Pools,Psychic - BlackAndGold,0.3,False,0.11221,318.62,,0.03,1777915824
All Pools,YEEHAW - USDC,0.3,False,0.11154,12.77,,0.8,1777915824
All Pools,Solar - AVAX,0.3,False,0.10994,90.02,,0.11,1777915824
All Pools,Solar - Now,0.3,False,0.10987,908.98,,0.01,1777915824
All Pools,wsOHM - USDC.e,0.3,False,0.10915,42.61,,0.23,1777915824
All Pools,Psychic - DéjàVu,0.3,False,0.1071,197.72,,0.05,1777915824
All Pools,ORNG - JUICE,0.3,False,0.10656,2.784,,3.49,1777915824
All Pools,HEFE - HIGHER,0.3,False,0.10614,0.96353,,10.05,1777915824
All Pools,HUSKY - MUG,0.3,False,0.10588,24.35,,0.4,1777915824
All Pools,HIGHER - AVAX,0.3,False,0.1036,1.871,,5.05,1777915824
All Pools,CNR - USDC,0.3,False,0.10292,4.833,,1.94,1777915824
All Pools,BrideOfChrist - FollowTheWhiteRabbit,0.3,False,0.10232,728.62,,0.01,1777915824
All Pools,KLO - USDT.e,0.3,False,0.10209,5.636,,1.65,1777915824
All Pools,3QF - D - AVAX,0.3,False,0.10164,1799.31,,0.01,1777915824
All Pools,3QF - D - WETH.e,0.3,False,0.10135,3193.35,,0.0,1777915824
All Pools,AVAX - Strength,0.3,False,0.10089,141.21,,0.07,1777915824
All Pools,MAJIN - REDWOLF,0.3,False,0.0999,7.122,,1.28,1777915824
All Pools,JPYC - USDC.e,0.3,False,0.09987,4.81,,1.89,1777915824
All Pools,AVAX - Propriety,0.3,False,0.09779,89.47,,0.1,1777915824
All Pools,Now - Propriety,0.3,False,0.09758,905.44,,0.01,1777915824
All Pools,USDC.e - NXUSD,0.3,False,0.09721,1.656,,5.36,1777915824
All Pools,Christmas - Merovingian,0.3,False,0.09712,118.19,,0.07,1777915824
All Pools,Christmas - AVAX,0.3,False,0.09709,251.43,,0.04,1777915824
All Pools,Now - Merovingian,0.3,False,0.09665,69.9,,0.13,1777915824
All Pools,AVAX - √Root,0.3,False,0.09657,89.5,,0.1,1777915824
All Pools,Now - √Root,0.3,False,0.09645,903.71,,0.01,1777915824
All Pools,MAJIN - MU,0.3,False,0.09607,4.459,,1.97,1777915824
All Pools,Serpentarius - AVAX,0.3,False,0.09545,296.16,,0.03,1777915824
All Pools,Psychic - Serpentarius,0.3,False,0.09525,323.2,,0.03,1777915824
All Pools,UST - USDC,0.3,False,0.0936,4.465,,1.91,1777915824
All Pools,WINK - NOCHILL,0.3,False,0.09213,0.84977,,9.89,1777915824
All Pools,AVAX - STRAW,0.3,False,0.09191,15.77,,0.53,1777915824
All Pools,GAS - AVAX,0.3,False,0.09181,232.15,,0.04,1777915824
All Pools,MELT - USDT.e,0.3,False,0.09123,30.73,,0.27,1777915824
All Pools,KRW - AVAX,0.3,False,0.09109,460.74,,0.02,1777915824
All Pools,JOE - KRW,0.3,False,0.09099,239.99,,0.03,1777915824
All Pools,SLIME - AVAX,0.3,False,0.09079,21863.0,,,1777915824
All Pools,SLIME - USDt,0.3,False,0.09079,7.388,,1.12,1777915824
All Pools,JOE - ZABU,0.3,False,0.09038,18.46,,0.45,1777915824
All Pools,NOCHILL - WAIFU,0.3,False,0.08923,149.92,,0.05,1777915824
All Pools,MIM - GRAPE,0.3,False,0.08861,2398.31,,0.0,1777915824
All Pools,WLRS - GRAPE,0.3,False,0.08859,77.83,,0.1,1777915824
All Pools,USDt - NEMO,0.3,False,0.08857,97.09,,0.08,1777915824
All Pools,AVAX - NEMO,0.3,False,0.08857,7.858,,1.03,1777915824
All Pools,LINK.e - MU,0.3,False,0.08826,7.582,,1.06,1777915824
All Pools,DAI.e - STRAW,0.3,False,0.08796,34.18,,0.23,1777915824
All Pools,Strength - Sinterklaas,0.3,False,0.0871,1660.27,,0.0,1777915824
All Pools,Gil - AVAX,0.3,False,0.08705,17.13,,0.46,1777915824
All Pools,Go - AVAX,0.3,False,0.08655,140.26,,0.06,1777915824
All Pools,aAvaLINK - AVAX,0.3,False,0.08596,9.655,,0.81,1777915824
All Pools,SOB - LUNA,0.3,False,0.08511,1.301,,5.97,1777915824
All Pools,Void - AVAX,0.3,False,0.08497,87.93,,0.09,1777915824
All Pools,Void - Now,0.3,False,0.0848,907.86,,0.01,1777915824
All Pools,BANKSY - USDC.e,0.3,False,0.08457,31.31,,0.25,1777915824
All Pools,BANKSY - AVAX,0.3,False,0.08454,23.4,,0.33,1777915824
All Pools,Gil - DAI.e,0.3,False,0.08329,28.41,,0.27,1777915824
All Pools,PTOP1300 - TOPIA,0.3,False,0.08188,97.82,,0.08,1777915824
All Pools,H2O - AVAX,0.3,False,0.0808,22.66,,0.33,1777915824
All Pools,BUSD - USDC,0.3,False,0.07887,7.766,,0.93,1777915824
All Pools,ZUM - NOCHILL,0.3,False,0.07681,1.176,,5.96,1777915824
All Pools,MEOW - AVAX,0.3,False,0.07629,10609.0,,,1777915824
All Pools,HEFE - Always,0.3,False,0.07445,0.9555,,7.11,1777915824
All Pools,AVAX - Teste,0.3,False,0.07428,88.67,,0.08,1777915824
All Pools,BTC.b - MU,0.3,False,0.07421,11.5,,0.59,1777915824
All Pools,Now - Teste,0.3,False,0.07417,906.78,,0.01,1777915824
All Pools,WDAO - MIM,0.3,False,0.07373,23.66,,0.28,1777915824
All Pools,WDAO - AVAX,0.3,False,0.07371,19.87,,0.34,1777915824
All Pools,Necromancer - AVAX,0.3,False,0.07357,89.63,,0.07,1777915824
All Pools,Now - Necromancer,0.3,False,0.07343,905.22,,0.01,1777915824
All Pools,METAG - USDT.e,0.3,False,0.07317,49.73,,0.13,1777915824
All Pools,USDC - AMI,0.3,False,0.07127,0.67205,,9.68,1777915824
All Pools,WBTC.e - USDC.e,0.3,False,0.07074,9.097,,0.71,1777915824
All Pools,NotBrideOfChrist - AVAX,0.3,False,0.06965,69.11,,0.09,1777915824
All Pools,AVAX - Nala,0.3,False,0.0691,25.83,,0.24,1777915824
All Pools,Mungo - AVAX,0.3,False,0.06843,41.4,,0.15,1777915824
All Pools,DéjàVu - Mungo,0.3,False,0.06835,184.23,,0.03,1777915824
All Pools,bECH - AVAX,0.3,False,0.06724,21.64,,0.28,1777915824
All Pools,DogL - AVAX,0.3,False,0.06704,293.01,,0.02,1777915824
All Pools,Psychic - DogL,0.3,False,0.06691,318.88,,0.02,1777915824
All Pools,COQ - AMI,0.3,False,0.06634,14.27,,0.42,1777915824
All Pools,Psychic - Miller,0.3,False,0.06625,434.82,,0.01,1777915824
All Pools,MIM - AUSD,0.3,False,0.0661,35.0,,0.17,1777915824
All Pools,MIM - GG,0.3,False,0.06542,294.97,,0.02,1777915824
All Pools,AVAX - GG,0.3,False,0.06541,9.553,,0.62,1777915824
All Pools,UNIQOC - AVAX,0.3,False,0.06448,1144.03,,0.01,1777915824
All Pools,UNIQOC - COQ,0.3,False,0.0641,54.81,,0.11,1777915824
All Pools,CHAMP - AMI,0.3,False,0.06366,38.54,,0.15,1777915824
All Pools,AVAX - Sinterklaas,0.3,False,0.06345,139.51,,0.04,1777915824
All Pools,ElvisJackpot - BLACK,0.3,False,0.06289,17.7,,0.32,1777915824
All Pools,NotBrideOfChrist - Miller,0.3,False,0.06268,21820.0,,,1777915824
All Pools,Silver - AVAX,0.3,False,0.06261,88.22,,0.06,1777915824
All Pools,Silver - Now,0.3,False,0.06248,906.9,,0.01,1777915824
All Pools,FINANCE - NOCHILL,0.3,False,0.06185,445.76,,0.01,1777915824
All Pools,Light - AVAX,0.3,False,0.06184,90.17,,0.06,1777915824
All Pools,Psychic - Stolen,0.3,False,0.06179,85.72,,0.07,1777915824
All Pools,Light - Now,0.3,False,0.0617,910.53,,0.01,1777915824
All Pools,CNR - USDt,0.3,False,0.0613,4.853,,1.15,1777915824
All Pools,wMEMO - AVAX,0.3,False,0.06121,13.88,,0.4,1777915824
All Pools,AVAX - LuciferMorningstar,0.3,False,0.06082,14.59,,0.38,1777915824
All Pools,BrideOfChrist - BLACK,0.3,False,0.06046,33.25,,0.17,1777915824
All Pools,Slope - AVAX,0.3,False,0.05952,89.68,,0.06,1777915824
All Pools,Slope - Now,0.3,False,0.05938,903.68,,0.01,1777915824
All Pools,MIM - SPELL,0.3,False,0.05845,7.607,,0.7,1777915824
All Pools,Go - Sinterklaas,0.3,False,0.05835,1653.34,,0.0,1777915824
All Pools,wMEMO - MIM,0.3,False,0.05757,20.77,,0.25,1777915824
All Pools,ACS - USDC.e,0.3,False,0.05747,5.429,,0.97,1777915824
All Pools,USDR - USDC,0.3,False,0.05629,41.08,,0.13,1777915824
All Pools,MIM - GG,0.3,False,0.05562,23.38,,0.22,1777915824
All Pools,GG - AVAX,0.3,False,0.05561,12.36,,0.41,1777915824
All Pools,TickTock - AVAX,0.3,False,0.05526,89.5,,0.06,1777915824
All Pools,TickTock - Now,0.3,False,0.05515,903.96,,0.01,1777915824
All Pools,NineHundred - AVAX,0.3,False,0.05511,140.31,,0.04,1777915824
All Pools,MELT - USDC.e,0.3,False,0.05469,31.05,,0.16,1777915824
All Pools,UST - UST,0.3,False,0.0546,1.922,,2.59,1777915824
All Pools,MPL - USDt,0.3,False,0.05372,30.8,,0.16,1777915824
All Pools,MPL - AVAX,0.3,False,0.0537,6.214,,0.79,1777915824
All Pools,USDT.e - XAVA,0.3,False,0.05357,11.36,,0.43,1777915824
All Pools,FITFI - USDC,0.3,False,0.0532,0.44943,,10.8,1777915824
All Pools,AMI - JUICY,0.3,False,0.05198,0.9342,,5.08,1777915824
All Pools,Sanskrit - AVAX,0.3,False,0.05151,90.28,,0.05,1777915824
All Pools,Sanskrit - Now,0.3,False,0.0514,911.73,,0.01,1777915824
All Pools,Blue - AVAX,0.3,False,0.05092,263.0,,0.02,1777915824
All Pools,DUO - USDT.e,0.3,False,0.0507,7.284,,0.64,1777915824
All Pools,GOLD - AVAX,0.3,False,0.04973,0.0069,,657.8,1777915824
All Pools,meGNX - AVAX,0.3,False,0.0488,17.62,,0.25,1777915824
All Pools,JOE - ZUBAX,0.3,False,0.04876,9.179,,0.48,1777915824
All Pools,MaryMagdalene - BrideOfChrist,0.3,False,0.04866,120.09,,0.04,1777915824
All Pools,Stolen - AVAX,0.3,False,0.04777,17.74,,0.25,1777915824
All Pools,USDC.e - WOLF,0.3,False,0.04738,8.776,,0.49,1777915824
All Pools,AVAX - WOLF,0.3,False,0.04737,74.22,,0.06,1777915824
All Pools,Uncontractable - AVAX,0.3,False,0.04578,88.42,,0.05,1777915824
All Pools,Uncontractable - Now,0.3,False,0.04572,888.24,,0.0,1777915824
All Pools,MIM - NADO,0.3,False,0.04556,1164.64,,0.0,1777915824
All Pools,AVAX - NADO,0.3,False,0.04555,7.785,,0.53,1777915824
All Pools,REDWOLF - SOL,0.3,False,0.04551,75.66,,0.05,1777915824
All Pools,Chrism - ChristMark,0.3,False,0.04539,178.35,,0.02,1777915824
All Pools,RoselineBloodline - AVAX,0.3,False,0.04485,44.38,,0.09,1777915824
All Pools,FollowTheWhiteRabbit - RoselineBloodline,0.3,False,0.04484,41.13,,0.1,1777915824
All Pools,MELT - AVAX,0.3,False,0.04478,1144.31,,0.0,1777915824
All Pools,XAUt0 - ElvisJackpot,0.3,False,0.04393,326.76,,0.01,1777915824
All Pools,Trinity - Nala,0.3,False,0.04388,40.95,,0.1,1777915824
All Pools,MIM - LIFE,0.3,False,0.04345,66.98,,0.06,1777915824
All Pools,LIFE - AVAX,0.3,False,0.04345,7.258,,0.55,1777915824
All Pools,USDT.e - TMT,0.3,False,0.04322,26.03,,0.15,1777915824
All Pools,AVAX - TMT,0.3,False,0.04321,7.117,,0.55,1777915824
All Pools,USDC - WSPP,0.3,False,0.04317,44.04,,0.09,1777915824
All Pools,AVAX - WSPP,0.3,False,0.04317,3.001,,1.31,1777915824
All Pools,WORM - AVAX,0.3,False,0.04314,395.04,,0.01,1777915824
All Pools,MELT - USDC.e,0.3,False,0.04269,7.068,,0.55,1777915824
All Pools,NineHundred - Sinterklaas,0.3,False,0.04268,1653.65,,0.0,1777915824
All Pools,KrisKringle - AVAX,0.3,False,0.04254,26.24,,0.15,1777915824
All Pools,KrisKringle - Gravity,0.3,False,0.04252,77.71,,0.05,1777915824
All Pools,COQ - JUICY,0.3,False,0.0423,0.71681,,5.39,1777915824
All Pools,SURE - AVAX,0.3,False,0.04214,7.223,,0.53,1777915824
All Pools,Apollyon - AVAX,0.3,False,0.04211,36.63,,0.1,1777915824
All Pools,GOOD - GAINS,0.3,False,0.04208,3.784,,1.01,1777915824
All Pools,Apollyon - LuciferMorningstar,0.3,False,0.04206,233383649.0,,,1777915824
All Pools,GOOD - AVAX,0.3,False,0.0419,152.77,,0.03,1777915824
All Pools,Hydrogen - AVAX,0.3,False,0.04175,263.04,,0.01,1777915824
All Pools,TruthClosure - BLACK,0.3,False,0.04168,25.84,,0.15,1777915824
All Pools,WBTC.e - REDWOLF,0.3,False,0.04163,60.3,,0.06,1777915824
All Pools,BENSI - AMI,0.3,False,0.04163,3.36,,1.13,1777915824
All Pools,MIM - SBR,0.3,False,0.04103,39.67,,0.09,1777915824
All Pools,SBR - AVAX,0.3,False,0.04102,7.32,,0.51,1777915824
All Pools,Trinity - Stolen,0.3,False,0.04098,29.77,,0.13,1777915824
All Pools,ICUBE - USDT.e,0.3,False,0.04063,108.1,,0.03,1777915824
All Pools,ICUBE - AVAX,0.3,False,0.04061,6.377,,0.58,1777915824
All Pools,Gold - AVAX,0.3,False,0.04051,89.9,,0.04,1777915824
All Pools,Gold - Now,0.3,False,0.04043,907.78,,0.0,1777915824
All Pools,BNB - AVAX,0.3,False,0.04007,4111.17,,,1777915824
All Pools,aAvaLINK - meGNX,0.3,False,0.03978,10.6,,0.34,1777915824
All Pools,TEDDY - AVAX,0.3,False,0.03907,16.89,,0.21,1777915824
All Pools,AVAX - LYLY,0.3,False,0.03888,72.74,,0.05,1777915824
All Pools,LoveYou - Gravity,0.3,False,0.03873,56.95,,0.06,1777915824
All Pools,LoveYou - AVAX,0.3,False,0.03873,61.98,,0.06,1777915824
All Pools,FollowTheWhiteRabbit - Priory,0.3,False,0.03857,924.1,,0.0,1777915824
All Pools,Priory - AVAX,0.3,False,0.03854,77.39,,0.05,1777915824
All Pools,HOWDY - NOCHILL,0.3,False,0.03829,1.078,,3.24,1777915824
All Pools,USDC - MXNB,0.3,False,0.03766,27.43,,0.13,1777915824
All Pools,RUGPULL - MUG,0.3,False,0.03764,184.56,,0.02,1777915824
All Pools,AMI - TOPIA,0.3,False,0.03758,225.35,,0.02,1777915824
All Pools,Yellow - AVAX,0.3,False,0.03752,265.3,,0.01,1777915824
All Pools,Psychic - Blue,0.3,False,0.03743,81.97,,0.04,1777915824
All Pools,MIM - DAI.e,0.3,False,0.03737,52.46,,0.07,1777915824
All Pools,RACEX - MUG,0.3,False,0.03645,178.89,,0.02,1777915824
All Pools,USDT.e - BOREA,0.3,False,0.03567,26.5,,0.12,1777915824
All Pools,AVAX - BOREA,0.3,False,0.03564,6.691,,0.49,1777915824
All Pools,Four - AVAX,0.3,False,0.03542,74.78,,0.04,1777915824
All Pools,AVAX - SantaGospel,0.3,False,0.0353,134.06,,0.02,1777915824
All Pools,wALGO - AVAX,0.3,False,0.03482,163.81,,0.02,1777915824
All Pools,wALGO - USDC,0.3,False,0.03481,2.838,,1.12,1777915824
All Pools,gOHM - JOE,0.3,False,0.03465,3.903,,0.81,1777915824
All Pools,DrainTheSwamp - AVAX,0.3,False,0.03457,37.71,,0.08,1777915824
All Pools,LOST - AVAX,0.3,False,0.03381,1664.54,,0.0,1777915824
All Pools,REDWOLF - SHRAP,0.3,False,0.03363,1.159,,2.65,1777915824
All Pools,ELE - AVAX,0.3,False,0.03357,124.21,,0.02,1777915824
All Pools,OH - AVAX,0.3,False,0.03315,94.03,,0.03,1777915824
All Pools,ChristMark - ChristIAmYou,0.3,False,0.03168,25.97,,0.11,1777915824
All Pools,SHERPA - AVAX,0.3,False,0.03168,131.01,,0.02,1777915824
All Pools,WETH.e - USDR,0.3,False,0.03153,2.825,,1.02,1777915824
All Pools,VELAI - AVAX,0.3,False,0.03132,0.32639,,8.76,1777915824
All Pools,RUG - USDT.e,0.3,False,0.03129,14.76,,0.19,1777915824
All Pools,AVAX - Always,0.3,False,0.03119,0.60657,,4.69,1777915824
All Pools,FollowTheWhiteRabbit - StatueOfLiberty,0.3,False,0.03008,506.71,,0.01,1777915824
All Pools,StatueOfLiberty - AVAX,0.3,False,0.03005,14.8,,0.19,1777915824
All Pools,Milk - USDT.e,0.3,False,0.02966,14.45,,0.19,1777915824
All Pools,Milk - AVAX,0.3,False,0.02964,6.656,,0.41,1777915824
All Pools,AVAX - IMPACT,0.3,False,0.0293,6.307,,0.42,1777915824
All Pools,AVAX - Blessing,0.3,False,0.02928,80.26,,0.03,1777915824
All Pools,Now - Blessing,0.3,False,0.02923,805.99,,0.0,1777915824
All Pools,GMX - USDC,0.3,False,0.02887,0.9172,,2.87,1777915824
All Pools,FITFI - USDC.e,0.3,False,0.02855,0.24249,,10.74,1777915824
All Pools,PNG - REDWOLF,0.3,False,0.02827,4.327,,0.6,1777915824
All Pools,Psychic - Hydrogen,0.3,False,0.02821,82.34,,0.03,1777915824
All Pools,USDT.e - GOT,0.3,False,0.02805,12.85,,0.2,1777915824
All Pools,AVAX - GOT,0.3,False,0.02804,5.268,,0.49,1777915824
All Pools,USDt - IMPACT,0.3,False,0.0277,3.361,,0.75,1777915824
All Pools,Who - AVAX,0.3,False,0.02741,139.82,,0.02,1777915824
All Pools,WETH.e - yyAVAX,0.3,False,0.02716,19.58,,0.13,1777915824
All Pools,KOVIN - AVAX,0.3,False,0.02667,3208.58,,,1777915824
All Pools,USDC.e - SPADE,0.3,False,0.02656,16.16,,0.15,1777915824
All Pools,AVAX - SPADE,0.3,False,0.02655,6.074,,0.4,1777915824
All Pools,3ULL - AVAX,0.3,False,0.02651,47.48,,0.05,1777915824
All Pools,Trinity - Sinterklaas,0.3,False,0.02607,26.02,,0.09,1777915824
All Pools,CodexKennyMin - AVAX,0.3,False,0.02584,25.07,,0.09,1777915824
All Pools,BSGG - AVAX,0.3,False,0.02566,3.877,,0.6,1777915824
All Pools,USDC.e - UST,0.3,False,0.02536,1.771,,1.31,1777915824
All Pools,Psychic - Nala,0.3,False,0.02528,269.37,,0.01,1777915824
All Pools,Gravity - HustleTappers,0.3,False,0.02526,23.98,,0.1,1777915824
All Pools,AVAX - HustleTappers,0.3,False,0.02525,55.69,,0.04,1777915824
All Pools,USDT.e - AVVO,0.3,False,0.02518,4.066,,0.57,1777915824
All Pools,Psychic - SantaGospel,0.3,False,0.02516,73.45,,0.03,1777915824
All Pools,NOCHILL - ARENA,0.3,False,0.02512,0.4157,,5.51,1777915824
All Pools,Gravity - ChristMark,0.3,False,0.02483,15.38,,0.15,1777915824
All Pools,BTC.b - yyAVAX,0.3,False,0.02471,5.613,,0.4,1777915824
All Pools,XIO - USDC,0.3,False,0.02451,24.35,,0.09,1777915824
All Pools,XIO - AVAX,0.3,False,0.02451,2.809,,0.8,1777915824
All Pools,HIGHER - AMI,0.3,False,0.02445,3.325,,0.67,1777915824
All Pools,LoveIsTheKey - AVAX,0.3,False,0.02436,15.06,,0.15,1777915824
All Pools,AAVE.e - USDT.e,0.3,False,0.02414,2.599,,0.85,1777915824
All Pools,HIGHER - NOCHILL,0.3,False,0.02398,0.32577,,6.72,1777915824
All Pools,AVAX - Ouroboros,0.3,False,0.02387,21.78,,0.1,1777915824
All Pools,ARENA - MU,0.3,False,0.02386,3.351,,0.65,1777915824
All Pools,Psychic - Yellow,0.3,False,0.02385,82.59,,0.03,1777915824
All Pools,BTC.b - GMX,0.3,False,0.02366,1.588,,1.36,1777915824
All Pools,WhollySphere - Gravity,0.3,False,0.02358,22.87,,0.09,1777915824
All Pools,WhollySphere - AVAX,0.3,False,0.02357,50.9,,0.04,1777915824
All Pools,WOLF - USDT.e,0.3,False,0.02357,4.065,,0.53,1777915824
All Pools,WOLF - AVAX,0.3,False,0.02356,70.71,,0.03,1777915824
All Pools,SOB - AVAX,0.3,False,0.02352,555.78,,0.0,1777915824
All Pools,AVAX - LookingGlass,0.3,False,0.02345,16.2,,0.13,1777915824
All Pools,Gravity - McdonaldTrouped,0.3,False,0.02344,22.84,,0.09,1777915824
All Pools,McdonaldTrouped - AVAX,0.3,False,0.02343,50.83,,0.04,1777915824
All Pools,Gravity - LookingGlass,0.3,False,0.02339,182.56,,0.01,1777915824
All Pools,Wingdings - Gravity,0.3,False,0.02318,21.84,,0.1,1777915824
All Pools,Wingdings - AVAX,0.3,False,0.02318,50.97,,0.04,1777915824
All Pools,FollowTheWhiteRabbit - TruthClosure,0.3,False,0.02314,45.45,,0.05,1777915824
All Pools,AVAX - USDR,0.3,False,0.02304,2.997,,0.7,1777915824
All Pools,DrainTheSwamp - Gravity,0.3,False,0.02254,22.52,,0.09,1777915824
All Pools,WINK - MU,0.3,False,0.02237,0.47353,,4.31,1777915824
All Pools,USDC.e - RUG,0.3,False,0.02228,24.88,,0.08,1777915824
All Pools,SMRT - XAVA,0.3,False,0.02228,2.899,,0.7,1777915824
All Pools,YAK - JOE,0.3,False,0.02227,1.232,,1.65,1777915824
All Pools,GAINS - BOBS,0.3,False,0.0218,2.273,,0.87,1777915824
All Pools,AVAX - BOBS,0.3,False,0.02173,5526.26,,,1777915824
All Pools,MU - WAIFU,0.3,False,0.02155,100.1,,0.02,1777915824
All Pools,AVAX - EROL,0.0,False,0.02116,75.41,0.0,0.0,1777915824
All Pools,GAINS - Degen,0.3,False,0.0211,2.057,,0.94,1777915824
All Pools,BNZ - WINK,0.3,False,0.02108,0.43328,,4.44,1777915824
All Pools,Degen - AVAX,0.3,False,0.02103,2021.86,,,1777915824
All Pools,bCASH - LINK.e,0.3,False,0.0209,382.84,,0.0,1777915824
All Pools,QI - LYLY,0.3,False,0.02087,2.742,,0.69,1777915824
All Pools,3ULL - USDt,0.3,False,0.02032,2.518,,0.74,1777915824
All Pools,XOMB - USDT.e,0.3,False,0.02023,2.418,,0.76,1777915824
All Pools,CodexKennyMin - FollowTheWhiteRabbit,0.3,False,0.02023,21.76,,0.08,1777915824
All Pools,XOMB - AVAX,0.3,False,0.02022,21.53,,0.09,1777915824
All Pools,ARA - AVAX,0.3,False,0.02021,2.851,,0.65,1777915824
All Pools,BGLD - USDT.e,0.3,False,0.02019,16.96,,0.11,1777915824
All Pools,BGLD - AVAX,0.3,False,0.02019,4.386,,0.42,1777915824
All Pools,WOLF - MU,0.3,False,0.02016,5.191,,0.35,1777915824
All Pools,HIGHER - HOWDY,0.3,False,0.02006,1.526,,1.2,1777915824
All Pools,AVAX - SwiftTaylor,0.3,False,0.01992,14.72,,0.12,1777915824
All Pools,CNR - AVAX,0.3,False,0.01989,61.86,,0.03,1777915824
All Pools,FatherChristmas - AVAX,0.3,False,0.01983,53.78,,0.03,1777915824
All Pools,FatherChristmas - Gravity,0.3,False,0.01979,21.79,,0.08,1777915824
All Pools,Satoshi - Gravity,0.3,False,0.01975,54.84,,0.03,1777915824
All Pools,Satoshi - AVAX,0.3,False,0.01974,19.18,,0.09,1777915824
All Pools,TRYB - USDC.e,0.3,False,0.01972,31.51,,0.06,1777915824
All Pools,MUMO - USDC,0.3,False,0.01967,8.281,,0.22,1777915824
All Pools,Gravity - Vaccinations,0.3,False,0.01963,61.57,,0.03,1777915824
All Pools,AVAX - Vaccinations,0.3,False,0.01963,18.43,,0.1,1777915824
All Pools,Gravity - Nakamoto,0.3,False,0.01954,61.74,,0.03,1777915824
All Pools,Nakamoto - AVAX,0.3,False,0.01954,18.44,,0.1,1777915824
All Pools,COQ - REDWOLF,0.3,False,0.01948,12.49,,0.14,1777915824
All Pools,COQ - KOVIN,0.3,False,0.01937,13.07,,0.14,1777915824
All Pools,AVAX - TT,0.3,False,0.01921,1.937,,0.91,1777915824
All Pools,MerryChristmas - Gravity,0.3,False,0.01913,61.78,,0.03,1777915824
All Pools,MerryChristmas - AVAX,0.3,False,0.01913,18.47,,0.09,1777915824
All Pools,BTC.b - MUMO,0.3,False,0.0191,4.87,,0.36,1777915824
All Pools,KOKSAL - USDC,0.3,False,0.01879,4.778,,0.36,1777915824
All Pools,KOKSAL - AVAX,0.3,False,0.01879,3.553,,0.48,1777915824
All Pools,TruthClosure - AVAX,0.3,False,0.01856,11.64,,0.15,1777915824
All Pools,Stolen - BLACK,0.3,False,0.01826,5.396,,0.31,1777915824
All Pools,KIWI - USDt,0.3,False,0.01819,20.52,,0.08,1777915824
All Pools,COQ - LYLY,0.3,False,0.01807,15.38,,0.11,1777915824
All Pools,Four - Found,0.3,False,0.01773,1847.7,,,1777915824
All Pools,GAINS - COQ,0.3,False,0.01767,2.052,,0.79,1777915824
All Pools,AVAX - DUA,0.3,False,0.01747,2.087,,0.76,1777915824
All Pools,DUA - USDC,0.3,False,0.01746,11.62,,0.14,1777915824
All Pools,USDT.e - iBONE,0.3,False,0.01746,4.822,,0.33,1777915824
All Pools,AVAX - iBONE,0.3,False,0.01746,5.443,,0.29,1777915824
All Pools,ILoveYouWordSpell - AVAX,0.3,False,0.01745,18.3,,0.09,1777915824
All Pools,ILoveYouWordSpell - Gravity,0.3,False,0.01744,101.83,,0.02,1777915824
All Pools,SodomAndGomorrah - AVAX,0.3,False,0.01741,19.31,,0.08,1777915824
All Pools,Trinity - SodomAndGomorrah,0.3,False,0.0174,22.66,,0.07,1777915824
All Pools,WalkTheWalkNowJesus - Gravity,0.3,False,0.01719,25.33,,0.06,1777915824
All Pools,WalkTheWalkNowJesus - AVAX,0.3,False,0.01719,24.91,,0.06,1777915824
All Pools,COQ - MU,0.3,False,0.01711,4.603,,0.34,1777915824
All Pools,GRELF[ava] - AVAX,0.3,False,0.01701,1159.53,,0.0,1777915824
All Pools,AVAX - LAST,0.3,False,0.017,1050.62,,0.0,1777915824
All Pools,AVAX - QUASI,0.3,False,0.0167,593.52,,0.0,1777915824
All Pools,GAINS - QUASI,0.3,False,0.01663,1.423,,1.07,1777915824
All Pools,MU - COQAI,0.3,False,0.01654,6.557,,0.23,1777915824
All Pools,HCT - AVAX,0.3,False,0.01636,3.387,,0.44,1777915824
All Pools,REDWOLF - ODDZ,0.3,False,0.0162,1.549,,0.95,1777915824
All Pools,ZH - JOE,0.3,False,0.01619,2.848,,0.52,1777915824
All Pools,ZH - USDC.e,0.3,False,0.01619,22.99,,0.06,1777915824
All Pools,Trinity - Yeshua,0.3,False,0.01563,34.57,,0.04,1777915824
All Pools,AVAX - Yeshua,0.3,False,0.01562,29.48,,0.05,1777915824
All Pools,WETH.e - MU,0.3,False,0.01524,2.085,,0.67,1777915824
All Pools,ARENA - AMI,0.3,False,0.01495,1.407,,0.97,1777915824
All Pools,AVAX - GematrixDotOrg,0.3,False,0.01479,16.67,,0.08,1777915824
All Pools,Gravity - GematrixDotOrg,0.3,False,0.01476,12.91,,0.1,1777915824
All Pools,QI - REDWOLF,0.3,False,0.01468,1.599,,0.84,1777915824
All Pools,RUGG - AVAX,0.3,False,0.01454,351.73,,0.0,1777915824
All Pools,Psychic - Go,0.3,False,0.01437,73.71,,0.02,1777915824
All Pools,BTC.b - SOB,0.3,False,0.01431,1.137,,1.15,1777915824
All Pools,SUB - AVAX,0.3,False,0.01422,21.01,,0.06,1777915824
All Pools,LUNA - USDC,0.3,False,0.0141,1.41,,0.91,1777915824
All Pools,USDC - COSMIC,0.3,False,0.01409,54.57,,0.02,1777915824
All Pools,AVAX - COSMIC,0.3,False,0.01408,1.261,,1.02,1777915824
All Pools,Psychic - Who,0.3,False,0.01404,74.19,,0.02,1777915824
All Pools,LoveIsTheKey - FollowTheWhiteRabbit,0.3,False,0.01391,64.25,,0.02,1777915824
All Pools,Strength - BLACK,0.3,False,0.01388,4.797,,0.26,1777915824
All Pools,Go - BLACK,0.3,False,0.01385,4.792,,0.26,1777915824
All Pools,AVAX - Wormwood,0.3,False,0.0138,17.14,,0.07,1777915824
All Pools,Gravity - Wormwood,0.3,False,0.0138,15.33,,0.08,1777915824
All Pools,AVAX - WOHM,0.3,False,0.01376,3.388,,0.37,1777915824
All Pools,MIM - WOHM,0.3,False,0.01375,86.07,,0.01,1777915824
All Pools,KIMBO - GAINS,0.3,False,0.01374,1.376,,0.91,1777915824
All Pools,AVAX - SantaClaus,0.3,False,0.01372,24.81,,0.05,1777915824
All Pools,Gravity - SantaClaus,0.3,False,0.01371,11.85,,0.11,1777915824
All Pools,USDV - REDWOLF,0.3,False,0.01367,18.21,,0.07,1777915824
All Pools,Yellow - BLACK,0.3,False,0.01364,4.822,,0.26,1777915824
All Pools,AVAX - LoveWins,0.3,False,0.01352,7.823,,0.16,1777915824
All Pools,FollowTheWhiteRabbit - LoveWins,0.3,False,0.01352,150.57,,0.01,1777915824
All Pools,AVAX - LODE,0.3,False,0.01352,1.035,,1.19,1777915824
All Pools,Hydrogen - BLACK,0.3,False,0.01349,4.837,,0.25,1777915824
All Pools,USDC - USDT.e,0.3,False,0.01344,154.84,,0.01,1777915824
All Pools,Blue - BLACK,0.3,False,0.01342,4.838,,0.25,1777915824
All Pools,XAVA - HON,0.3,False,0.01336,1.88,,0.65,1777915824
All Pools,Who - BLACK,0.3,False,0.01335,4.786,,0.25,1777915824
All Pools,MIM - RUG,0.3,False,0.01335,22.9,,0.05,1777915824
All Pools,3AC - NOCHILL,0.3,False,0.01329,0.17462,,6.95,1777915824
All Pools,Gravity - Ouroboros,0.3,False,0.01324,30.33,,0.04,1777915824
All Pools,AVAX - ETH,0.3,False,0.01321,16.74,,0.07,1777915824
All Pools,aAvaLINK - LINK.e,0.3,False,0.01313,1.886,,0.64,1777915824
All Pools,aDXN - AVAX,0.3,False,0.0131,3.685,,0.32,1777915824
All Pools,Trinity - SwiftTaylor,0.3,False,0.01292,17.7,,0.07,1777915824
All Pools,QI - USDC.e,0.3,False,0.01289,0.81721,,1.44,1777915824
All Pools,TokenZ - USDC,0.3,False,0.01272,3.765,,0.31,1777915824
All Pools,TokenZ - AVAX,0.3,False,0.01271,2.401,,0.48,1777915824
All Pools,CAI - AMI,0.3,False,0.01268,0.51858,,2.23,1777915824
All Pools,AVAX - GrinchKidAfflict,0.3,False,0.01267,43.52,,0.03,1777915824
All Pools,ValentinMidwifes - Gravity,0.3,False,0.01267,38.89,,0.03,1777915824
All Pools,Gravity - GrinchKidAfflict,0.3,False,0.01266,9.098,,0.13,1777915824
All Pools,NineHundred - BLACK,0.3,False,0.01246,4.806,,0.24,1777915824
All Pools,DrainTheSwamp - FollowTheWhiteRabbit,0.3,False,0.01203,10.93,,0.1,1777915824
All Pools,AVAX - BAVA,0.3,False,0.01171,11.43,,0.09,1777915824
All Pools,WETH.e - STATIK,0.3,False,0.0115,1.377,,0.76,1777915824
All Pools,AVAX - MUG,0.3,False,0.01145,1.22,,0.86,1777915824
All Pools,Anon - USDC,0.3,False,0.01142,1.04,,1.0,1777915824
All Pools,Orange - BLACK,0.3,False,0.01116,4.083,,0.25,1777915824
All Pools,Wormhole - AVAX,0.3,False,0.01116,104.34,,0.01,1777915824
All Pools,Trinity - Wormhole,0.3,False,0.01115,6.184,,0.16,1777915824
All Pools,AVAX - EROL,0.3,False,0.01112,39.84,,0.03,1777915824
All Pools,Orem - AVAX,0.3,False,0.01095,104.43,,0.01,1777915824
All Pools,Trinity - Orem,0.3,False,0.01094,6.189,,0.16,1777915824
All Pools,COQ - MCV,0.3,False,0.01085,9.813,,0.1,1777915824
All Pools,MCV - AVAX,0.3,False,0.01082,402.27,,0.0,1777915824
All Pools,JOE - USDt,0.3,False,0.01076,0.84578,,1.16,1777915824
All Pools,AVAX - DWC,0.3,False,0.01053,6062.05,,,1777915824
All Pools,LoveIsTheKey - BLACK,0.3,False,0.01047,7.922,,0.12,1777915824
All Pools,BNZ - AVAX,0.3,False,0.01045,62.43,,0.02,1777915824
All Pools,Psychic - Turtle,0.3,False,0.01041,61.38,,0.02,1777915824
All Pools,AVAX - EDG,0.3,False,0.0104,3.144,,0.3,1777915824
All Pools,MIM - EDG,0.3,False,0.01039,7.858,,0.12,1777915824
All Pools,Chrism - BLACK,0.3,False,0.01038,2.378,,0.4,1777915824
All Pools,GAINS - MEAT,0.3,False,0.01033,0.99168,,0.95,1777915824
All Pools,AVAX - OK,0.3,False,0.01014,1.962,,0.47,1777915824
All Pools,AVAX - NORTH,0.3,False,0.01013,2.122,,0.44,1777915824
All Pools,USDT.e - NORTH,0.3,False,0.01011,26.73,,0.03,1777915824
All Pools,BLACK - SantaGospel,0.3,False,0.01008,4.761,,0.19,1777915824
All Pools,FTOMB - AVAX,0.3,False,0.01005,10318.0,,,1777915824
All Pools,ACS - USDt,0.3,False,0.00988,0.98065,,0.92,1777915824
All Pools,DivineFeminine - ValentinMidwifes,0.3,False,0.00987,40.95,,0.02,1777915824
All Pools,CATWIF - MAJIN,0.3,False,0.00979,0.85655,,1.04,1777915824
All Pools,XETA - AVAX,0.3,False,0.0096,0.24697,,3.55,1777915824
All Pools,TRACTOR - USDT.e,0.3,False,0.00958,1.984,,0.44,1777915824
All Pools,Psychic - Mirror,0.3,False,0.00949,61.34,,0.01,1777915824
All Pools,JOE - QI,0.3,False,0.00948,0.9538,,0.91,1777915824
All Pools,APOW - MU,0.3,False,0.00934,3.533,,0.24,1777915824
All Pools,aDXN - aXEN,0.3,False,0.00934,0.6265,,1.36,1777915824
All Pools,wsOHM - OTWO,0.3,False,0.00919,3.65,,0.23,1777915824
All Pools,gOHM - OTWO,0.3,False,0.0091,88716.0,,,1777915824
All Pools,AVAX - VYBE,0.3,False,0.00904,3.283,,0.25,1777915824
All Pools,MIM - VYBE,0.3,False,0.00903,3.734,,0.22,1777915824
All Pools,YAK - SPORE,0.3,False,0.00891,6.251,,0.13,1777915824
All Pools,MU - SOL,0.3,False,0.0089,1.334,,0.61,1777915824
All Pools,AVAX - TUSK,0.3,False,0.0088,2.499,,0.32,1777915824
All Pools,USDC.e - TUSK,0.3,False,0.00879,9.728,,0.08,1777915824
All Pools,AUSD - HUSKY,0.3,False,0.00872,0.76472,,1.04,1777915824
All Pools,Trinity - FourFourFour,0.3,False,0.00864,4.96,,0.16,1777915824
All Pools,USDC.e - BAVA,0.3,False,0.00858,2.946,,0.27,1777915824
All Pools,COQ - SNP,0.3,False,0.00855,26.71,,0.03,1777915824
All Pools,SYN - USDC.e,0.3,False,0.00854,1.22,,0.64,1777915824
All Pools,SNP - AVAX,0.3,False,0.00853,11.63,,0.07,1777915824
All Pools,GAINS - DWC,0.3,False,0.00845,0.98447,,0.78,1777915824
All Pools,AVAX - HOST,0.3,False,0.00845,1.951,,0.4,1777915824
All Pools,VSO - AVAX,0.3,False,0.00834,97.85,,0.01,1777915824
All Pools,KOVIN - MU,0.3,False,0.00822,3.082,,0.24,1777915824
All Pools,XPOW - AVAX,0.3,False,0.00818,119.73,,0.01,1777915824
All Pools,XPOW - USDt,0.3,False,0.00817,1.395,,0.53,1777915824
All Pools,BENIS - AVAX,0.3,False,0.00811,15.63,,0.05,1777915824
All Pools,HOST - DAI.e,0.3,False,0.00808,2.998,,0.25,1777915824
All Pools,AVAX - Kryptonite,0.3,False,0.00795,104.1,,0.01,1777915824
All Pools,GAINS - BAWLS,0.3,False,0.00793,0.93202,,0.78,1777915824
All Pools,Trinity - Kryptonite,0.3,False,0.00793,6.196,,0.12,1777915824
All Pools,WBTC.e - USDC,0.3,False,0.00791,0.21131,,3.42,1777915824
All Pools,Psychic - Oracle,0.3,False,0.00791,61.38,,0.01,1777915824
All Pools,BAWLS - AVAX,0.3,False,0.0079,16.56,,0.04,1777915824
All Pools,AAVE.e - USDC.e,0.3,False,0.00789,1.258,,0.57,1777915824
All Pools,AI9000 - AVAX,0.3,False,0.00782,304.73,,0.0,1777915824
All Pools,GAINS - KONG,0.3,False,0.00774,0.76117,,0.93,1777915824
All Pools,Psychic - Penny,0.3,False,0.00771,61.38,,0.01,1777915824
All Pools,AprilFoolsDay - AVAX,0.3,False,0.00768,104.27,,0.01,1777915824
All Pools,Trinity - AprilFoolsDay,0.3,False,0.00767,6.209,,0.11,1777915824
All Pools,AVAX - AXIAL,0.3,False,0.00764,1040.38,,,1777915824
All Pools,LUNA - USDt,0.3,False,0.00763,1.337,,0.52,1777915824
All Pools,AKA - AVAX,0.3,False,0.00754,2.273,,0.3,1777915824
All Pools,AKA - USDt,0.3,False,0.00754,2.923,,0.24,1777915824
All Pools,COQ - ARENA,0.3,False,0.00736,1.248,,0.54,1777915824
All Pools,LUNA - USDC,0.3,False,0.00735,0.12868,,5.21,1777915824
All Pools,WITCH - AVAX,0.3,False,0.00728,2.776,,0.24,1777915824
All Pools,WITCH - USDC,0.3,False,0.00728,1.718,,0.39,1777915824
All Pools,Psychic - daVinci,0.3,False,0.00714,61.37,,0.01,1777915824
All Pools,Psychic - Gematria,0.3,False,0.00713,61.38,,0.01,1777915824
All Pools,Psychic - RefZip,0.3,False,0.00712,61.37,,0.01,1777915824
All Pools,JOE - aXEN,0.3,False,0.00711,0.2434,,2.67,1777915824
All Pools,Psychic - Qubit,0.3,False,0.0071,61.33,,0.01,1777915824
All Pools,Psychic - Blessings,0.3,False,0.00708,61.34,,0.01,1777915824
All Pools,Psychic - IAmThatIAm,0.3,False,0.00706,61.38,,0.01,1777915824
All Pools,Psychic - Confusion,0.3,False,0.00705,61.37,,0.01,1777915824
All Pools,NotBrideOfChrist - SwiftTaylor,0.3,False,0.00701,51.8,,0.01,1777915824
All Pools,Psychic - TrumpCard,0.3,False,0.00699,61.39,,0.01,1777915824
All Pools,Choice - Psychic,0.3,False,0.00698,61.34,,0.01,1777915824
All Pools,Psychic - YouAndI,0.3,False,0.00694,61.37,,0.01,1777915824
All Pools,DCAR - AVAX,0.3,False,0.00689,1.1,,0.57,1777915824
All Pools,DCAR - USDC,0.3,False,0.00688,55.81,,0.01,1777915824
All Pools,Loyalty - Psychic,0.3,False,0.00686,61.34,,0.01,1777915824
All Pools,STOMB - AVAX,0.3,False,0.00683,7955.38,,,1777915824
All Pools,Psychic - BiTonic,0.3,False,0.00681,61.38,,0.01,1777915824
All Pools,Psychic - TheArcher,0.3,False,0.00681,61.37,,0.01,1777915824
All Pools,MU - MUG,0.3,False,0.00679,2445.52,,,1777915824
All Pools,Psychic - Artemis,0.3,False,0.00678,61.32,,0.01,1777915824
All Pools,USDC - MU,0.3,False,0.00665,0.34442,,1.76,1777915824
All Pools,LYD - REDWOLF,0.3,False,0.00661,4.811,,0.13,1777915824
All Pools,YAK - USDT.e,0.3,False,0.00659,0.55197,,1.09,1777915824
All Pools,Psychic - Six,0.3,False,0.00657,61.37,,0.01,1777915824
All Pools,GAINS - TECH,0.3,False,0.00654,0.61883,,0.96,1777915824
All Pools,Psychic - Nine,0.3,False,0.00654,61.35,,0.01,1777915824
All Pools,Psychic - ElmoSunkGematria,0.3,False,0.00652,61.39,,0.01,1777915824
All Pools,Spider - Psychic,0.3,False,0.0065,61.33,,0.01,1777915824
All Pools,Psychic - Zero,0.3,False,0.00648,61.35,,0.01,1777915824
All Pools,NXPC - USDC,0.3,False,0.00643,0.7216,,0.81,1777915824
All Pools,USV - AVAX,0.3,False,0.0064,1.157,,0.5,1777915824
All Pools,gOHM - USDT.e,0.3,False,0.00632,0.60117,,0.96,1777915824
All Pools,Psychic - Lock,0.3,False,0.00631,61.36,,0.01,1777915824
All Pools,MIM - SMRT,0.3,False,0.0063,1.671,,0.34,1777915824
All Pools,ABC - AMI,0.3,False,0.00629,3.983,,0.14,1777915824
All Pools,SNTA - MIM,0.3,False,0.00622,0.99687,,0.57,1777915824
All Pools,Psychic - KekiusMaximus,0.3,False,0.0062,61.38,,0.01,1777915824
All Pools,GMX - USDt,0.3,False,0.00618,0.38044,,1.48,1777915824
All Pools,Psychic - SevenSevenSeven,0.3,False,0.00617,61.38,,0.01,1777915824
All Pools,Psychic - BirthingCode,0.3,False,0.0061,61.38,,0.01,1777915824
All Pools,Flection - Psychic,0.3,False,0.00607,61.38,,0.01,1777915824
All Pools,Psychic - LordJesusChrist,0.3,False,0.00602,58.8,,0.01,1777915824
All Pools,Psychic - Diamonds,0.3,False,0.006,61.37,,0.01,1777915824
All Pools,Psychic - Numbers,0.3,False,0.00595,61.37,,0.01,1777915824
All Pools,SYN - REDWOLF,0.3,False,0.00594,2.625,,0.21,1777915824
All Pools,Psychic - Crypt,0.3,False,0.00591,61.33,,0.01,1777915824
All Pools,USDC - OK,0.3,False,0.0059,1.187,,0.45,1777915824
All Pools,GAINS - KOVIN,0.3,False,0.00589,0.6519,,0.82,1777915824
All Pools,Psychic - Luck,0.3,False,0.00589,61.38,,0.01,1777915824
All Pools,GMX - JOE,0.3,False,0.00588,0.43109,,1.24,1777915824
All Pools,Psychic - Thick,0.3,False,0.00587,61.35,,0.01,1777915824
All Pools,Psychic - Bonfire,0.3,False,0.00587,61.37,,0.01,1777915824
All Pools,Psychic - PennyTrinity,0.3,False,0.00585,61.39,,0.01,1777915824
All Pools,AVAX - Gaza,0.3,False,0.0058,3.204,,0.17,1777915824
All Pools,Psychic - [In]finity,0.3,False,0.00579,61.35,,0.01,1777915824
All Pools,Trinity - Gaza,0.3,False,0.00579,3.767,,0.14,1777915824
All Pools,Psychic - WhoWhoWho,0.3,False,0.00577,61.34,,0.01,1777915824
All Pools,Psychic - Alphabet,0.3,False,0.00568,61.39,,0.01,1777915824
All Pools,SatoshiNakamoto - Psychic,0.3,False,0.00566,61.37,,0.01,1777915824
All Pools,Psychic - Sequence,0.3,False,0.00564,61.38,,0.01,1777915824
All Pools,AVAI - USDC.e,0.3,False,0.00561,33.68,,0.02,1777915824
All Pools,MIM - SDOG,0.3,False,0.00561,319.1,,0.0,1777915824
All Pools,AVAX - WINE,0.3,False,0.0056,0.66874,,0.76,1777915824
All Pools,CodexKennyMin - Gravity,0.3,False,0.0056,21.34,,0.02,1777915824
All Pools,KIMBO - KOVIN,0.3,False,0.00559,5.323,,0.1,1777915824
All Pools,USDC.e - SMRT,0.3,False,0.00554,2.218,,0.23,1777915824
All Pools,DWC - MU,0.3,False,0.00554,3.485,,0.15,1777915824
All Pools,Psychic - Codes,0.3,False,0.00554,61.38,,0.01,1777915824
All Pools,CATWIF - MU,0.3,False,0.00552,3.616,,0.14,1777915824
All Pools,Psychic - Architect,0.3,False,0.00546,61.38,,0.01,1777915824
All Pools,TEMPO - AVAX,0.3,False,0.00545,1.071,,0.46,1777915824
All Pools,MIM - TEMPO,0.3,False,0.00544,6.679,,0.07,1777915824
All Pools,AVAX - WISE,0.3,False,0.00544,2.821,,0.18,1777915824
All Pools,Psychic - OneOneOne,0.3,False,0.00543,61.37,,0.01,1777915824
All Pools,USDC.e - WISE,0.3,False,0.00543,7.14,,0.07,1777915824
All Pools,Psychic - Gematria,0.3,False,0.00539,61.38,,0.01,1777915824
All Pools,Psychic - TwinFlames,0.3,False,0.00538,62.07,,0.01,1777915824
All Pools,Psychic - Verse,0.3,False,0.00537,61.34,,0.01,1777915824
All Pools,Psychic - Solved,0.3,False,0.00532,61.37,,0.01,1777915824
All Pools,Eye - Psychic,0.3,False,0.00532,61.38,,0.01,1777915824
All Pools,Hollywood - Ouroboros,0.3,False,0.00531,13.04,,0.04,1777915824
All Pools,3ULL - USDC,0.3,False,0.00529,0.65091,,0.74,1777915824
All Pools,Psychic - Finish,0.3,False,0.00527,61.34,,0.01,1777915824
All Pools,Psychic - Line,0.3,False,0.00524,62.14,,0.01,1777915824
All Pools,MEOW - MU,0.3,False,0.00521,1.578,,0.3,1777915824
All Pools,FiveTwelveThirteen - AVAX,0.3,False,0.00521,5.22,,0.09,1777915824
All Pools,ElkeNevusRome - AVAX,0.3,False,0.00521,13.09,,0.04,1777915824
All Pools,GG - AVAX,0.3,False,0.0052,0.16518,,2.87,1777915824
All Pools,COQ - MICRO,0.3,False,0.0052,3.776,,0.13,1777915824
All Pools,ElkeNevusRome - Gravity,0.3,False,0.00519,4.935,,0.1,1777915824
All Pools,FiveTwelveThirteen - Gravity,0.3,False,0.00519,6.851,,0.07,1777915824
All Pools,ETHM - AVAX,0.3,False,0.00518,27.42,,0.02,1777915824
All Pools,AVAX - MICRO,0.3,False,0.00518,23.91,,0.02,1777915824
All Pools,USDC - LODE,0.3,False,0.00513,881.47,,,1777915824
All Pools,WLRS - USDC,0.3,False,0.00501,4.01,,0.11,1777915824
All Pools,WINK - AMI,0.3,False,0.00499,0.10827,,4.21,1777915824
All Pools,GURS - ARENA,0.3,False,0.0049,7.472,,0.06,1777915824
All Pools,TrueLove - AVAX,0.3,False,0.0048,12.95,,0.03,1777915824
All Pools,TrueLove - Gravity,0.3,False,0.00479,4.88,,0.09,1777915824
All Pools,WernherVonBraun - AVAX,0.3,False,0.00474,2.093,,0.21,1777915824
All Pools,Trinity - WernherVonBraun,0.3,False,0.00473,18401.0,,,1777915824
All Pools,BEAM - MU,0.3,False,0.0047,1.084,,0.4,1777915824
All Pools,AI9000 - USDt,0.3,False,0.00469,0.90111,,0.48,1777915824
All Pools,JOE - REDWOLF,0.3,False,0.00467,3.998,,0.11,1777915824
All Pools,RGOGLZ - AVAX,0.3,False,0.00464,4.13,,0.1,1777915824
All Pools,JPYC - AVAX,0.3,False,0.00461,0.27688,,1.52,1777915824
All Pools,AMI - MU,0.3,False,0.00453,1.72,,0.24,1777915824
All Pools,ETHM - DAI.e,0.3,False,0.00447,0.67475,,0.6,1777915824
All Pools,KR - AVAX,0.3,False,0.00442,1.708,,0.24,1777915824
All Pools,KR - USDC.e,0.3,False,0.0044,11.48,,0.04,1777915824
All Pools,REDWOLF - GEC,0.3,False,0.00431,3.982,,0.1,1777915824
All Pools,TT - DAI.e,0.3,False,0.0043,1.917,,0.2,1777915824
All Pools,MIM - YAK,0.3,False,0.00428,0.42728,,0.92,1777915824
All Pools,Psychic - Number,0.3,False,0.00419,61.39,,0.01,1777915824
All Pools,Psychic - Vampire,0.3,False,0.00418,61.38,,0.01,1777915824
All Pools,AAVE.e - meGNX,0.3,False,0.00417,4.044,,0.09,1777915824
All Pools,Psychic - Aquarius,0.3,False,0.00417,61.35,,0.01,1777915824
All Pools,SYN - USDT.e,0.3,False,0.00399,0.65278,,0.56,1777915824
All Pools,Psychic - TrueStory,0.3,False,0.00397,61.38,,0.01,1777915824
All Pools,AVAX - PAR,0.3,False,0.00396,2.403,,0.15,1777915824
All Pools,MIM - PAR,0.3,False,0.00395,1.923,,0.19,1777915824
All Pools,Lightworker - AVAX,0.3,False,0.00395,2.75,,0.13,1777915824
All Pools,GRAPE - AVAX,0.3,False,0.00394,0.88394,,0.41,1777915824
All Pools,Gravity - Lightworker,0.3,False,0.00394,53.16,,0.01,1777915824
All Pools,Evergreen - AVAX,0.3,False,0.00393,25.42,,0.01,1777915824
All Pools,Evergreen - Gravity,0.3,False,0.00392,4.748,,0.08,1777915824
All Pools,Psychic - Seminole,0.3,False,0.00389,61.34,,0.01,1777915824
All Pools,YEEHAW - ARENA,0.3,False,0.00389,2.366,,0.15,1777915824
All Pools,Psychic - PoPo,0.3,False,0.00386,61.38,,0.01,1777915824
All Pools,Psychic - James,0.3,False,0.00382,61.39,,0.01,1777915824
All Pools,RUGPULL - AVAX,0.3,False,0.00381,2.973,,0.12,1777915824
All Pools,Psychic - FinityFinity,0.3,False,0.0038,61.39,,0.01,1777915824
All Pools,gOHM - USDC.e,0.3,False,0.00379,0.30601,,1.13,1777915824
All Pools,EHCNALAVA - AVAX,0.3,False,0.00379,1515.33,,,1777915824
All Pools,COQ - ZUM,0.3,False,0.00379,1.127,,0.31,1777915824
All Pools,KIMBO - EHCNALAVA,0.3,False,0.00379,2.848,,0.12,1777915824
All Pools,SaintGermain - BLACK,0.3,False,0.00376,2.488,,0.14,1777915824
All Pools,SYN - WETH.e,0.3,False,0.00373,0.68098,,0.5,1777915824
All Pools,Psychic - QuetzalCoatl,0.3,False,0.00373,61.38,,0.01,1777915824
All Pools,Trinity - IfYouKnowYouKnow,0.3,False,0.00371,5.016,,0.07,1777915824
All Pools,KIMBO - COQ,0.3,False,0.00371,1.706,,0.2,1777915824
All Pools,WETH.e - meGNX,0.3,False,0.00367,6.687,,0.05,1777915824
All Pools,YETI - WINE,0.3,False,0.00362,1.45,,0.23,1777915824
All Pools,YETI - AVAX,0.3,False,0.00361,948.26,,,1777915824
All Pools,SMRTr - USDT.e,0.3,False,0.00358,1.318,,0.25,1777915824
All Pools,Psychic - Checkmate,0.3,False,0.00351,61.52,,0.01,1777915824
All Pools,Psychic - Equal,0.3,False,0.00347,61.38,,0.01,1777915824
All Pools,Psychic - Abracadabra,0.3,False,0.00345,61.36,,0.01,1777915824
All Pools,WETH.e - HOWDY,0.3,False,0.00344,1.063,,0.3,1777915824
All Pools,MIM - DUNEV3,0.3,False,0.00343,66822.0,,,1777915824
All Pools,Psychic - PlotTwist,0.3,False,0.00341,62.75,,0.0,1777915824
All Pools,Psychic - WhoWho,0.3,False,0.00334,61.38,,0.0,1777915824
All Pools,MIM - ICE,0.3,False,0.0033,0.99974,,0.3,1777915824
All Pools,STG - JOE,0.3,False,0.00326,0.17104,,1.74,1777915824
All Pools,EGG - AVAX,0.3,False,0.00326,1.709,,0.17,1777915824
All Pools,Psychic - KatzJoel,0.3,False,0.00325,61.35,,0.0,1777915824
All Pools,EGG - USDT.e,0.3,False,0.00324,1.991,,0.15,1777915824
All Pools,USDt - USDC.e,0.3,False,0.00323,14.24,,0.02,1777915824
All Pools,ELXR - USDC.e,0.3,False,0.00321,1096.69,,,1777915824
All Pools,Psychic - Hexagon,0.3,False,0.00318,61.38,,0.0,1777915824
All Pools,COQWIF - AVAX,0.3,False,0.00313,6514.75,,,1777915824
All Pools,WBTC.e - MU,0.3,False,0.00312,0.73162,,0.39,1777915824
All Pools,AI9000 - MU,0.3,False,0.00312,1.279,,0.22,1777915824
All Pools,Wizard - AVAX,0.3,False,0.00311,4.488,,0.06,1777915824
All Pools,CRAFT - USDC.e,0.3,False,0.00309,0.86855,,0.32,1777915824
All Pools,Wizard - Gravity,0.3,False,0.00309,0.85704,,0.33,1777915824
All Pools,JOE - aDXN,0.3,False,0.00301,0.83882,,0.33,1777915824
All Pools,CATWIF - REDWOLF,0.3,False,0.00299,0.97751,,0.28,1777915824
All Pools,Sovereignty - AVAX,0.3,False,0.00295,4.506,,0.06,1777915824
All Pools,Sovereignty - Gravity,0.3,False,0.00293,0.85949,,0.31,1777915824
All Pools,EagleToken - AVAX,0.3,False,0.00293,2.129,,0.13,1777915824
All Pools,EagleToken - USDC.e,0.3,False,0.00292,2.219,,0.12,1777915824
All Pools,AVXT - AVAX,0.3,False,0.00291,52.95,,0.01,1777915824
All Pools,AVAX - NoThing,0.3,False,0.00289,4.439,,0.06,1777915824
All Pools,Gravity - NoThing,0.3,False,0.00287,0.84981,,0.31,1777915824
All Pools,GAINS - Always,0.3,False,0.00283,0.1087,,2.37,1777915824
All Pools,ValentinMidwifes - AVAX,0.3,False,0.00282,2.392,,0.11,1777915824
All Pools,GURS - HOWDY,0.3,False,0.00278,1.883,,0.13,1777915824
All Pools,USDC - TT,0.3,False,0.00276,2.002,,0.13,1777915824
All Pools,UST - WINE,0.3,False,0.00274,0.89248,,0.28,1777915824
All Pools,MU - KET,0.3,False,0.00269,1.329,,0.18,1777915824
All Pools,AVAX - SAGE,0.3,False,0.00265,0.89523,,0.27,1777915824
All Pools,USDC.e - SAGE,0.3,False,0.00264,2.182,,0.11,1777915824
All Pools,TEDDY - USDC,0.3,False,0.00263,0.42789,,0.56,1777915824
All Pools,PNG - USDT.e,0.3,False,0.00259,0.89712,,0.26,1777915824
All Pools,BLUB - AVAX,0.0,False,0.00257,48.04,0.0,0.0,1777915824
All Pools,HATCHY - WTHT,0.3,False,0.00255,0.52774,,0.44,1777915824
All Pools,WTHT - SNOB,0.3,False,0.00254,1.421,,0.16,1777915824
All Pools,DREGG - USDC.e,0.3,False,0.00253,3.084,,0.07,1777915824
All Pools,AVAX - CAKE,0.3,False,0.00249,0.72478,,0.31,1777915824
All Pools,USDT.e - CAKE,0.3,False,0.00248,48.66,,0.0,1777915824
All Pools,GATOR - AMI,0.3,False,0.00246,4.537,,0.05,1777915824
All Pools,KIMBO - UNIQOC,0.3,False,0.00246,0.7315,,0.31,1777915824
All Pools,ARENA - JUICY,0.3,False,0.00245,0.03404,,6.58,1777915824
All Pools,XPOW - USDC,0.3,False,0.00244,0.03787,,5.89,1777915824
All Pools,UNIQOC - MAJIN,0.3,False,0.00243,0.25522,,0.87,1777915824
All Pools,BTC.b - MUG,0.3,False,0.00241,0.90303,,0.24,1777915824
All Pools,AVAX - LastChristmas,0.3,False,0.00241,1.916,,0.11,1777915824
All Pools,Gravity - LastChristmas,0.3,False,0.0024,10.03,,0.02,1777915824
All Pools,AVAX - WARP,0.3,False,0.0024,1.485,,0.15,1777915824
All Pools,EUROS - AVAX,0.3,False,0.00236,1.196,,0.18,1777915824
All Pools,MAXI - AVAX,0.3,False,0.00227,0.78975,,0.26,1777915824
All Pools,LINK.e - MUG,0.3,False,0.00222,0.25258,,0.8,1777915824
All Pools,- AMI,0.3,False,0.00219,13.2,,0.02,1777915824
All Pools,YEEHAW - HIGHER,0.3,False,0.00219,0.45683,,0.44,1777915824
All Pools,COQ - COFI,0.3,False,0.00217,1.868,,0.11,1777915824
All Pools,AVAX - COFI,0.3,False,0.00217,617.43,,,1777915824
All Pools,KIMBO - AMI,0.3,False,0.00213,4.326,,0.04,1777915824
All Pools,sAVAX - USDC,0.3,False,0.00205,0.53505,,0.35,1777915824
All Pools,TT - USDT.e,0.3,False,0.00202,2.005,,0.09,1777915824
All Pools,USDt - TT,0.3,False,0.00201,2.009,,0.09,1777915824
All Pools,aAvaWAVAX - AVAX,0.3,False,0.00195,0.26125,,0.68,1777915824
All Pools,USDC.e - CHAM,0.3,False,0.00195,0.83178,,0.21,1777915824
All Pools,XPOW - USDt,0.3,False,0.00195,0.03415,,5.21,1777915824
All Pools,BEE - AVAX,0.3,False,0.00192,0.80989,,0.22,1777915824
All Pools,BEE - USDT.e,0.3,False,0.00192,32.42,,0.01,1777915824
All Pools,Gravity - NaughtiusMaximus,0.3,False,0.0019,5.003,,0.03,1777915824
All Pools,CRAFT - AVAX,0.3,False,0.00189,410.53,,,1777915824
All Pools,GAINS - MEOW,0.3,False,0.00189,0.21578,,0.8,1777915824
All Pools,TECH - REDWOLF,0.3,False,0.00183,0.86013,,0.19,1777915824
All Pools,GGP - JUICY,0.3,False,0.0018,0.03446,,4.77,1777915824
All Pools,toi - AVAX,0.3,False,0.00178,0.94438,,0.17,1777915824
All Pools,MIM - toi,0.3,False,0.00178,3.443,,0.05,1777915824
All Pools,AVAX - DREX,0.3,False,0.00177,0.60126,,0.27,1777915824
All Pools,MIM - WINE,0.3,False,0.00177,3087.2,,,1777915824
All Pools,MIM - DREX,0.3,False,0.00176,37.61,,0.0,1777915824
All Pools,JOE - CRA,0.3,False,0.00173,11.02,,0.01,1777915824
All Pools,WETH.e - LINK.e,0.3,False,0.00172,0.1509,,1.04,1777915824
All Pools,MM - USDC.e,0.3,False,0.00168,0.60659,,0.25,1777915824
All Pools,JOE - USDR,0.3,False,0.00167,0.73363,,0.21,1777915824
All Pools,LIFE - AVAX,0.3,False,0.00162,1.348,,0.11,1777915824
All Pools,MIM - LIFE,0.3,False,0.00162,0.94384,,0.16,1777915824
All Pools,AMI - EROL,0.3,False,0.0016,0.68514,,0.21,1777915824
All Pools,BTC.b - IMPACT,0.3,False,0.00158,0.63801,,0.23,1777915824
All Pools,AVAX - sSB,0.3,False,0.00156,0.50673,,0.28,1777915824
All Pools,AVAX - MTB,0.3,False,0.00156,0.9648,,0.15,1777915824
All Pools,REDEEMER - AMI,0.3,False,0.00156,0.01466,,9.69,1777915824
All Pools,USDC.e - sSB,0.3,False,0.00155,838.24,,,1777915824
All Pools,MIM - MTB,0.3,False,0.00155,2.216,,0.06,1777915824
All Pools,AVAX - RUG,0.3,False,0.00155,0.5338,,0.26,1777915824
All Pools,Always - KONG,0.3,False,0.00151,0.04412,,3.13,1777915824
All Pools,AVAX - ICE,0.3,False,0.00151,151.66,,,1777915824
All Pools,USDC.e - WARP,0.3,False,0.00149,0.86459,,0.16,1777915824
All Pools,MUMO - AVAX,0.3,False,0.00148,0.18091,,0.74,1777915824
All Pools,UNI.e - AVAX,0.3,False,0.00146,0.03468,,3.84,1777915824
All Pools,DB - AVAX,0.3,False,0.0014,2.219,,0.06,1777915824
All Pools,MIM - DB,0.3,False,0.0014,0.67119,,0.19,1777915824
All Pools,AVAX - PSI,0.3,False,0.00139,190.45,,,1777915824
All Pools,WETH.e - ETHM,0.3,False,0.00138,0.50386,,0.25,1777915824
All Pools,ETHM - USDC.e,0.3,False,0.00138,0.4784,,0.26,1777915824
All Pools,USDt - APOW,0.3,False,0.00137,0.15562,,0.8,1777915824
All Pools,STICK - AMI,0.3,False,0.00136,0.31206,,0.4,1777915824
All Pools,CANS - AMI,0.3,False,0.00135,0.23034,,0.54,1777915824
All Pools,SLUSH - AVAX,0.3,False,0.00134,0.70485,,0.17,1777915824
All Pools,SLUSH - USDT.e,0.3,False,0.00133,1.327,,0.09,1777915824
All Pools,MEAT - MU,0.3,False,0.00131,0.49819,,0.24,1777915824
All Pools,HUSKY - SNOWY,0.3,False,0.00131,0.43796,,0.27,1777915824
All Pools,QI - SNOWY,0.3,False,0.0013,0.80728,,0.15,1777915824
All Pools,LYD - AVAX,0.3,False,0.00129,0.82375,,0.14,1777915824
All Pools,KANA - AVAX,0.3,False,0.00127,1141.51,,,1777915824
All Pools,Naughty - HIGHER,0.3,False,0.00127,0.45147,,0.26,1777915824
All Pools,KANA - USDC,0.3,False,0.00127,0.51195,,0.23,1777915824
All Pools,Trinity - IngersollLockwood,0.3,False,0.00127,1.122,,0.1,1777915824
All Pools,ALPHAZERO - USDT.e,0.3,False,0.00127,2.166,,0.05,1777915824
All Pools,Naughty - AVAX,0.3,False,0.00126,239.36,,,1777915824
All Pools,MAJIN - AMI,0.3,False,0.00124,0.15619,,0.73,1777915824
All Pools,CRA - USDC.e,0.3,False,0.00123,0.5622,,0.2,1777915824
All Pools,ABOB - AVAX,0.3,False,0.00122,834.26,,,1777915824
All Pools,aAvaWAVAX - meGNX,0.3,False,0.0012,4.038,,0.03,1777915824
All Pools,COQ - HOWDY,0.3,False,0.00119,0.56972,,0.19,1777915824
All Pools,HUSKY - aXEN,0.3,False,0.00118,0.0732,,1.47,1777915824
All Pools,NOCHILL - ABOB,0.3,False,0.00117,0.02162,,4.95,1777915824
All Pools,tst1 - AVAX,0.3,False,0.00117,0.58222,,0.18,1777915824
All Pools,tst1 - USDT.e,0.3,False,0.00117,2.703,,0.04,1777915824
All Pools,weETH - AVAX,0.3,False,0.00117,0.38939,,0.27,1777915824
All Pools,HOOP - ROCO,0.3,False,0.00116,0.14593,,0.72,1777915824
All Pools,SUB - AVAX,0.3,False,0.00113,0.5105,,0.2,1777915824
All Pools,SUB - USDC,0.3,False,0.00113,69.79,,0.0,1777915824
All Pools,Psychic - Self,0.3,False,0.00113,63.39,,0.0,1777915824
All Pools,GRAPE - WINE,0.3,False,0.00111,7.615,,0.01,1777915824
All Pools,POPS - AVAX,0.3,False,0.00111,0.11869,,0.85,1777915824
All Pools,AUX - AVAX,0.3,False,0.00109,0.3953,,0.25,1777915824
All Pools,TIME - SPELL,0.3,False,0.00109,0.83248,,0.12,1777915824
All Pools,AUX - USDC,0.3,False,0.00109,688.53,,,1777915824
All Pools,AVAX - SYMBIOT,0.3,False,0.00107,0.32483,,0.3,1777915824
All Pools,NUG - AVAX,0.3,False,0.00105,0.38422,,0.25,1777915824
All Pools,SLOT - AVAX,0.3,False,0.00105,3960.78,,,1777915824
All Pools,NUG - USDC,0.3,False,0.00105,2.375,,0.04,1777915824
All Pools,SLOT - USDC.e,0.3,False,0.00105,0.48506,,0.2,1777915824
All Pools,DAI.e - SYMBIOT,0.3,False,0.00102,1.416,,0.07,1777915824
All Pools,xJOE - AVAX,0.3,False,0.00102,2.805,,0.03,1777915824
All Pools,xJOE - wsOHM,0.3,False,0.00101,0.54609,,0.17,1777915824
All Pools,WET - AVAX,0.3,False,0.001,16.99,,0.01,1777915824
All Pools,WET - USDT.e,0.3,False,,0.44331,,0.21,1777915824
All Pools,PB - AVAX,0.3,False,,0.49237,,0.19,1777915824
All Pools,PB - MIM,0.3,False,,39.84,,0.0,1777915824
All Pools,AVAX - FTEST,0.3,False,,0.40061,,0.23,1777915824
All Pools,USDT.e - FTEST,0.3,False,,1.317,,0.07,1777915824
All Pools,BRO - OSAK,0.3,False,,0.09111,,0.99,1777915824
All Pools,WETH - AVAX,0.3,False,,1.359,,0.07,1777915824
All Pools,SYMBIOT - AVAX,0.3,False,,1.452,,0.06,1777915824
All Pools,AVAX - AKITA,0.3,False,,2533.24,,,1777915824
All Pools,MIM - AKITA,0.3,False,,0.25504,,0.35,1777915824
All Pools,WETH.e - SPELL,0.3,False,,0.29374,,0.29,1777915824
All Pools,SYMBIOT - DAI.e,0.3,False,,0.45918,,0.18,1777915824
All Pools,OH - USDC.e,0.3,False,,0.38876,,0.21,1777915824
All Pools,3ULL - USDT.e,0.3,False,,0.65162,,0.13,1777915824
All Pools,USDT.e - WARP,0.3,False,,0.90519,,0.09,1777915824
All Pools,ROCO - USDT.e,0.3,False,,0.08432,,0.96,1777915824
All Pools,ARABBIT - AVAX,0.3,False,,0.569,,0.14,1777915824
All Pools,MIM - ARABBIT,0.3,False,,1.296,,0.06,1777915824
All Pools,SolarDAO - AVAX,0.3,False,,0.40029,,0.2,1777915824
All Pools,LAMA - AVAX,0.3,False,,11818.0,,,1777915824
All Pools,SolarDAO - USDT.e,0.3,False,,2.073,,0.04,1777915824
All Pools,SMOKA - AVAX,0.3,False,,0.55004,,0.14,1777915824
All Pools,MIM - SMOKA,0.3,False,,1.14,,0.07,1777915824
All Pools,USDC - DAI.e,0.3,False,,2.02,,0.04,1777915824
All Pools,LAMA - JUICY,0.3,False,,0.01599,,4.83,1777915824
All Pools,AVAX - PLEB,0.3,False,,0.27236,,0.28,1777915824
All Pools,COQ - BMC,0.3,False,,0.09537,,0.79,1777915824
All Pools,AUSD - USDC,0.01,False,15206061.0,4686567.0,1520.69,11.84,1777919423
All Pools,AUSD - USDt,0.01,False,14904472.0,3420422.0,1490.53,15.91,1777919423
All Pools,AVAX - USDC,0.05,False,9205774.0,3957393.0,4915.45,45.34,1777919423
All Pools,USDC.e - O3,0.3,False,656170.0,343742448.0,1640.43,0.17,1777919423
All Pools,BTC.b - USDC,0.05,False,503491.0,816809.0,265.39,11.86,1777919423
All Pools,USDt - USDC,0.005,False,475607.0,695199.0,33.69,1.77,1777919423
All Pools,AVAX - USDC,0.2,False,152832.0,209604.0,310.34,54.04,1777919423
All Pools,sAVAX - AVAX,0.01,False,91098.0,190326.0,9.316,1.79,1777919423
All Pools,GUN - AVAX,0.25,False,56579.0,129098.0,145.55,41.15,1777919423
All Pools,XAUt0 - USDt,0.04,False,50603.0,37989.0,23.6,22.67,1777919423
All Pools,AVAX - BTC.b,0.05,False,49550.0,591787.0,26.55,1.64,1777919423
All Pools,GUN - AVAX,0.1,False,48045.0,40528.0,51.22,46.13,1777919423
All Pools,ARENA - AVAX,0.01,False,39536.0,179889.0,3.95,0.8,1777919423
All Pools,DAI.e - USDC,0.02,False,37507.0,31514.0,9.854,11.41,1777919423
All Pools,USDT.e - USDC,0.02,False,36357.0,48843.0,7.424,5.55,1777919423
All Pools,AVAX - USDt,0.2,False,33520.0,132518.0,67.84,18.69,1777919423
All Pools,USDC - XAVA,0.3,False,27875.0,615527.0,69.69,4.13,1777919423
All Pools,USDT.e - USDt,0.02,False,26542.0,44316.0,5.369,4.42,1777919423
All Pools,AVAX - USDT.e,0.3,False,25031.0,555143.0,62.58,4.11,1777919423
All Pools,AVAX - USDC,0.3,False,21186.0,408129.0,52.97,4.74,1777919423
All Pools,MIM - AVAX,0.3,False,21133.0,565528.0,52.83,3.41,1777919423
All Pools,USDC.e - AVAX,0.3,False,20621.0,432506.0,51.55,4.35,1777919423
All Pools,NXPC - AVAX,0.3,False,20481.0,241992.0,51.2,7.72,1777919423
All Pools,WBTC.e - BTC.b,0.03,False,17015.0,328441.0,5.274,0.59,1777919423
All Pools,WBTC.e - AVAX,0.3,False,16352.0,174157.0,40.88,8.57,1777919423
All Pools,WBTC - BTC.b,0.03,False,15539.0,84399.0,4.783,2.07,1777919423
All Pools,FOLKS - AVAX,0.25,False,15171.0,34405.0,38.74,41.1,1777919423
All Pools,USDt - USDC,0.01,False,14489.0,181758.0,1.161,0.23,1777919423
All Pools,COQ - AVAX,0.3,False,12596.0,618921.0,31.49,1.86,1777919423
All Pools,JOE - AVAX,0.3,False,12591.0,527504.0,31.48,2.18,1777919423
All Pools,JOE - USDC.e,0.3,False,11319.0,339654.0,28.3,3.04,1777919423
All Pools,QI - AVAX,0.3,False,10189.0,242680.0,25.47,3.83,1777919423
All Pools,USDT.e - USDC,0.02,False,8067.52,887.68,0.96339,39.61,1777919423
All Pools,NOCHILL - AVAX,0.3,False,7123.13,84407.0,17.81,7.7,1777919423
All Pools,EURC - USDC,0.03,False,5351.24,13075.0,1.64,4.58,1777919423
All Pools,ORNG - AVAX,0.3,False,4693.24,27959.0,11.73,15.32,1777919423
All Pools,SolvBTC - BTC.b,0.04,False,4217.07,252845.0,2.084,0.3,1777919423
All Pools,USDC.e - USDC,0.3,False,3788.89,484277.0,9.472,0.71,1777919423
All Pools,AAVE.e - AVAX,0.3,False,3520.02,303507.0,8.8,1.06,1777919423
All Pools,DAI.e - USDC,0.02,False,3512.29,2609.01,0.99662,13.94,1777919423
All Pools,JPYC - USDC,0.04,False,3369.58,4467.74,1.701,13.9,1777919423
All Pools,FLD - AVAX,0.3,False,3287.12,52317.0,8.218,5.73,1777919423
All Pools,HEFE - AVAX,0.3,False,2966.56,23055.0,7.416,11.74,1777919423
All Pools,WETH.e - AVAX,0.3,False,2868.46,502337.0,7.171,0.52,1777919423
All Pools,AUSD - AVAX,0.1,False,2628.58,40176.0,2.735,2.48,1777919423
All Pools,AVAX - avUSD,0.25,False,2496.77,2371.38,6.281,96.68,1777919423
All Pools,USDt - AVAX,0.3,False,2448.11,45281.0,6.12,4.93,1777919423
All Pools,JOE - USDT.e,0.3,False,2361.12,67996.0,5.903,3.17,1777919423
All Pools,BEAM - AVAX,0.25,False,2259.83,20448.0,5.685,10.15,1777919423
All Pools,BTC.b - AVAX,0.3,False,2236.32,143709.0,5.591,1.42,1777919423
All Pools,BEAM - USDC,0.3,False,2172.6,72644.0,5.432,2.73,1777919423
All Pools,ALOT - AVAX,0.3,False,2110.27,228858.0,5.276,0.84,1777919423
All Pools,gOHM - AVAX,0.3,False,1958.8,138847.0,4.897,1.29,1777919423
All Pools,LINK.e - AVAX,0.3,False,1859.9,49494.0,4.65,3.43,1777919423
All Pools,XAVA - AVAX,0.8,False,1849.46,230692.0,14.87,2.35,1777919423
All Pools,BEAM - AVAX,0.3,False,1750.76,94883.0,4.377,1.68,1777919423
All Pools,XAVA - AVAX,0.25,False,1702.87,3230.93,4.433,50.08,1777919423
All Pools,AVAX - DAI.e,0.3,False,1575.08,34338.0,3.938,4.19,1777919423
All Pools,ZRO - AVAX,0.25,False,1572.65,2321.14,11.86,186.52,1777919423
All Pools,JOE - USDC,0.3,False,1565.87,40432.0,3.915,3.53,1777919423
All Pools,HUNDRED - USDC,0.3,False,1406.48,519474.0,3.516,0.25,1777919423
All Pools,USDt - USDC,0.02,False,1305.82,2236.19,0.28926,4.72,1777919423
All Pools,YAK - AVAX,0.3,False,1125.85,110423.0,2.815,0.93,1777919423
All Pools,SIERRA - USDC,0.1,False,1101.58,40215.0,1.102,1.0,1777919423
All Pools,WETH.e - USDC,0.15,False,1046.78,10057.0,1.601,5.81,1777919423
All Pools,SOL - AVAX,0.3,False,1040.78,438321.0,2.602,0.22,1777919423
All Pools,AVAX - JUICE,0.3,False,1007.23,15995.0,2.518,5.75,1777919423
All Pools,LCPEDU - USDt,0.8,False,1002.83,9626335.0,16.08,0.06,1777919423
All Pools,w3ULL - AVAX,0.3,False,786.41,65926.0,1.966,1.09,1777919423
All Pools,SHRAP - AVAX,0.8,False,708.76,13046.0,6.429,17.99,1777919423
All Pools,AVAX - ALVA,0.3,False,636.37,1282.34,1.591,45.28,1777919423
All Pools,AVAX - XAVA,0.3,False,613.03,16142.0,1.533,3.47,1777919423
All Pools,XSEED - AVAX,0.3,False,603.1,13116.0,1.508,4.2,1777919423
All Pools,GMX - AVAX,0.3,False,530.31,5060.34,1.326,9.56,1777919423
All Pools,JOE - AVAX,0.25,False,519.82,10875.0,1.309,4.39,1777919423
All Pools,AARB - AVAX,0.3,False,439.33,0.18283,1.098,219271.24,1777919423
All Pools,ARC - AVAX,0.3,False,439.02,0.18276,1.098,219192.69,1777919423
All Pools,WBTC.e - BTC.b,0.03,False,425.22,683.8,0.17088,9.12,1777919423
All Pools,AVAX - UST,0.3,False,388.52,9203.04,0.9713,3.85,1777919423
All Pools,UST - AVAX,0.3,False,364.76,7965.85,0.91191,4.18,1777919423
All Pools,KLO - AVAX,0.3,False,332.28,14861.0,0.8307,2.04,1777919423
All Pools,WETH.e - USDC.e,0.3,False,324.92,12444.0,0.8123,2.38,1777919423
All Pools,MUON - AVAX,0.3,False,313.36,47322.0,0.78341,0.6,1777919423
All Pools,sAVAX - AVAX,0.3,False,305.82,244101.0,0.76455,0.11,1777919423
All Pools,PTOP800 - USDC,0.1,False,271.17,663.11,0.27376,15.07,1777919423
All Pools,YUSD - USDC,0.02,False,240.61,122000.0,0.04812,0.01,1777919423
All Pools,HERESY - AVAX,0.3,False,236.99,22137.0,0.59247,0.98,1777919423
All Pools,PTOP800 - AVAX,0.1,False,232.37,611.16,0.23376,13.96,1777919423
All Pools,STG - USDC,0.3,False,215.69,1484.52,0.53923,13.26,1777919423
All Pools,sAVAX - JACK,0.3,False,199.41,291236.0,0.49852,0.06,1777919423
All Pools,PTOP1100 - USDC,0.1,False,198.1,669.31,0.19927,10.87,1777919423
All Pools,PTOP1100 - AVAX,0.1,False,197.24,365.38,0.20021,20.0,1777919423
All Pools,XETA - USDC,0.3,False,192.43,6409.94,0.48107,2.74,1777919423
All Pools,SWORLD - AVAX,0.3,False,184.57,7155.76,0.46143,2.35,1777919423
All Pools,AVAX - JUICY,0.3,False,172.09,3057.84,0.43023,5.14,1777919423
All Pools,PTOP1300 - AVAX,0.1,False,154.72,581.97,0.1553,9.74,1777919423
All Pools,PTOP1300 - USDC,0.1,False,154.36,349.57,0.15551,16.24,1777919423
All Pools,LUNA - USDC.e,0.3,False,145.02,897.98,0.36255,14.74,1777919423
All Pools,QI - AVAX,0.25,False,133.74,15195.0,0.33412,0.8,1777919423
All Pools,XPOW - AVAX,0.3,False,133.51,374.67,0.33377,32.52,1777919423
All Pools,OSAK - AVAX,0.3,False,130.81,5981.55,0.32704,2.0,1777919423
All Pools,PTOP1200 - AVAX,0.1,False,127.47,693.25,0.12765,6.72,1777919423
All Pools,PTOP1200 - USDC,0.1,False,126.85,199.96,0.12963,23.66,1777919423
All Pools,MIM - USDt,0.03,False,116.36,9.708,0.03912,147.07,1777919423
All Pools,APIX - USDt,0.3,False,111.96,6944.14,0.27991,1.47,1777919423
All Pools,APIX - ID,0.3,False,101.84,25095.0,0.2546,0.37,1777919423
All Pools,BOOTY - AVAX,0.3,False,101.69,2206.56,0.25423,4.21,1777919423
All Pools,STG - AVAX,0.3,False,100.53,1484.66,0.25132,6.18,1777919423
All Pools,KIMBO - AVAX,0.3,False,96.77,64775.0,0.24193,0.14,1777919423
All Pools,gOHM - FRAX,0.3,False,95.9,3545.67,0.23974,2.47,1777919423
All Pools,JOE - AVAX,0.15,False,84.93,70159.0,0.13071,0.07,1777919423
All Pools,SOL - AVAX,0.1,False,79.42,1099.5,0.07954,2.64,1777919423
All Pools,AVAX - APOW,0.3,False,70.01,25858.0,0.17502,0.25,1777919423
All Pools,TECH - AVAX,0.3,False,69.5,14147.0,0.17376,0.45,1777919423
All Pools,MAJIN - AVAX,0.3,False,65.34,4267.99,0.16336,1.4,1777919423
All Pools,XPOW - APOW,0.3,False,63.35,932.83,0.15837,6.2,1777919423
All Pools,PRIME - AVAX,0.4,False,61.42,108598.0,0.82606,0.28,1777919423
All Pools,CAPY - ARENA,0.3,False,58.07,31827.0,0.14518,0.17,1777919423
All Pools,CAI - AVAX,0.3,False,56.94,1814.31,0.14235,2.86,1777919423
All Pools,PNG - AVAX,0.3,False,51.63,1074.38,0.12906,4.38,1777919423
All Pools,AVAX - GEC,0.3,False,50.77,36038.0,0.12693,0.13,1777919423
All Pools,FITFI - USDT.e,0.3,False,50.67,372.92,0.12668,12.4,1777919423
All Pools,APIX - USDC,0.3,False,50.05,3468.36,0.12512,1.32,1777919423
All Pools,GGP - AVAX,0.3,False,48.63,92753.0,0.12157,0.05,1777919423
All Pools,SB - AVAX,0.3,False,48.08,7017.33,0.12021,0.63,1777919423
All Pools,HUSKY - AVAX,0.3,False,47.02,3629.51,0.11754,1.18,1777919423
All Pools,AVAX - RISE,0.3,False,45.82,60004.0,0.11455,0.07,1777919423
All Pools,PTOP800 - BTC.b,0.1,False,44.28,1015.45,0.05027,1.81,1777919423
All Pools,MIM - SB,0.3,False,37.73,5775.5,0.09433,0.6,1777919423
All Pools,FTR - AVAX,0.3,False,37.34,1295.07,0.09334,2.63,1777919423
All Pools,AVAX - FRAX,0.3,False,35.6,1025.63,0.08899,3.17,1777919423
All Pools,AVAX - HON,0.3,False,35.5,91314.0,0.08876,0.04,1777919423
All Pools,MIM - WETH.e,0.3,False,34.8,1475.04,0.08699,2.15,1777919423
All Pools,GUN - BLSEYE🎯,0.3,False,34.07,963.07,0.08516,3.23,1777919423
All Pools,ggAVAX - AVAX,0.04,False,33.63,375.74,0.00357,0.35,1777919423
All Pools,BLSEYE🎯 - AVAX,0.3,False,32.97,6078.23,0.08243,0.5,1777919423
All Pools,APIX - ARENA,0.3,False,32.63,2363.97,0.08158,1.26,1777919423
All Pools,USDC.e - USDC,0.02,False,30.21,17000.0,0.00343,0.01,1777919423
All Pools,SECOND - AVAX,0.3,False,30.0,1789.89,0.075,1.53,1777919423
All Pools,SECOND - USDC,0.3,False,29.99,7259.91,0.07499,0.38,1777919423
All Pools,RGOGLZ - USDC,0.3,False,27.81,1602.49,0.06952,1.58,1777919423
All Pools,AVAX - SOLNIC,0.3,False,27.78,4745.64,0.06946,0.53,1777919423
All Pools,CAT - AVAX,0.3,False,27.75,1974.28,0.06938,1.28,1777919423
All Pools,Psychic - AVAX,0.3,False,27.06,1190.05,0.06766,2.08,1777919423
All Pools,CATCH - AVAX,0.3,False,24.42,307.5,0.06105,7.25,1777919423
All Pools,ROCO - AVAX,0.3,False,23.13,1288.35,0.05782,1.64,1777919423
All Pools,GUN - AVAX,0.3,False,22.86,450.28,0.05716,4.63,1777919423
All Pools,LUNA - USDC.e,0.3,False,22.83,355.35,0.05708,5.86,1777919423
All Pools,DCAU - AVAX,0.3,False,22.66,1283.39,0.05664,1.61,1777919423
All Pools,Balln - AVAX,0.3,False,21.8,4294.45,0.05451,0.46,1777919423
All Pools,DCAU - USDT.e,0.3,False,21.22,5360.09,0.05305,0.36,1777919423
All Pools,UST - USDC.e,0.3,False,20.79,775.67,0.05198,2.45,1777919423
All Pools,GENI - USDC,0.3,False,19.93,1490.0,0.04982,1.22,1777919423
All Pools,USDt - ncash,0.3,False,19.84,1144.93,0.0496,1.58,1777919423
All Pools,BOI - AVAX,0.3,False,19.67,77.1,0.04918,23.28,1777919423
All Pools,HATCHY - AVAX,0.3,False,19.51,9882.35,0.04877,0.18,1777919423
All Pools,HOWDY - USDC,0.3,False,19.22,8054.33,0.04806,0.22,1777919423
All Pools,UST - USDC,0.3,False,19.15,491.85,0.04787,3.55,1777919423
All Pools,USDC.e - DAI.e,0.3,False,19.07,22804.0,0.04767,0.08,1777919423
All Pools,Psychic - XAUt0,0.3,False,18.11,6947.21,0.04528,0.24,1777919423
All Pools,XROSS - ORNG,0.3,False,17.09,491.19,0.04272,3.17,1777919423
All Pools,HAREM - AVAX,0.3,False,16.84,128.24,0.0421,11.98,1777919423
All Pools,USDC.e - USDT.e,0.3,False,16.45,40428.0,0.04112,0.04,1777919423
All Pools,DAI.e - USDt,0.25,False,16.38,21072.0,0.03914,0.07,1777919423
All Pools,USDV - AVAX,0.25,False,16.2,1835.08,0.06335,1.26,1777919423
All Pools,WOM - AVAX,0.3,False,15.65,844.36,0.03913,1.69,1777919423
All Pools,AVAX - CLY,0.3,False,15.52,60182.0,0.0388,0.02,1777919423
All Pools,YUSD - AVAX,0.3,False,14.69,135.35,0.03671,9.9,1777919423
All Pools,AVAX - DOMI,0.3,False,14.65,17542.0,0.03662,0.08,1777919423
All Pools,GURS - AVAX,0.3,False,14.55,7748.77,0.03637,0.17,1777919423
All Pools,AVAX - STICK,0.3,False,14.27,2148.45,0.03568,0.61,1777919423
All Pools,MAI - AVAX,0.3,False,14.16,1839.43,0.0354,0.7,1777919423
All Pools,AVAX - PEFI,0.3,False,13.73,4555.47,0.03432,0.27,1777919423
All Pools,ORNG - MOOM,0.3,False,13.27,405.03,0.03319,2.99,1777919423
All Pools,COQ - AVAX,0.8,False,12.94,4867.09,0.10578,0.79,1777919423
All Pools,SHRAP - DOMI,0.3,False,12.86,292.59,0.03216,4.01,1777919423
All Pools,ORNG - FLUX,0.3,False,12.76,363.14,0.03189,3.21,1777919423
All Pools,SVETA - AVAX,0.3,False,12.39,1399.99,0.03098,0.81,1777919423
All Pools,DATCM - ORNG,0.3,False,12.14,488.76,0.03036,2.27,1777919423
All Pools,SYN - AVAX,0.3,False,11.74,2777.94,0.02936,0.39,1777919423
All Pools,ORNG - JUCI,0.3,False,11.73,498.56,0.02932,2.15,1777919423
All Pools,ZRO - AVAX,0.3,False,10.92,203.43,0.02729,4.9,1777919423
All Pools,Ush - AVAX,0.3,False,10.84,2845.72,0.02709,0.35,1777919423
All Pools,PTOP1000 - AVAX,0.1,False,10.51,637.96,0.01052,0.6,1777919423
All Pools,USDT.e - USDC,0.02,False,10.26,7.005,0.0022,11.47,1777919423
All Pools,JPYC - USDC,0.3,False,9.866,351.68,0.02466,2.56,1777919423
All Pools,ORNG - SAI,0.3,False,9.813,294.27,0.02453,3.04,1777919423
All Pools,AVAXAI - USDC,0.3,False,9.742,1726.12,0.02436,0.52,1777919423
All Pools,YOU - ORNG,0.3,False,9.348,3248.6,0.02337,0.26,1777919423
All Pools,MMTH - AVAX,0.3,False,9.214,0.02373,0.02303,35434.83,1777919423
All Pools,WINK - AVAX,0.3,False,8.951,80.56,0.02238,10.14,1777919423
All Pools,AVAX - ELK,0.3,False,8.764,1740.13,0.02191,0.46,1777919423
All Pools,BLSEYE🎯 - ARENA,0.3,False,8.636,1183.5,0.02159,0.67,1777919423
All Pools,AVAX - SQRCAT,0.3,False,8.594,5985.9,0.02148,0.13,1777919423
All Pools,MDG - USDT.e,0.3,False,8.547,18085.0,0.02137,0.04,1777919423
All Pools,MDG - USDC.e,0.3,False,8.547,9807.06,0.02137,0.08,1777919423
All Pools,avUSD - sAVAX,0.3,False,8.494,266.32,0.02124,2.91,1777919423
All Pools,MEAT - AVAX,0.3,False,8.142,5395.33,0.02036,0.14,1777919423
All Pools,LINK.e - USDT.e,0.3,False,7.24,237.46,0.0181,2.78,1777919423
All Pools,LUNA - AVAX,0.3,False,7.205,156.18,0.01801,4.21,1777919423
All Pools,WETH - USDC.e,0.3,False,7.15,230.98,0.01788,2.82,1777919423
All Pools,CATWIF - AVAX,0.3,False,7.006,3294.91,0.01752,0.19,1777919423
All Pools,USV - DAI.e,0.3,False,6.89,4271.15,0.01723,0.15,1777919423
All Pools,WBTC.e - USDT.e,0.3,False,6.793,174.37,0.01698,3.55,1777919423
All Pools,CHAMP - ARENA,0.3,False,6.419,17.29,0.01605,33.87,1777919423
All Pools,MYST - AVAX,0.3,False,6.194,921.91,0.01549,0.61,1777919423
All Pools,WBTC.e - ONION,0.3,False,5.962,412.7,0.01491,1.32,1777919423
All Pools,SWIFT - USDC.e,0.3,False,5.708,544.2,0.01427,0.96,1777919423
All Pools,FITFI - AVAX,0.3,False,5.469,39.54,0.01367,12.62,1777919423
All Pools,WETH.e - ONION,0.3,False,5.466,277.15,0.01367,1.8,1777919423
All Pools,agEUR - USDC,0.3,False,5.38,63.95,0.01345,7.68,1777919423
All Pools,LINK.e - USDC.e,0.3,False,5.017,198.33,0.01254,2.31,1777919423
All Pools,RPEPE - AVAX,0.3,False,4.922,6357.41,0.01231,0.07,1777919423
All Pools,APOW - AVAX,0.3,False,4.82,1095.14,0.01205,0.4,1777919423
All Pools,SWIFT - WETH.e,0.3,False,4.814,1653.79,0.01204,0.27,1777919423
All Pools,LUNA - AVAX,0.3,False,4.702,22.65,0.01175,18.94,1777919423
All Pools,YAK - USDC.e,0.3,False,4.527,218.12,0.01132,1.89,1777919423
All Pools,ISA - USDC.e,0.3,False,4.388,493.57,0.01097,0.81,1777919423
All Pools,PNG - JOE,0.3,False,4.209,173.88,0.01052,2.21,1777919423
All Pools,ISA - AVAX,0.3,False,4.078,1480.27,0.01019,0.25,1777919423
All Pools,USDT.e - DAI.e,0.3,False,4.034,7337.15,0.01009,0.05,1777919423
All Pools,WETH.e - USDT.e,0.3,False,3.997,168.91,0.00999,2.16,1777919423
All Pools,DPS - AVAX,0.3,False,3.964,225.09,0.00991,1.61,1777919423
All Pools,DPS - USDC,0.3,False,3.963,1953.73,0.00991,0.19,1777919423
All Pools,REDWOLF - AVAX,0.3,False,3.736,507.5,0.00934,0.67,1777919423
All Pools,USDC.e - ONION,0.3,False,3.578,389.17,0.00894,0.84,1777919423
All Pools,MYST - USDC,0.3,False,3.49,258.27,0.00873,1.23,1777919423
All Pools,USDT.e - CLY,0.3,False,3.442,264.06,0.0086,1.19,1777919423
All Pools,REDWOLF - USDC,0.3,False,3.436,204.25,0.00859,1.53,1777919423
All Pools,LIQR - AVAX,0.3,False,3.413,52209.0,0.00853,0.01,1777919423
All Pools,FXS - AVAX,0.3,False,3.299,446.13,0.00825,0.67,1777919423
All Pools,AVAX - ONION,0.3,False,3.19,184.08,0.00797,1.58,1777919423
All Pools,YEEHAW - CHAMP,0.3,False,3.152,2385.86,0.00788,0.12,1777919423
All Pools,BTC.b - TOPIA,0.3,False,3.088,314.59,0.00772,0.9,1777919423
All Pools,AVAX - SOCK,0.3,False,2.811,3351.85,0.00703,0.08,1777919423
All Pools,MAGICK - AVAX,0.3,False,2.806,359.94,0.00702,0.71,1777919423
All Pools,MAGICK - USDC,0.3,False,2.805,242.53,0.00701,1.06,1777919423
All Pools,USDC - SOCK,0.3,False,2.792,487.81,0.00698,0.52,1777919423
All Pools,HUSKY - JOE,0.3,False,2.748,180.82,0.00687,1.39,1777919423
All Pools,TINU - AVAX,0.3,False,2.724,1361.21,0.00681,0.18,1777919423
All Pools,AVAX - AMI,0.3,False,2.666,545.27,0.00667,0.45,1777919423
All Pools,Now - AVAX,0.3,False,2.649,269.45,0.00662,0.9,1777919423
All Pools,AVAX - FRAX,0.3,False,2.594,275.26,0.00648,0.86,1777919423
All Pools,AVAX - TIME,0.3,False,2.534,1225.0,0.00634,0.19,1777919423
All Pools,USDT.e - ONION,0.3,False,2.53,775.67,0.00633,0.3,1777919423
All Pools,AVAX - aXEN,0.3,False,2.517,79.29,0.00629,2.9,1777919423
All Pools,APOW - USDC,0.3,False,2.436,170.28,0.00609,1.31,1777919423
All Pools,APOW - USDt,0.3,False,2.386,169.86,0.00597,1.28,1777919423
All Pools,pAVAX - AVAX,0.3,False,2.305,1722.11,0.00576,0.12,1777919423
All Pools,Gravity - AVAX,0.3,False,2.304,341.22,0.00576,0.62,1777919423
All Pools,HOST - DAI.e,0.3,False,2.243,2621.47,0.00561,0.08,1777919423
All Pools,LF - AVAX,0.3,False,2.243,295.73,0.00561,0.69,1777919423
All Pools,MIM - LF,0.3,False,2.243,914.9,0.00561,0.22,1777919423
All Pools,ACS - AVAX,0.3,False,2.14,212.42,0.00535,0.92,1777919423
All Pools,SHOE - AVAX,0.3,False,2.125,667.77,0.00531,0.29,1777919423
All Pools,USDC.e - MU,0.3,False,2.118,13571.0,0.0053,0.01,1777919423
All Pools,LORD - AVAX,0.3,False,2.109,1967.78,0.00527,0.1,1777919423
All Pools,67 - AVAX,0.3,False,2.022,,0.00505,196596.1,1777919423
All Pools,BLSEYE🎯 - BEAM,0.3,False,2.0,347.52,0.005,0.53,1777919423
All Pools,NOCHILL - OX,0.3,False,1.975,12467.0,0.00494,0.01,1777919423
All Pools,AVAX - SPELL,0.3,False,1.975,2802.15,0.00494,0.06,1777919423
All Pools,GENI - AVAX,0.3,False,1.922,75.06,0.0048,2.34,1777919423
All Pools,FollowTheWhiteRabbit - BLACK,0.3,False,1.901,1179.77,0.00475,0.15,1777919423
All Pools,USDC.e - AVVO,0.3,False,1.9,253.35,0.00475,0.68,1777919423
All Pools,USDC - SHRAP,0.3,False,1.818,27.92,0.00454,5.94,1777919423
All Pools,XAUt0 - Now,0.3,False,1.817,710.25,0.00454,0.23,1777919423
All Pools,AVAX - NaughtiusMaximus,0.3,False,1.812,445.5,0.00453,0.37,1777919423
All Pools,XAUt0 - NaughtiusMaximus,0.3,False,1.809,1045.89,0.00452,0.16,1777919423
All Pools,COQ - BLSEYE🎯,0.3,False,1.778,216.89,0.00444,0.75,1777919423
All Pools,XAUt0 - Gravity,0.3,False,1.755,397.09,0.00439,0.4,1777919423
All Pools,Trinity - AVAX,0.3,False,1.739,1043.59,0.00435,0.15,1777919423
All Pools,DCAU - USDC,0.3,False,1.731,152.47,0.00433,1.04,1777919423
All Pools,USDt - USDT.e,0.3,False,1.731,20407.0,0.00433,0.01,1777919423
All Pools,AVAX - IMPACT2,0.3,False,1.699,172.28,0.00425,0.9,1777919423
All Pools,PIZZA - AVAX,0.3,False,1.684,516.36,0.00421,0.3,1777919423
All Pools,TRESR - AVAX,0.3,False,1.658,15029.0,0.00414,0.01,1777919423
All Pools,BEAR - AVAX,0.3,False,1.619,7349.92,0.00405,0.02,1777919423
All Pools,COQ - OX,0.3,False,1.618,12665.0,0.00404,0.01,1777919423
All Pools,MIM - PEFI,0.3,False,1.601,206.2,0.004,0.71,1777919423
All Pools,KIWI - AVAX,0.3,False,1.6,117.37,0.004,1.24,1777919423
All Pools,KIWI - USDC,0.3,False,1.581,312.09,0.00395,0.46,1777919423
All Pools,AVAX - ELK,0.3,False,1.525,69.32,0.00381,2.01,1777919423
All Pools,SMRTr - AVAX,0.3,False,1.504,37161.0,0.00376,0.0,1777919423
All Pools,SMRTr - USDC.e,0.3,False,1.5,126.88,0.00375,1.08,1777919423
All Pools,DAI.e - ONION,0.3,False,1.482,355.02,0.0037,0.38,1777919423
All Pools,FollowTheWhiteRabbit - AVAX,0.3,False,1.481,166.42,0.0037,0.81,1777919423
All Pools,AVAX - LUCKY,0.3,False,1.463,4128.66,0.00366,0.03,1777919423
All Pools,JOE - USDT,0.3,False,1.435,366.5,0.00359,0.36,1777919423
All Pools,Gravity - BLACK,0.3,False,1.421,1068.58,0.00355,0.12,1777919423
All Pools,BANKSY - USDT.e,0.3,False,1.399,1564.53,0.0035,0.08,1777919423
All Pools,BANKSY - AVAX,0.3,False,1.399,174.86,0.0035,0.73,1777919423
All Pools,USDC - NXUSD,0.3,False,1.39,3.517,0.00348,36.07,1777919423
All Pools,SHOE - BTC.b,0.3,False,1.385,851.24,0.00346,0.15,1777919423
All Pools,CRA - AVAX,0.3,False,1.381,10120.0,0.00345,0.01,1777919423
All Pools,Psychic - BLACK,0.3,False,1.378,465.54,0.00345,0.27,1777919423
All Pools,DREGG - AVAX,0.3,False,1.374,182.11,0.00344,0.69,1777919423
All Pools,DREGG - USDT.e,0.3,False,1.372,549.41,0.00343,0.23,1777919423
All Pools,AVAX - ChristMark,0.3,False,1.339,359.67,0.00335,0.34,1777919423
All Pools,AVAX - USDT,0.3,False,1.315,2023.29,0.00329,0.06,1777919423
All Pools,COQ - NOCHILL,0.3,False,1.235,14.47,0.00309,7.79,1777919423
All Pools,AVAX - MU,0.3,False,1.234,90.01,0.00308,1.25,1777919423
All Pools,BLSEYE🎯 - MEOW,0.3,False,1.199,675.39,0.003,0.16,1777919423
All Pools,AVAX - TUS,0.3,False,1.149,8176.87,0.00287,0.01,1777919423
All Pools,XAUt0 - ChristMark,0.3,False,1.128,689.54,0.00282,0.15,1777919423
All Pools,AVAX - SMRT,0.3,False,1.117,2377.63,0.00279,0.04,1777919423
All Pools,VPND - AVAX,0.3,False,1.092,26027.0,0.00273,0.0,1777919423
All Pools,USDC - GAU,0.3,False,1.081,12275.0,0.0027,0.01,1777919423
All Pools,NOCHILL - KET,0.3,False,1.058,15.47,0.00265,6.24,1777919423
All Pools,USDT.e - SMRT,0.3,False,1.046,107.56,0.00261,0.89,1777919423
All Pools,HUSKY - AMI,0.3,False,1.043,84.92,0.00261,1.12,1777919423
All Pools,BUSD - AVAX,0.3,False,1.038,425.58,0.0026,0.22,1777919423
All Pools,UST - USDT.e,0.3,False,1.036,43.9,0.00259,2.15,1777919423
All Pools,SWIFT - AVAX,0.3,False,1.028,312.01,0.00257,0.3,1777919423
All Pools,MM - USDC,0.3,False,1.023,84.77,0.00256,1.1,1777919423
All Pools,MM - AVAX,0.3,False,1.021,136.07,0.00255,0.68,1777919423
All Pools,Trinity - BLACK,0.3,False,1.011,564.82,0.00253,0.16,1777919423
All Pools,AVAX - AVVO,0.3,False,1.006,307.0,0.00252,0.3,1777919423
All Pools,MONEY - AVAX,0.3,False,0.99772,639.3,0.00249,0.14,1777919423
All Pools,rloop - AVAX,0.3,False,0.99178,6334.0,0.00248,0.01,1777919423
All Pools,LUEEGI - AVAX,0.3,False,0.98903,1604.25,0.00247,0.06,1777919423
All Pools,KALM - AVAX,0.3,False,0.96892,128.45,0.00242,0.69,1777919423
All Pools,KALM - USDC,0.3,False,0.96887,85.48,0.00242,1.03,1777919423
All Pools,ROY - AVAX,0.3,False,0.96256,5018.01,0.00241,0.02,1777919423
All Pools,CANS - AVAX,0.3,False,0.95905,13.06,0.0024,6.7,1777919423
All Pools,HOST - AVAX,0.3,False,0.92061,107.92,0.0023,0.78,1777919423
All Pools,MIM - TIME,0.3,False,0.91334,123.21,0.00228,0.68,1777919423
All Pools,JOE - EXP,0.3,False,0.90657,13399273.0,0.00227,,1777919423
All Pools,PTOP1100 - TOPIA,0.3,False,0.90456,152.67,0.00226,0.54,1777919423
All Pools,Now - BLACK,0.3,False,0.87927,443.88,0.0022,0.18,1777919423
All Pools,Psychic - Now,0.3,False,0.8783,633.83,0.0022,0.13,1777919423
All Pools,MAXI - DAI.e,0.3,False,0.86788,237.22,0.00217,0.33,1777919423
All Pools,AVAX - GME,0.3,False,0.85858,714.17,0.00215,0.11,1777919423
All Pools,GAINS - AVAX,0.3,False,0.85432,41.36,0.00214,1.88,1777919423
All Pools,GUN - AMI,0.3,False,0.83799,22.58,0.00209,3.39,1777919423
All Pools,USDC - SPT,0.3,False,0.82482,41.02,0.00206,1.83,1777919423
All Pools,Trinity - Psychic,0.3,False,0.81884,546.54,0.00205,0.14,1777919423
All Pools,USDt - IMPACT2,0.3,False,0.8055,72.34,0.00201,1.02,1777919423
All Pools,50 - AVAX,0.3,False,0.80187,77.02,0.002,0.95,1777919423
All Pools,50 - USDC,0.3,False,0.80186,120.91,0.002,0.61,1777919423
All Pools,FollowTheWhiteRabbit - LuciferMorningstar,0.3,False,0.78563,3644.67,0.00196,0.02,1777919423
All Pools,STATIK - AVAX,0.3,False,0.76132,44.78,0.0019,1.55,1777919423
All Pools,AAVE.e - REDWOLF,0.3,False,0.7513,163.2,0.00188,0.42,1777919423
All Pools,AVAX - ZUBAX,0.3,False,0.74589,118.27,0.00186,0.58,1777919423
All Pools,ZUBAX - USDT.e,0.3,False,0.73735,185.85,0.00184,0.36,1777919423
All Pools,WBTC.e - REDWOLF,0.3,False,0.7369,59.92,0.00184,1.12,1777919423
All Pools,SYMBIOT - AVAX,0.3,False,0.73236,92.89,0.00183,0.72,1777919423
All Pools,AVAX - SHRAP,0.3,False,0.72661,17.67,0.00182,3.75,1777919423
All Pools,JEWEL - USDC,0.3,False,0.72588,4520.97,0.00181,0.01,1777919423
All Pools,COQ - OSAK,0.3,False,0.71765,35.76,0.00179,1.83,1777919423
All Pools,SYMBIOT - DAI.e,0.3,False,0.71684,473.03,0.00179,0.14,1777919423
All Pools,Trinity - LuciferMorningstar,0.3,False,0.71242,352008971.0,0.00178,,1777919423
All Pools,AVAX - KONG,0.3,False,0.69418,7526.43,0.00174,0.01,1777919423
All Pools,HEFE - GAINS,0.3,False,0.69283,6.395,0.00173,9.89,1777919423
All Pools,WETH.e - USDC,0.3,False,0.67481,22.9,0.00169,2.69,1777919423
All Pools,Gladiator - AVAX,0.3,False,0.66445,3.736,0.00166,16.23,1777919423
All Pools,COQ - COQAI,0.3,False,0.66105,28386.0,0.00165,0.0,1777919423
All Pools,USDT.e - MU,0.3,False,0.657,256.41,0.00164,0.23,1777919423
All Pools,BTC.b - IMPACT2,0.3,False,0.65504,1291.04,0.00164,0.05,1777919423
All Pools,LINK.e - REDWOLF,0.3,False,0.65089,82.84,0.00163,0.72,1777919423
All Pools,MU - DAI.e,0.3,False,0.63461,247.27,0.00159,0.23,1777919423
All Pools,LadyMary - AVAX,0.3,False,0.62664,367.72,0.00157,0.16,1777919423
All Pools,bCASH - NOCHILL,0.3,False,0.62623,19.31,0.00157,2.96,1777919423
All Pools,AVAX - mYAK,0.3,False,0.58834,58.63,0.00147,0.92,1777919423
All Pools,Orange - AVAX,0.3,False,0.57906,87.93,0.00145,0.6,1777919423
All Pools,AVAX - APE - X,0.3,False,0.57386,666.17,0.00143,0.08,1777919423
All Pools,SOL - USDC,0.3,False,0.56682,24.25,0.00142,2.13,1777919423
All Pools,BTC.b - SPT,0.3,False,0.54652,40.21,0.00137,1.24,1777919423
All Pools,Gladiator - USDC,0.3,False,0.5385,565.29,0.00135,0.09,1777919423
All Pools,AVAX - PENDLE,0.3,False,0.53102,7820.85,0.00133,0.01,1777919423
All Pools,AVAX - $SICKO,0.3,False,0.53048,10.04,0.00133,4.82,1777919423
All Pools,MIM - wsOHM,0.3,False,0.5274,1104.36,0.00132,0.04,1777919423
All Pools,HEFE - CANS,0.3,False,0.5227,4.634,0.00131,10.29,1777919423
All Pools,AVAX - ARENA,0.3,False,0.52069,81.89,0.0013,0.58,1777919423
All Pools,AMPL - AVAX,0.3,False,0.51174,344.37,0.00128,0.14,1777919423
All Pools,USDt - RUX,0.3,False,0.50999,16101.0,0.00127,0.0,1777919423
All Pools,RUX - AVAX,0.3,False,0.50994,30.56,0.00127,1.52,1777919423
All Pools,WETH.e - REDWOLF,0.3,False,0.49884,103.7,0.00125,0.44,1777919423
All Pools,Gladiator - AMI,0.3,False,0.49803,372.48,0.00125,0.12,1777919423
All Pools,WETH.e - SURE,0.3,False,0.49647,1104.87,0.00124,0.04,1777919423
All Pools,YEEHAW - BTC.b,0.3,False,0.49037,129.37,0.00123,0.35,1777919423
All Pools,UNI.e - REDWOLF,0.3,False,0.47735,10.77,0.00119,4.04,1777919423
All Pools,COQ - JUICE,0.3,False,0.47603,49.06,0.00119,0.89,1777919423
All Pools,MIM - MU,0.3,False,0.4483,255.49,0.00112,0.16,1777919423
All Pools,CQK - AVAX,0.3,False,0.44562,132.84,0.00111,0.31,1777919423
All Pools,CQK - USDC,0.3,False,0.44553,35.32,0.00111,1.15,1777919423
All Pools,KIMBO - CANS,0.3,False,0.44545,394.13,0.00111,0.1,1777919423
All Pools,USDC - CHAM,0.3,False,0.44397,50.3,0.00111,0.81,1777919423
All Pools,IMPACT2 - EURC,0.3,False,0.43904,47.6,0.0011,0.84,1777919423
All Pools,Orange - DivineFeminine,0.3,False,0.43584,1099.54,0.00109,0.04,1777919423
All Pools,gOHM - wsOHM,0.3,False,0.43241,37.63,0.00108,1.05,1777919423
All Pools,TECH - OX,0.3,False,0.41895,5028.95,0.00105,0.01,1777919423
All Pools,AftermathsKobe - AVAX,0.3,False,0.41445,296.32,0.00104,0.13,1777919423
All Pools,Psychic - AftermathsKobe,0.3,False,0.41359,325.27,0.00103,0.12,1777919423
All Pools,AVAX - TOPIA,0.3,False,0.41352,532.51,0.00103,0.07,1777919423
All Pools,BLS - USDt,0.3,False,0.41297,120.09,0.00103,0.31,1777919423
All Pools,ZRO - USDC,0.3,False,0.41145,5.708,0.00103,6.58,1777919423
All Pools,ABC - AVAX,0.3,False,0.40611,1096.73,0.00102,0.03,1777919423
All Pools,NOCHILL - AMI,0.3,False,0.40582,5.733,0.00101,6.46,1777919423
All Pools,BLS - SHRAP,0.3,False,0.4055,9.912,0.00101,3.73,1777919423
All Pools,USDC - yyAVAX,0.3,False,0.40251,14.31,0.00101,2.57,1777919423
All Pools,FERT - AVAX,0.3,False,0.40094,814.92,0.001,0.04,1777919423
All Pools,USDC - USD+,0.3,False,0.39995,33.07,,1.1,1777919423
All Pools,sAVAX - COQ,0.3,False,0.39995,95.41,,0.38,1777919423
All Pools,MIM - USDC.e,0.3,False,0.38349,2007.1,,0.02,1777919423
All Pools,CGS - USDC.e,0.3,False,0.38148,159.82,,0.22,1777919423
All Pools,CGS - AVAX,0.3,False,0.38141,66.93,,0.52,1777919423
All Pools,TRACTOR - AVAX,0.3,False,0.36915,15000.0,,0.0,1777919423
All Pools,Meaning - AVAX,0.3,False,0.36869,456.58,,0.07,1777919423
All Pools,Psychic - Meaning,0.3,False,0.36797,313.85,,0.11,1777919423
All Pools,VEE - USDC,0.3,False,0.36684,32.49,,1.03,1777919423
All Pools,USDC - aXEN,0.3,False,0.35977,9.357,,3.51,1777919423
All Pools,COQ - BOOTY,0.3,False,0.35404,10.82,,2.99,1777919423
All Pools,SURE - DAI.e,0.3,False,0.35198,28.26,,1.14,1777919423
All Pools,Jjj - AVAX,0.3,False,0.34225,292.16,,0.11,1777919423
All Pools,DFIAT - USDT.e,0.3,False,0.34203,28.33,,1.1,1777919423
All Pools,APIX - LAMBO,0.3,False,0.34158,566.75,,0.05,1777919423
All Pools,Psychic - Jjj,0.3,False,0.34155,320.48,,0.1,1777919423
All Pools,BLUB - AVAX,0.3,False,0.33939,17144.0,,0.0,1777919423
All Pools,TSD - AVAX,0.3,False,0.33705,323.79,,0.09,1777919423
All Pools,LUNA - LUNA,0.3,False,0.3306,2.728,,11.06,1777919423
All Pools,Anon - AVAX,0.3,False,0.33032,14.34,,2.1,1777919423
All Pools,oXAUT - AVAX,0.3,False,0.32834,527.49,,0.06,1777919423
All Pools,AVAX - XPOW,0.3,False,0.32825,40.32,,0.74,1777919423
All Pools,BTC.b - oXAUT,0.3,False,0.32821,380.63,,0.08,1777919423
All Pools,MaryMagdalene - AVAX,0.3,False,0.3246,226.17,,0.13,1777919423
All Pools,Trinity - LadyMary,0.3,False,0.32441,11216.0,,0.0,1777919423
All Pools,USDT.e - DUO,0.3,False,0.32255,57.63,,0.51,1777919423
All Pools,AVAX - DUO,0.3,False,0.32251,71.5,,0.41,1777919423
All Pools,BENIS - NOCHILL,0.3,False,0.32067,4.598,,6.36,1777919423
All Pools,USDt - REDWOLF,0.3,False,0.31663,15.04,,1.92,1777919423
All Pools,AVAX - MeaningOfNumbers,0.3,False,0.31637,291.97,,0.1,1777919423
All Pools,Psychic - MeaningOfNumbers,0.3,False,0.31575,320.61,,0.09,1777919423
All Pools,AVAX - BlackAndGold,0.3,False,0.31431,293.5,,0.1,1777919423
All Pools,Psychic - BlackAndGold,0.3,False,0.31385,320.09,,0.09,1777919423
All Pools,AVAX - APOW,0.3,False,0.31276,39.86,,0.72,1777919423
All Pools,HUSKY - MUG,0.3,False,0.30625,23.87,,1.17,1777919423
All Pools,DivineFeminine - Gravity,0.3,False,0.30475,2319.73,,0.01,1777919423
All Pools,USDC.e - WISE,0.3,False,0.30411,46.3,,0.6,1777919423
All Pools,AVAX - WISE,0.3,False,0.30406,79.33,,0.35,1777919423
All Pools,AVAX - BLACK,0.3,False,0.30372,6.081,,4.56,1777919423
All Pools,DFIAT - AVAX,0.3,False,0.30351,7595.37,,0.0,1777919423
All Pools,LadyMary - FollowTheWhiteRabbit,0.3,False,0.30285,651.14,,0.04,1777919423
All Pools,AVAT - USDC,0.3,False,0.3026,40.67,,0.68,1777919423
All Pools,BRO - COQ,0.3,False,0.30254,209.27,,0.13,1777919423
All Pools,SLUSH - USDT.e,0.3,False,0.30167,60.34,,0.46,1777919423
All Pools,SLUSH - AVAX,0.3,False,0.30164,59.27,,0.46,1777919423
All Pools,BRO - AVAX,0.3,False,0.30091,141089.0,,,1777919423
All Pools,USDC.e - WXT,0.3,False,0.29996,291.8,,0.09,1777919423
All Pools,Ducks - AVAX,0.3,False,0.29984,291.95,,0.09,1777919423
All Pools,Psychic - Ducks,0.3,False,0.29929,320.5,,0.09,1777919423
All Pools,AVAI - AVAX,0.3,False,0.29783,29.54,,0.92,1777919423
All Pools,BTC.b - HOWDY,0.3,False,0.29609,186.82,,0.14,1777919423
All Pools,AVVO - DAI.e,0.3,False,0.29096,39.84,,0.67,1777919423
All Pools,PTOP900 - TOPIA,0.3,False,0.29008,104.9,,0.25,1777919423
All Pools,HOWDY - AVAX,0.3,False,0.28743,21307.0,,0.0,1777919423
All Pools,AVAX - MILO,0.3,False,0.28167,1161.9,,0.02,1777919423
All Pools,USDt - MILO,0.3,False,0.28165,17.23,,1.49,1777919423
All Pools,miMatic - USDC.e,0.3,False,0.27753,23.45,,1.08,1777919423
All Pools,MIM - FORT,0.3,False,0.27181,18200.0,,0.0,1777919423
All Pools,AVAX - FORT,0.3,False,0.27181,39.42,,0.63,1777919423
All Pools,AVAX - MUG,0.3,False,0.27109,354.71,,0.07,1777919423
All Pools,NOCHILL - REDWOLF,0.3,False,0.26931,3.328,,7.38,1777919423
All Pools,Psychic - Xmas,0.3,False,0.26872,301.13,,0.08,1777919423
All Pools,wsOHM - AVAX,0.3,False,0.26741,22.27,,1.1,1777919423
All Pools,Hopi - AVAX,0.3,False,0.26539,217.47,,0.11,1777919423
All Pools,Hopi - Now,0.3,False,0.26518,715.75,,0.03,1777919423
All Pools,WBTC.e - USDC.e,0.3,False,0.26506,9.066,,2.67,1777919423
All Pools,AVAX - CHAM,0.3,False,0.26155,33.25,,0.72,1777919423
All Pools,YEEHAW - AVAX,0.3,False,0.25741,32.1,,0.73,1777919423
All Pools,USDT - ETH,0.3,False,0.25384,217.17,,0.11,1777919423
All Pools,AVAX - Prometheus,0.3,False,0.25297,285.1,,0.08,1777919423
All Pools,Psychic - Prometheus,0.3,False,0.25245,311.62,,0.07,1777919423
All Pools,BOI - MU,0.3,False,0.24875,1.218,,18.64,1777919423
All Pools,AVAX - SPT,0.3,False,0.24836,16.63,,1.36,1777919423
All Pools,AVAX - Wej,0.3,False,0.24802,292.67,,0.08,1777919423
All Pools,Psychic - Wej,0.3,False,0.2475,320.3,,0.07,1777919423
All Pools,ArniStitch - AVAX,0.3,False,0.24154,291.96,,0.08,1777919423
All Pools,$Crazy - AVAX,0.3,False,0.24153,1016.43,,0.02,1777919423
All Pools,Psychic - ArniStitch,0.3,False,0.24107,320.5,,0.07,1777919423
All Pools,avax0 - AVAX,0.3,False,0.2402,6.996,,3.13,1777919423
All Pools,USDC.e - SOL,0.3,False,0.23849,42.1,,0.52,1777919423
All Pools,Xmas - AVAX,0.3,False,0.23784,274.96,,0.08,1777919423
All Pools,TOPIA - PTOP800,0.3,False,0.23296,148.3,,0.14,1777919423
All Pools,AI - AVAX,0.3,False,0.22982,4328.4,,0.0,1777919423
All Pools,HEFE - AMI,0.3,False,0.22751,1.91,,10.87,1777919423
All Pools,WOLF - AVAX,0.3,False,0.22618,43514.0,,,1777919423
All Pools,AVAX - All,0.3,False,0.2253,293.85,,0.07,1777919423
All Pools,Psychic - Sinterklaas,0.3,False,0.22487,317.25,,0.06,1777919423
All Pools,Psychic - All,0.3,False,0.22487,320.27,,0.06,1777919423
All Pools,GLOBA - AVAX,0.3,False,0.22448,51.78,,0.4,1777919423
All Pools,AVAX - RedFolder,0.3,False,0.22326,292.48,,0.07,1777919423
All Pools,DéjàVu - Gravity,0.3,False,0.22288,208.33,,0.1,1777919423
All Pools,Psychic - RedFolder,0.3,False,0.2228,320.36,,0.06,1777919423
All Pools,MaryMagdalene - XAUt0,0.3,False,0.22256,1928.64,,0.01,1777919423
All Pools,SUB - USDC,0.3,False,0.22215,13.43,,1.51,1777919423
All Pools,Serpentarius - AVAX,0.3,False,0.22139,297.0,,0.07,1777919423
All Pools,Psychic - Serpentarius,0.3,False,0.2209,324.83,,0.06,1777919423
All Pools,VENG - AVAX,0.3,False,0.21857,60.81,,0.33,1777919423
All Pools,USDT.e - ZABU,0.3,False,0.21792,48.49,,0.41,1777919423
All Pools,MIM - PAPA,0.3,False,0.21641,416.54,,0.05,1777919423
All Pools,PAPA - AVAX,0.3,False,0.21638,30.87,,0.64,1777919423
All Pools,MIM - USDC,0.3,False,0.21572,76.95,,0.26,1777919423
All Pools,GLOBA - DAI.e,0.3,False,0.21492,52.79,,0.37,1777919423
All Pools,CommieSukey - AVAX,0.3,False,0.21364,292.9,,0.07,1777919423
All Pools,Psychic - CommieSukey,0.3,False,0.21322,320.58,,0.06,1777919423
All Pools,METAG - AVAX,0.3,False,0.21136,24.62,,0.78,1777919423
All Pools,MerryXmas - AVAX,0.3,False,0.2106,269.37,,0.07,1777919423
All Pools,BOI - AMI,0.3,False,0.20816,1.035,,18.35,1777919423
All Pools,USDC - BVAX,0.3,False,0.2076,30.96,,0.61,1777919423
All Pools,EGG - AVAX,0.3,False,0.20728,23449.0,,,1777919423
All Pools,NeatestQuackery - AVAX,0.3,False,0.20029,291.64,,0.06,1777919423
All Pools,Psychic - NeatestQuackery,0.3,False,0.19993,320.57,,0.06,1777919423
All Pools,USDt - DXN,0.3,False,0.19218,216.03,,0.08,1777919423
All Pools,KRW - AVAX,0.3,False,0.19119,461.15,,0.04,1777919423
All Pools,JOE - KRW,0.3,False,0.19112,239.98,,0.07,1777919423
All Pools,DiamondbackGall - AVAX,0.3,False,0.1902,293.9,,0.06,1777919423
All Pools,Psychic - DiamondbackGall,0.3,False,0.18984,320.54,,0.05,1777919423
All Pools,AVAT - AVAX,0.3,False,0.18295,21.67,,0.77,1777919423
All Pools,Psychic - MerryXmas,0.3,False,0.17869,294.85,,0.06,1777919423
All Pools,DogL - AVAX,0.3,False,0.17868,293.89,,0.06,1777919423
All Pools,Psychic - DogL,0.3,False,0.17834,320.54,,0.05,1777919423
All Pools,USDt - XPOW,0.3,False,0.17549,20.31,,0.79,1777919423
All Pools,DCAU - MIM,0.3,False,0.17214,314.6,,0.05,1777919423
All Pools,SURE - USDC.e,0.3,False,0.17155,23.78,,0.66,1777919423
All Pools,AMI - TOPIA,0.3,False,0.1697,225.01,,0.07,1777919423
All Pools,AVAX - ZABU,0.3,False,0.16842,30.51,,0.5,1777919423
All Pools,Chemistry - AVAX,0.3,False,0.16337,89.8,,0.17,1777919423
All Pools,AVAX - NXUSD,0.3,False,0.16006,0.4931,,29.62,1777919423
All Pools,TickTock - AVAX,0.3,False,0.15722,89.63,,0.16,1777919423
All Pools,MELT - AVAX,0.3,False,0.15713,25.1,,0.57,1777919423
All Pools,USDt - APOW,0.3,False,0.15706,20.3,,0.71,1777919423
All Pools,TickTock - Now,0.3,False,0.15701,906.77,,0.02,1777919423
All Pools,Trinity - Gravity,0.3,False,0.15626,2467.66,,0.01,1777919423
All Pools,DivineFeminine - AVAX,0.3,False,0.15605,6.237,,2.28,1777919423
All Pools,USDC - APOW,0.3,False,0.15562,20.29,,0.7,1777919423
All Pools,AVAX - SNOB,0.3,False,0.15509,981.58,,0.01,1777919423
All Pools,gOHM - SB,0.3,False,0.15289,15.43,,0.9,1777919423
All Pools,USDC - XPOW,0.3,False,0.15272,20.36,,0.68,1777919423
All Pools,USDT.e - EXP,0.3,False,0.15189,44253150.0,,,1777919423
All Pools,BTC.b - REDWOLF,0.3,False,0.14961,121.23,,0.11,1777919423
All Pools,LINDA - AVAX,0.3,False,0.14855,2106.82,,0.01,1777919423
All Pools,Christmas - AVAX,0.3,False,0.14789,249.57,,0.05,1777919423
All Pools,AVAX - SDOG,0.3,False,0.14664,10.28,,1.3,1777919423
All Pools,MIM - BLANC,0.3,False,0.14457,8463.46,,0.0,1777919423
All Pools,AVAX - BLANC,0.3,False,0.14456,22.1,,0.6,1777919423
All Pools,Psychic - Miller,0.3,False,0.14392,436.86,,0.03,1777919423
All Pools,Chemistry - Now,0.3,False,0.14346,907.13,,0.01,1777919423
All Pools,WarpSpeed - AVAX,0.3,False,0.14306,139.82,,0.09,1777919423
All Pools,Gravity - WarpSpeed,0.3,False,0.14303,84.96,,0.15,1777919423
All Pools,TOMB - USDC,0.3,False,0.14135,10.71,,1.2,1777919423
All Pools,FLAKE - USDT.e,0.3,False,0.14133,51.1,,0.25,1777919423
All Pools,FLAKE - AVAX,0.3,False,0.14131,21.56,,0.6,1777919423
All Pools,USDC - SDOG,0.3,False,0.14104,485.42,,0.03,1777919423
All Pools,Beyond - AVAX,0.3,False,0.14007,89.55,,0.14,1777919423
All Pools,Beyond - Orange,0.3,False,0.1398,4408.83,,0.0,1777919423
All Pools,miMatic - AVAX,0.3,False,0.13976,37.13,,0.34,1777919423
All Pools,METAG - USDt,0.3,False,0.13814,16.18,,0.78,1777919423
All Pools,NOCHILL - MU,0.3,False,0.13353,2.064,,5.9,1777919423
All Pools,Matter - AVAX,0.3,False,0.13205,80.46,,0.15,1777919423
All Pools,Orange - Matter,0.3,False,0.13176,8938.45,,0.0,1777919423
All Pools,AVAX - GAU,0.3,False,0.13082,9.258,,1.29,1777919423
All Pools,WLRS - USDC.e,0.3,False,0.12838,4533.08,,0.0,1777919423
All Pools,Light - AVAX,0.3,False,0.12672,89.75,,0.13,1777919423
All Pools,Light - Now,0.3,False,0.12649,907.66,,0.01,1777919423
All Pools,Sanskrit - AVAX,0.3,False,0.12596,89.77,,0.13,1777919423
All Pools,BTC.b - USDC,0.3,False,0.12581,4.715,,2.43,1777919423
All Pools,Sanskrit - Now,0.3,False,0.12567,908.08,,0.01,1777919423
All Pools,AVAX - Strength,0.3,False,0.12529,141.56,,0.08,1777919423
All Pools,FollowTheWhiteRabbit - DivineFeminine,0.3,False,0.12508,677.29,,0.02,1777919423
All Pools,AVAX - Mentor,0.3,False,0.12424,89.39,,0.13,1777919423
All Pools,Now - Mentor,0.3,False,0.1241,904.58,,0.01,1777919423
All Pools,GURS - NOCHILL,0.3,False,0.12274,1.859,,6.03,1777919423
All Pools,YETI - AVAX,0.3,False,0.12008,3319.8,,0.0,1777919423
All Pools,FollowTheWhiteRabbit - TheGospelOfMary,0.3,False,0.11919,158.56,,0.07,1777919423
All Pools,AVAX - TheGospelOfMary,0.3,False,0.11907,160.47,,0.07,1777919423
All Pools,ALOT - USDC.e,0.3,False,0.11815,9.334,,1.16,1777919423
All Pools,LIBRE - USDC.e,0.3,False,0.11688,15.0,,0.71,1777919423
All Pools,BrideOfChrist - AVAX,0.3,False,0.11408,90.26,,0.12,1777919423
All Pools,Silver - AVAX,0.3,False,0.11351,88.29,,0.12,1777919423
All Pools,Silver - Now,0.3,False,0.11331,909.11,,0.01,1777919423
All Pools,YEEHAW - USDC,0.3,False,0.11154,12.77,,0.8,1777919423
All Pools,Solar - AVAX,0.3,False,0.10994,90.01,,0.11,1777919423
All Pools,Solar - Now,0.3,False,0.10987,910.31,,0.01,1777919423
All Pools,CNR - USDC,0.3,False,0.10919,4.868,,2.05,1777919423
All Pools,Go - AVAX,0.3,False,0.10838,140.61,,0.07,1777919423
All Pools,Psychic - DéjàVu,0.3,False,0.1071,197.28,,0.05,1777919423
All Pools,HEFE - HIGHER,0.3,False,0.10614,0.96065,,10.08,1777919423
All Pools,KLO - USDT.e,0.3,False,0.10602,5.643,,1.71,1777919423
All Pools,Yellow - AVAX,0.3,False,0.10584,266.17,,0.04,1777919423
All Pools,Blue - AVAX,0.3,False,0.10544,263.97,,0.04,1777919423
All Pools,FollowTheWhiteRabbit - Priory,0.3,False,0.10475,927.58,,0.01,1777919423
All Pools,NineHundred - AVAX,0.3,False,0.10473,140.59,,0.07,1777919423
All Pools,Priory - AVAX,0.3,False,0.10465,77.21,,0.12,1777919423
All Pools,HIGHER - AVAX,0.3,False,0.1036,1.871,,5.05,1777919423
All Pools,ORNG - JUICE,0.3,False,0.10254,2.788,,3.36,1777919423
All Pools,MELT - USDT.e,0.3,False,0.10245,31.01,,0.3,1777919423
All Pools,BrideOfChrist - FollowTheWhiteRabbit,0.3,False,0.10232,732.96,,0.01,1777919423
All Pools,3QF - D - AVAX,0.3,False,0.10164,1799.07,,0.01,1777919423
All Pools,Uncontractable - AVAX,0.3,False,0.10154,88.21,,0.11,1777919423
All Pools,Uncontractable - Now,0.3,False,0.10137,887.49,,0.01,1777919423
All Pools,3QF - D - WETH.e,0.3,False,0.10135,3188.93,,0.0,1777919423
All Pools,wsOHM - USDC.e,0.3,False,0.10059,42.64,,0.22,1777919423
All Pools,UST - USDC,0.3,False,0.10008,4.48,,2.04,1777919423
All Pools,MAJIN - REDWOLF,0.3,False,0.0999,7.107,,1.28,1777919423
All Pools,JPYC - USDC.e,0.3,False,0.09987,4.814,,1.89,1777919423
All Pools,Hydrogen - AVAX,0.3,False,0.09942,263.92,,0.03,1777919423
All Pools,SLIME - AVAX,0.3,False,0.09841,21895.0,,,1777919423
All Pools,SLIME - USDt,0.3,False,0.09838,7.399,,1.21,1777919423
All Pools,GAS - AVAX,0.3,False,0.09827,232.48,,0.04,1777919423
All Pools,AVAX - Propriety,0.3,False,0.09779,89.46,,0.1,1777919423
All Pools,SOB - LUNA,0.3,False,0.09772,1.338,,6.67,1777919423
All Pools,Now - Propriety,0.3,False,0.09758,906.77,,0.01,1777919423
All Pools,USDC.e - NXUSD,0.3,False,0.09721,1.658,,5.35,1777919423
All Pools,Christmas - Merovingian,0.3,False,0.09712,117.34,,0.08,1777919423
All Pools,Now - Merovingian,0.3,False,0.09665,70.0,,0.13,1777919423
All Pools,AVAX - √Root,0.3,False,0.09657,89.49,,0.1,1777919423
All Pools,Now - √Root,0.3,False,0.09645,905.04,,0.01,1777919423
All Pools,AVAX - LuciferMorningstar,0.3,False,0.09639,14.66,,0.6,1777919423
All Pools,MAJIN - MU,0.3,False,0.09607,4.465,,1.96,1777919423
All Pools,AVAX - NEMO,0.3,False,0.09502,7.857,,1.1,1777919423
All Pools,USDt - NEMO,0.3,False,0.09501,97.07,,0.09,1777919423
All Pools,RUGPULL - MUG,0.3,False,0.09406,186.13,,0.05,1777919423
All Pools,MIM - AUSD,0.3,False,0.09353,35.43,,0.24,1777919423
All Pools,WINK - NOCHILL,0.3,False,0.09213,0.85195,,9.87,1777919423
All Pools,AVAX - STRAW,0.3,False,0.09191,15.76,,0.53,1777919423
All Pools,Psychic - Blue,0.3,False,0.09182,82.45,,0.1,1777919423
All Pools,JOE - ZABU,0.3,False,0.09038,18.65,,0.44,1777919423
All Pools,NOCHILL - WAIFU,0.3,False,0.08923,149.92,,0.05,1777919423
All Pools,MIM - GRAPE,0.3,False,0.08861,2398.43,,0.0,1777919423
All Pools,WLRS - GRAPE,0.3,False,0.08859,77.83,,0.1,1777919423
All Pools,DAI.e - STRAW,0.3,False,0.08796,34.17,,0.23,1777919423
All Pools,Strength - Sinterklaas,0.3,False,0.0871,1664.62,,0.0,1777919423
All Pools,Gil - AVAX,0.3,False,0.08705,17.13,,0.46,1777919423
All Pools,aAvaLINK - AVAX,0.3,False,0.08596,9.654,,0.81,1777919423
All Pools,Psychic - Hydrogen,0.3,False,0.08576,82.79,,0.09,1777919423
All Pools,BUSD - USDC,0.3,False,0.08533,7.778,,1.0,1777919423
All Pools,Void - AVAX,0.3,False,0.08497,87.92,,0.09,1777919423
All Pools,Void - Now,0.3,False,0.0848,909.19,,0.01,1777919423
All Pools,BANKSY - USDC.e,0.3,False,0.08457,31.34,,0.25,1777919423
All Pools,BANKSY - AVAX,0.3,False,0.08454,23.39,,0.33,1777919423
All Pools,Gil - DAI.e,0.3,False,0.08329,28.4,,0.27,1777919423
All Pools,LINK.e - MU,0.3,False,0.0825,7.593,,0.99,1777919423
All Pools,PTOP1300 - TOPIA,0.3,False,0.08188,97.91,,0.08,1777919423
All Pools,H2O - AVAX,0.3,False,0.0808,22.65,,0.33,1777919423
All Pools,ZUM - NOCHILL,0.3,False,0.07681,1.179,,5.94,1777919423
All Pools,Psychic - Stolen,0.3,False,0.07658,85.9,,0.08,1777919423
All Pools,MEOW - AVAX,0.3,False,0.07629,10608.0,,,1777919423
All Pools,HEFE - Always,0.3,False,0.07589,0.95801,,7.23,1777919423
All Pools,LUNA - USDC,0.3,False,0.07494,1.522,,4.49,1777919423
All Pools,AVAX - Teste,0.3,False,0.07428,88.66,,0.08,1777919423
All Pools,BTC.b - MU,0.3,False,0.07421,11.5,,0.59,1777919423
All Pools,Now - Teste,0.3,False,0.07417,908.11,,0.01,1777919423
All Pools,WDAO - MIM,0.3,False,0.07373,23.66,,0.28,1777919423
All Pools,WDAO - AVAX,0.3,False,0.07371,19.86,,0.34,1777919423
All Pools,Necromancer - AVAX,0.3,False,0.07357,89.62,,0.07,1777919423
All Pools,Psychic - Yellow,0.3,False,0.07345,83.04,,0.08,1777919423
All Pools,Miller - AVAX,0.3,False,0.07343,91.23,,0.07,1777919423
All Pools,Now - Necromancer,0.3,False,0.07343,906.56,,0.01,1777919423
All Pools,METAG - USDT.e,0.3,False,0.07317,49.71,,0.13,1777919423
All Pools,USDC - AMI,0.3,False,0.07127,0.6699,,9.71,1777919423
All Pools,Who - AVAX,0.3,False,0.06981,140.31,,0.05,1777919423
All Pools,NotBrideOfChrist - AVAX,0.3,False,0.06965,69.11,,0.09,1777919423
All Pools,AVAX - Blessing,0.3,False,0.06954,80.47,,0.08,1777919423
All Pools,Now - Blessing,0.3,False,0.0694,809.45,,0.01,1777919423
All Pools,AVAX - Nala,0.3,False,0.0691,25.83,,0.24,1777919423
All Pools,Mungo - AVAX,0.3,False,0.06843,41.4,,0.15,1777919423
All Pools,DéjàVu - Mungo,0.3,False,0.06835,183.44,,0.03,1777919423
All Pools,MIM - SPELL,0.3,False,0.06779,7.659,,0.81,1777919423
All Pools,CNR - USDt,0.3,False,0.06754,4.888,,1.26,1777919423
All Pools,bECH - AVAX,0.3,False,0.06724,21.64,,0.28,1777919423
All Pools,LoveYou - AVAX,0.3,False,0.06682,61.78,,0.1,1777919423
All Pools,LoveYou - Gravity,0.3,False,0.06675,56.83,,0.11,1777919423
All Pools,COQ - AMI,0.3,False,0.06634,14.21,,0.43,1777919423
All Pools,MIM - GG,0.3,False,0.06542,294.98,,0.02,1777919423
All Pools,AVAX - GG,0.3,False,0.06541,9.551,,0.62,1777919423
All Pools,UNIQOC - AVAX,0.3,False,0.06448,1143.88,,0.01,1777919423
All Pools,UNIQOC - COQ,0.3,False,0.0641,54.76,,0.11,1777919423
All Pools,CHAMP - AMI,0.3,False,0.06366,38.53,,0.15,1777919423
All Pools,LUNA - USDt,0.3,False,0.06354,1.442,,4.02,1777919423
All Pools,AVAX - Sinterklaas,0.3,False,0.06345,139.5,,0.04,1777919423
All Pools,ElvisJackpot - BLACK,0.3,False,0.06289,17.75,,0.32,1777919423
All Pools,NotBrideOfChrist - Miller,0.3,False,0.06268,21877.0,,,1777919423
All Pools,MIM - GG,0.3,False,0.06169,23.61,,0.24,1777919423
All Pools,GG - AVAX,0.3,False,0.06169,12.48,,0.45,1777919423
All Pools,wMEMO - AVAX,0.3,False,0.06121,13.88,,0.4,1777919423
All Pools,AVAX - SantaGospel,0.3,False,0.06054,134.45,,0.04,1777919423
All Pools,BrideOfChrist - BLACK,0.3,False,0.06046,33.31,,0.17,1777919423
All Pools,Vaccine - AVAX,0.3,False,0.06022,88.19,,0.06,1777919423
All Pools,Vaccine - Now,0.3,False,0.06018,898.86,,0.01,1777919423
All Pools,FINANCE - NOCHILL,0.3,False,0.05996,445.76,,0.01,1777919423
All Pools,Slope - AVAX,0.3,False,0.05952,89.67,,0.06,1777919423
All Pools,Slope - Now,0.3,False,0.05938,905.01,,0.01,1777919423
All Pools,USDR - USDC,0.3,False,0.059,41.05,,0.13,1777919423
All Pools,Go - Sinterklaas,0.3,False,0.05835,1657.73,,0.0,1777919423
All Pools,meGNX - AVAX,0.3,False,0.05776,17.72,,0.3,1777919423
All Pools,Stolen - AVAX,0.3,False,0.05757,17.74,,0.3,1777919423
All Pools,wMEMO - MIM,0.3,False,0.05757,20.78,,0.25,1777919423
All Pools,ACS - USDC.e,0.3,False,0.05747,5.433,,0.97,1777919423
All Pools,Psychic - Who,0.3,False,0.05636,74.61,,0.07,1777919423
All Pools,MELT - USDC.e,0.3,False,0.05469,31.4,,0.16,1777919423
All Pools,UST - UST,0.3,False,0.0546,1.928,,2.58,1777919423
All Pools,USDC - USDT.e,0.3,False,0.05448,154.61,,0.03,1777919423
All Pools,MPL - USDt,0.3,False,0.05372,30.8,,0.16,1777919423
All Pools,MPL - AVAX,0.3,False,0.0537,6.213,,0.79,1777919423
All Pools,FITFI - USDC,0.3,False,0.0532,0.45139,,10.75,1777919423
All Pools,Apollyon - AVAX,0.3,False,0.05313,36.71,,0.13,1777919423
All Pools,Apollyon - LuciferMorningstar,0.3,False,0.05307,235003480.0,,,1777919423
All Pools,MaryMagdalene - Gravity,0.3,False,0.05279,131.7,,0.04,1777919423
All Pools,AMI - JUICY,0.3,False,0.05198,0.93121,,5.09,1777919423
All Pools,DUO - USDT.e,0.3,False,0.0507,7.274,,0.64,1777919423
All Pools,GOLD - AVAX,0.3,False,0.04973,0.0069,,657.89,1777919423
All Pools,Psychic - NineHundred,0.3,False,0.04951,73.78,,0.06,1777919423
All Pools,JOE - ZUBAX,0.3,False,0.04876,9.184,,0.48,1777919423
All Pools,MaryMagdalene - BrideOfChrist,0.3,False,0.04866,120.09,,0.04,1777919423
All Pools,DéjàVu - AVAX,0.3,False,0.0476,44.66,,0.1,1777919423
All Pools,MIM - SBR,0.3,False,0.04757,40.09,,0.11,1777919423
All Pools,SBR - AVAX,0.3,False,0.04756,7.394,,0.59,1777919423
All Pools,USDC.e - WOLF,0.3,False,0.04738,8.782,,0.49,1777919423
All Pools,AVAX - WOLF,0.3,False,0.04737,74.19,,0.06,1777919423
All Pools,TrumpTower - AVAX,0.3,False,0.04615,161.09,,0.03,1777919423
All Pools,TrumpTower - Gravity,0.3,False,0.04612,76.28,,0.06,1777919423
All Pools,MIM - NADO,0.3,False,0.04556,1164.7,,0.0,1777919423
All Pools,AVAX - NADO,0.3,False,0.04555,7.782,,0.53,1777919423
All Pools,REDWOLF - SOL,0.3,False,0.04551,75.5,,0.06,1777919423
All Pools,Chrism - ChristMark,0.3,False,0.04539,179.29,,0.02,1777919423
All Pools,Psychic - SantaGospel,0.3,False,0.04497,73.82,,0.06,1777919423
All Pools,MELT - AVAX,0.3,False,0.04478,1143.76,,0.0,1777919423
All Pools,USDT.e - XAVA,0.3,False,0.04417,11.33,,0.36,1777919423
All Pools,XAUt0 - ElvisJackpot,0.3,False,0.04393,325.69,,0.01,1777919423
All Pools,Trinity - Nala,0.3,False,0.04388,40.97,,0.1,1777919423
All Pools,MIM - LIFE,0.3,False,0.04345,66.98,,0.06,1777919423
All Pools,LIFE - AVAX,0.3,False,0.04345,7.255,,0.55,1777919423
All Pools,USDT.e - TMT,0.3,False,0.04322,25.99,,0.15,1777919423
All Pools,AVAX - TMT,0.3,False,0.04321,7.113,,0.55,1777919423
All Pools,USDC - WSPP,0.3,False,0.04317,44.04,,0.09,1777919423
All Pools,AVAX - WSPP,0.3,False,0.04317,3.0,,1.31,1777919423
All Pools,WORM - AVAX,0.3,False,0.04314,394.85,,0.01,1777919423
All Pools,MELT - USDC.e,0.3,False,0.04269,7.073,,0.55,1777919423
All Pools,NineHundred - Sinterklaas,0.3,False,0.04268,1657.19,,0.0,1777919423
All Pools,KrisKringle - AVAX,0.3,False,0.04254,26.23,,0.15,1777919423
All Pools,KrisKringle - Gravity,0.3,False,0.04252,77.78,,0.05,1777919423
All Pools,COQ - JUICY,0.3,False,0.0423,0.7161,,5.39,1777919423
All Pools,SURE - AVAX,0.3,False,0.04214,7.22,,0.53,1777919423
All Pools,GOOD - GAINS,0.3,False,0.04208,3.784,,1.01,1777919423
All Pools,GOOD - AVAX,0.3,False,0.0419,152.69,,0.03,1777919423
All Pools,TruthClosure - BLACK,0.3,False,0.04168,25.88,,0.15,1777919423
All Pools,BENSI - AMI,0.3,False,0.04163,3.355,,1.13,1777919423
All Pools,USDT.e - BOREA,0.3,False,0.04145,26.71,,0.14,1777919423
All Pools,AVAX - BOREA,0.3,False,0.04144,6.751,,0.56,1777919423
All Pools,Trinity - Stolen,0.3,False,0.04098,29.79,,0.13,1777919423
All Pools,ICUBE - USDT.e,0.3,False,0.04063,107.94,,0.03,1777919423
All Pools,ICUBE - AVAX,0.3,False,0.04061,6.373,,0.58,1777919423
All Pools,Gold - AVAX,0.3,False,0.04051,89.86,,0.04,1777919423
All Pools,Gold - Now,0.3,False,0.04043,909.12,,0.0,1777919423
All Pools,BNB - AVAX,0.3,False,0.04007,4109.19,,,1777919423
All Pools,aAvaLINK - meGNX,0.3,False,0.03978,10.66,,0.34,1777919423
All Pools,TEDDY - AVAX,0.3,False,0.03907,16.88,,0.21,1777919423
All Pools,REDWOLF - SHRAP,0.3,False,0.03891,1.145,,3.1,1777919423
All Pools,AVAX - LYLY,0.3,False,0.03888,72.71,,0.05,1777919423
All Pools,RoselineBloodline - AVAX,0.3,False,0.03862,44.36,,0.08,1777919423
All Pools,FollowTheWhiteRabbit - RoselineBloodline,0.3,False,0.03862,41.38,,0.09,1777919423
All Pools,HOWDY - NOCHILL,0.3,False,0.03829,1.081,,3.23,1777919423
All Pools,Psychic - Christmas,0.3,False,0.03786,44.05,,0.08,1777919423
All Pools,USDC - MXNB,0.3,False,0.03766,27.43,,0.13,1777919423
All Pools,MIM - DAI.e,0.3,False,0.03737,52.45,,0.07,1777919423
All Pools,RACEX - MUG,0.3,False,0.03645,179.2,,0.02,1777919423
All Pools,Psychic - Go,0.3,False,0.03616,74.06,,0.04,1777919423
All Pools,Four - AVAX,0.3,False,0.03542,74.75,,0.04,1777919423
All Pools,wALGO - AVAX,0.3,False,0.03482,163.73,,0.02,1777919423
All Pools,wALGO - USDC,0.3,False,0.03481,2.838,,1.12,1777919423
All Pools,gOHM - JOE,0.3,False,0.03465,3.907,,0.81,1777919423
All Pools,DrainTheSwamp - AVAX,0.3,False,0.03457,37.69,,0.08,1777919423
All Pools,LOST - AVAX,0.3,False,0.03381,1663.75,,0.0,1777919423
All Pools,ELE - AVAX,0.3,False,0.03357,124.15,,0.02,1777919423
All Pools,OH - AVAX,0.3,False,0.03315,93.99,,0.03,1777919423
All Pools,AVAX - Always,0.3,False,0.03262,0.60977,,4.88,1777919423
All Pools,Satoshi - AVAX,0.3,False,0.03258,19.22,,0.15,1777919423
All Pools,Satoshi - Gravity,0.3,False,0.03255,55.02,,0.05,1777919423
All Pools,3ULL - AVAX,0.3,False,0.03253,47.87,,0.06,1777919423
All Pools,ChristMark - ChristIAmYou,0.3,False,0.03168,26.11,,0.11,1777919423
All Pools,SHERPA - AVAX,0.3,False,0.03168,130.95,,0.02,1777919423
All Pools,WETH.e - USDR,0.3,False,0.03153,2.819,,1.02,1777919423
All Pools,MerryXmas - ChristMark,0.3,False,0.03151,80.08,,0.04,1777919423
All Pools,Christmas - Xmas,0.3,False,0.03149,74.28,,0.04,1777919423
All Pools,RUG - USDT.e,0.3,False,0.03129,14.74,,0.19,1777919423
All Pools,FollowTheWhiteRabbit - StatueOfLiberty,0.3,False,0.03008,509.75,,0.01,1777919423
All Pools,StatueOfLiberty - AVAX,0.3,False,0.03005,14.79,,0.19,1777919423
All Pools,Milk - USDT.e,0.3,False,0.02966,14.43,,0.19,1777919423
All Pools,Milk - AVAX,0.3,False,0.02964,6.653,,0.41,1777919423
All Pools,AVAX - IMPACT,0.3,False,0.0293,6.304,,0.42,1777919423
All Pools,SOB - AVAX,0.3,False,0.02892,555.91,,0.0,1777919423
All Pools,GMX - USDC,0.3,False,0.02887,0.91876,,2.87,1777919423
All Pools,FITFI - USDC.e,0.3,False,0.02855,0.24346,,10.7,1777919423
All Pools,PNG - REDWOLF,0.3,False,0.02827,4.313,,0.6,1777919423
All Pools,USDC.e - UST,0.3,False,0.02823,1.771,,1.45,1777919423
All Pools,USDT.e - GOT,0.3,False,0.02805,12.83,,0.2,1777919423
All Pools,AVAX - GOT,0.3,False,0.02804,5.266,,0.49,1777919423
All Pools,USDt - IMPACT,0.3,False,0.0277,3.36,,0.75,1777919423
All Pools,XIO - AVAX,0.3,False,0.02739,2.828,,0.88,1777919423
All Pools,XIO - USDC,0.3,False,0.02739,24.52,,0.1,1777919423
All Pools,WETH.e - yyAVAX,0.3,False,0.02716,19.58,,0.13,1777919423
All Pools,KOVIN - AVAX,0.3,False,0.02667,3207.05,,,1777919423
All Pools,USDC.e - SPADE,0.3,False,0.02656,16.16,,0.15,1777919423
All Pools,AVAX - SPADE,0.3,False,0.02655,6.071,,0.4,1777919423
All Pools,3ULL - USDt,0.3,False,0.02632,2.539,,0.95,1777919423
All Pools,Trinity - Sinterklaas,0.3,False,0.02607,26.03,,0.09,1777919423
All Pools,CodexKennyMin - AVAX,0.3,False,0.02584,25.06,,0.09,1777919423
All Pools,AVAX - USDR,0.3,False,0.02575,2.994,,0.78,1777919423
All Pools,BSGG - AVAX,0.3,False,0.02566,3.875,,0.6,1777919423
All Pools,Psychic - Nala,0.3,False,0.02528,269.92,,0.01,1777919423
All Pools,Gravity - HustleTappers,0.3,False,0.02526,24.0,,0.1,1777919423
All Pools,AVAX - HustleTappers,0.3,False,0.02525,55.67,,0.04,1777919423
All Pools,USDT.e - AVVO,0.3,False,0.02518,4.066,,0.57,1777919423
All Pools,NOCHILL - ARENA,0.3,False,0.02512,0.41704,,5.5,1777919423
All Pools,Gravity - ChristMark,0.3,False,0.02483,15.43,,0.15,1777919423
All Pools,BTC.b - yyAVAX,0.3,False,0.02471,5.611,,0.4,1777919423
All Pools,HIGHER - AMI,0.3,False,0.02445,3.315,,0.67,1777919423
All Pools,LoveIsTheKey - AVAX,0.3,False,0.02436,15.05,,0.15,1777919423
All Pools,Psychic - Strength,0.3,False,0.02436,74.77,,0.03,1777919423
All Pools,AAVE.e - USDT.e,0.3,False,0.02414,2.595,,0.85,1777919423
All Pools,HIGHER - NOCHILL,0.3,False,0.02398,0.3266,,6.7,1777919423
All Pools,AVAX - Ouroboros,0.3,False,0.02387,21.77,,0.1,1777919423
All Pools,ARENA - MU,0.3,False,0.02386,3.358,,0.65,1777919423
All Pools,BTC.b - GMX,0.3,False,0.02366,1.588,,1.36,1777919423
All Pools,WhollySphere - Gravity,0.3,False,0.02358,22.89,,0.09,1777919423
All Pools,WhollySphere - AVAX,0.3,False,0.02357,50.88,,0.04,1777919423
All Pools,WOLF - USDT.e,0.3,False,0.02357,4.059,,0.53,1777919423
All Pools,WOLF - AVAX,0.3,False,0.02356,70.67,,0.03,1777919423
All Pools,AVAX - LookingGlass,0.3,False,0.02345,16.19,,0.13,1777919423
All Pools,Gravity - McdonaldTrouped,0.3,False,0.02344,22.86,,0.09,1777919423
All Pools,McdonaldTrouped - AVAX,0.3,False,0.02343,50.8,,0.04,1777919423
All Pools,Gravity - LookingGlass,0.3,False,0.02339,182.72,,0.01,1777919423
All Pools,Wingdings - Gravity,0.3,False,0.02318,21.86,,0.1,1777919423
All Pools,Wingdings - AVAX,0.3,False,0.02318,50.95,,0.04,1777919423
All Pools,FollowTheWhiteRabbit - TruthClosure,0.3,False,0.02314,45.72,,0.05,1777919423
All Pools,DrainTheSwamp - Gravity,0.3,False,0.02254,22.54,,0.09,1777919423
All Pools,WINK - MU,0.3,False,0.02237,0.47419,,4.31,1777919423
All Pools,USDC.e - RUG,0.3,False,0.02228,24.87,,0.08,1777919423
All Pools,SMRT - XAVA,0.3,False,0.02228,2.904,,0.7,1777919423
All Pools,YAK - JOE,0.3,False,0.02227,1.231,,1.65,1777919423
All Pools,GAINS - BOBS,0.3,False,0.0218,2.273,,0.87,1777919423
All Pools,AVAX - BOBS,0.3,False,0.02173,5523.63,,,1777919423
All Pools,MU - WAIFU,0.3,False,0.02155,100.1,,0.02,1777919423
All Pools,AVAX - EROL,0.0,False,0.02116,75.37,0.0,0.0,1777919423
All Pools,GAINS - Degen,0.3,False,0.0211,2.057,,0.94,1777919423
All Pools,BNZ - WINK,0.3,False,0.02108,0.43328,,4.44,1777919423
All Pools,Degen - AVAX,0.3,False,0.02103,2020.9,,,1777919423
All Pools,bCASH - LINK.e,0.3,False,0.0209,382.49,,0.0,1777919423
All Pools,QI - LYLY,0.3,False,0.02087,2.721,,0.7,1777919423
All Pools,XOMB - USDT.e,0.3,False,0.02023,2.414,,0.76,1777919423
All Pools,CodexKennyMin - FollowTheWhiteRabbit,0.3,False,0.02023,21.89,,0.08,1777919423
All Pools,XOMB - AVAX,0.3,False,0.02022,21.52,,0.09,1777919423
All Pools,ARA - AVAX,0.3,False,0.02021,2.85,,0.65,1777919423
All Pools,BGLD - USDT.e,0.3,False,0.02019,16.93,,0.11,1777919423
All Pools,BGLD - AVAX,0.3,False,0.02019,4.384,,0.42,1777919423
All Pools,WOLF - MU,0.3,False,0.02016,5.198,,0.35,1777919423
All Pools,HIGHER - HOWDY,0.3,False,0.02006,1.526,,1.2,1777919423
All Pools,AVAX - SwiftTaylor,0.3,False,0.01992,14.72,,0.12,1777919423
All Pools,CNR - AVAX,0.3,False,0.01989,62.29,,0.03,1777919423
All Pools,FatherChristmas - AVAX,0.3,False,0.01983,53.76,,0.03,1777919423
All Pools,FatherChristmas - Gravity,0.3,False,0.01979,21.81,,0.08,1777919423
All Pools,TRYB - USDC.e,0.3,False,0.01972,31.49,,0.06,1777919423
All Pools,MUMO - USDC,0.3,False,0.01967,8.281,,0.22,1777919423
All Pools,Gravity - Vaccinations,0.3,False,0.01963,61.63,,0.03,1777919423
All Pools,AVAX - Vaccinations,0.3,False,0.01963,18.42,,0.1,1777919423
All Pools,Gravity - Nakamoto,0.3,False,0.01954,61.79,,0.03,1777919423
All Pools,Nakamoto - AVAX,0.3,False,0.01954,18.43,,0.1,1777919423
All Pools,COQ - REDWOLF,0.3,False,0.01948,12.46,,0.14,1777919423
All Pools,COQ - KOVIN,0.3,False,0.01937,13.05,,0.14,1777919423
All Pools,AVAX - TT,0.3,False,0.01921,1.936,,0.91,1777919423
All Pools,MerryChristmas - Gravity,0.3,False,0.01913,61.84,,0.03,1777919423
All Pools,MerryChristmas - AVAX,0.3,False,0.01913,18.46,,0.09,1777919423
All Pools,BTC.b - MUMO,0.3,False,0.0191,4.861,,0.36,1777919423
All Pools,KOKSAL - USDC,0.3,False,0.01879,4.778,,0.36,1777919423
All Pools,KOKSAL - AVAX,0.3,False,0.01879,3.551,,0.48,1777919423
All Pools,Christmas - Yellow,0.3,False,0.01863,965.09,,0.0,1777919423
All Pools,TruthClosure - AVAX,0.3,False,0.01856,11.63,,0.15,1777919423
All Pools,KIWI - USDt,0.3,False,0.01819,20.54,,0.08,1777919423
All Pools,COQ - LYLY,0.3,False,0.01807,15.36,,0.11,1777919423
All Pools,Four - Found,0.3,False,0.01773,1847.7,,,1777919423
All Pools,GAINS - COQ,0.3,False,0.01767,2.05,,0.79,1777919423
All Pools,AVAX - DUA,0.3,False,0.01747,2.086,,0.76,1777919423
All Pools,DUA - USDC,0.3,False,0.01746,11.62,,0.14,1777919423
All Pools,USDT.e - iBONE,0.3,False,0.01746,4.814,,0.33,1777919423
All Pools,AVAX - iBONE,0.3,False,0.01746,5.44,,0.29,1777919423
All Pools,ILoveYouWordSpell - AVAX,0.3,False,0.01745,18.3,,0.09,1777919423
All Pools,ILoveYouWordSpell - Gravity,0.3,False,0.01744,101.92,,0.02,1777919423
All Pools,SodomAndGomorrah - AVAX,0.3,False,0.01741,19.3,,0.08,1777919423
All Pools,Trinity - SodomAndGomorrah,0.3,False,0.0174,22.67,,0.07,1777919423
All Pools,WalkTheWalkNowJesus - Gravity,0.3,False,0.01719,25.35,,0.06,1777919423
All Pools,WalkTheWalkNowJesus - AVAX,0.3,False,0.01719,24.9,,0.06,1777919423
All Pools,COQ - MU,0.3,False,0.01711,4.605,,0.34,1777919423
All Pools,GRELF[ava] - AVAX,0.3,False,0.01701,1158.98,,0.0,1777919423
All Pools,AVAX - LAST,0.3,False,0.017,1050.12,,0.0,1777919423
All Pools,AVAX - QUASI,0.3,False,0.0167,593.24,,0.0,1777919423
All Pools,GAINS - QUASI,0.3,False,0.01663,1.423,,1.07,1777919423
All Pools,MU - COQAI,0.3,False,0.01654,6.563,,0.23,1777919423
All Pools,HCT - AVAX,0.3,False,0.01636,3.385,,0.44,1777919423
All Pools,REDWOLF - ODDZ,0.3,False,0.0162,1.546,,0.96,1777919423
All Pools,ZH - JOE,0.3,False,0.01619,2.842,,0.52,1777919423
All Pools,ZH - USDC.e,0.3,False,0.01619,22.97,,0.06,1777919423
All Pools,Trinity - Yeshua,0.3,False,0.01563,34.59,,0.04,1777919423
All Pools,AVAX - Yeshua,0.3,False,0.01562,29.46,,0.05,1777919423
All Pools,BLACK - SantaGospel,0.3,False,0.01547,4.784,,0.3,1777919423
All Pools,FTOMB - AVAX,0.3,False,0.01534,10259.0,,,1777919423
All Pools,WETH.e - MU,0.3,False,0.01524,2.085,,0.67,1777919423
All Pools,ARENA - AMI,0.3,False,0.01495,1.404,,0.97,1777919423
All Pools,AVAX - GematrixDotOrg,0.3,False,0.01479,16.67,,0.08,1777919423
All Pools,Gravity - GematrixDotOrg,0.3,False,0.01476,12.92,,0.1,1777919423
All Pools,QI - REDWOLF,0.3,False,0.01468,1.584,,0.85,1777919423
All Pools,TokenZ - USDC,0.3,False,0.01466,3.799,,0.35,1777919423
All Pools,TokenZ - AVAX,0.3,False,0.01465,2.42,,0.55,1777919423
All Pools,RUGG - AVAX,0.3,False,0.01454,351.56,,0.0,1777919423
All Pools,BTC.b - SOB,0.3,False,0.01431,1.136,,1.15,1777919423
All Pools,SUB - AVAX,0.3,False,0.01422,21.04,,0.06,1777919423
All Pools,AUSD - HUSKY,0.3,False,0.01412,0.7483,,1.72,1777919423
All Pools,USDC - COSMIC,0.3,False,0.01409,54.57,,0.02,1777919423
All Pools,AVAX - COSMIC,0.3,False,0.01408,1.26,,1.02,1777919423
All Pools,LoveIsTheKey - FollowTheWhiteRabbit,0.3,False,0.01391,64.63,,0.02,1777919423
All Pools,Strength - BLACK,0.3,False,0.01388,4.817,,0.26,1777919423
All Pools,Go - BLACK,0.3,False,0.01385,4.812,,0.26,1777919423
All Pools,AVAX - Wormwood,0.3,False,0.0138,17.13,,0.07,1777919423
All Pools,Gravity - Wormwood,0.3,False,0.0138,15.35,,0.08,1777919423
All Pools,AVAX - WOHM,0.3,False,0.01376,3.386,,0.37,1777919423
All Pools,MIM - WOHM,0.3,False,0.01375,86.08,,0.01,1777919423
All Pools,KIMBO - GAINS,0.3,False,0.01374,1.375,,0.91,1777919423
All Pools,AVAX - SantaClaus,0.3,False,0.01372,24.8,,0.05,1777919423
All Pools,Gravity - SantaClaus,0.3,False,0.01371,11.86,,0.11,1777919423
All Pools,USDV - REDWOLF,0.3,False,0.01367,18.19,,0.07,1777919423
All Pools,Yellow - BLACK,0.3,False,0.01364,4.846,,0.26,1777919423
All Pools,AVAX - LoveWins,0.3,False,0.01352,7.819,,0.16,1777919423
All Pools,FollowTheWhiteRabbit - LoveWins,0.3,False,0.01352,151.47,,0.01,1777919423
All Pools,AVAX - LODE,0.3,False,0.01352,1.034,,1.19,1777919423
All Pools,Hydrogen - BLACK,0.3,False,0.01349,4.861,,0.25,1777919423
All Pools,Blue - BLACK,0.3,False,0.01342,4.865,,0.25,1777919423
All Pools,XAVA - HON,0.3,False,0.01336,1.88,,0.65,1777919423
All Pools,Who - BLACK,0.3,False,0.01335,4.811,,0.25,1777919423
All Pools,MIM - RUG,0.3,False,0.01335,22.9,,0.05,1777919423
All Pools,3AC - NOCHILL,0.3,False,0.01329,0.17475,,6.94,1777919423
All Pools,Gravity - Ouroboros,0.3,False,0.01324,30.36,,0.04,1777919423
All Pools,Stolen - BLACK,0.3,False,0.01323,5.405,,0.22,1777919423
All Pools,AVAX - ETH,0.3,False,0.01321,16.75,,0.07,1777919423
All Pools,aAvaLINK - LINK.e,0.3,False,0.01313,1.884,,0.64,1777919423
All Pools,aDXN - AVAX,0.3,False,0.0131,3.681,,0.32,1777919423
All Pools,AAVE.e - meGNX,0.3,False,0.0131,4.069,,0.29,1777919423
All Pools,Trinity - SwiftTaylor,0.3,False,0.01292,17.71,,0.07,1777919423
All Pools,QI - USDC.e,0.3,False,0.01289,0.81052,,1.45,1777919423
All Pools,CAI - AMI,0.3,False,0.01268,0.51692,,2.24,1777919423
All Pools,AVAX - GrinchKidAfflict,0.3,False,0.01267,43.48,,0.03,1777919423
All Pools,ValentinMidwifes - Gravity,0.3,False,0.01267,38.92,,0.03,1777919423
All Pools,Gravity - GrinchKidAfflict,0.3,False,0.01266,9.107,,0.13,1777919423
All Pools,NineHundred - BLACK,0.3,False,0.01246,4.824,,0.24,1777919423
All Pools,AVAX - MUG,0.3,False,0.01231,1.215,,0.92,1777919423
All Pools,DrainTheSwamp - FollowTheWhiteRabbit,0.3,False,0.01203,10.99,,0.1,1777919423
All Pools,AVAX - BAVA,0.3,False,0.01171,11.42,,0.09,1777919423
All Pools,WETH.e - STATIK,0.3,False,0.0115,1.375,,0.76,1777919423
All Pools,Anon - USDC,0.3,False,0.01142,1.04,,1.0,1777919423
All Pools,Orange - BLACK,0.3,False,0.01116,4.089,,0.25,1777919423
All Pools,Wormhole - AVAX,0.3,False,0.01116,104.23,,0.01,1777919423
All Pools,Trinity - Wormhole,0.3,False,0.01115,6.187,,0.16,1777919423
All Pools,AVAX - EROL,0.3,False,0.01112,39.79,,0.03,1777919423
All Pools,Orem - AVAX,0.3,False,0.01095,104.32,,0.01,1777919423
All Pools,Trinity - Orem,0.3,False,0.01094,6.192,,0.16,1777919423
All Pools,COQ - MCV,0.3,False,0.01085,9.803,,0.1,1777919423
All Pools,MCV - AVAX,0.3,False,0.01082,401.85,,0.0,1777919423
All Pools,JOE - USDt,0.3,False,0.01076,0.844,,1.16,1777919423
All Pools,AVAX - DWC,0.3,False,0.01053,6055.76,,,1777919423
All Pools,LoveIsTheKey - BLACK,0.3,False,0.01047,7.935,,0.12,1777919423
All Pools,BNZ - AVAX,0.3,False,0.01045,62.36,,0.02,1777919423
All Pools,Psychic - Turtle,0.3,False,0.01041,61.63,,0.02,1777919423
All Pools,AVAX - EDG,0.3,False,0.0104,3.14,,0.3,1777919423
All Pools,MIM - EDG,0.3,False,0.01039,7.859,,0.12,1777919423
All Pools,Chrism - BLACK,0.3,False,0.01038,2.386,,0.4,1777919423
All Pools,GAINS - MEAT,0.3,False,0.01033,0.99168,,0.95,1777919423
All Pools,AVAX - OK,0.3,False,0.01014,1.96,,0.47,1777919423
All Pools,AVAX - NORTH,0.3,False,0.01013,2.12,,0.44,1777919423
All Pools,USDT.e - NORTH,0.3,False,0.01011,26.69,,0.03,1777919423
All Pools,ACS - USDt,0.3,False,0.00988,0.97964,,0.92,1777919423
All Pools,DivineFeminine - ValentinMidwifes,0.3,False,0.00987,40.95,,0.02,1777919423
All Pools,CATWIF - MAJIN,0.3,False,0.00979,0.85655,,1.04,1777919423
All Pools,XETA - AVAX,0.3,False,0.0096,0.24672,,3.55,1777919423
All Pools,TRACTOR - USDT.e,0.3,False,0.00958,1.981,,0.44,1777919423
All Pools,Psychic - Mirror,0.3,False,0.00949,61.6,,0.01,1777919423
All Pools,JOE - QI,0.3,False,0.00948,0.94533,,0.92,1777919423
All Pools,APOW - MU,0.3,False,0.00934,3.544,,0.24,1777919423
All Pools,aDXN - aXEN,0.3,False,0.00934,0.628,,1.36,1777919423
All Pools,wsOHM - OTWO,0.3,False,0.00919,3.65,,0.23,1777919423
All Pools,gOHM - OTWO,0.3,False,0.0091,88789.0,,,1777919423
All Pools,AVAX - VYBE,0.3,False,0.00904,3.279,,0.25,1777919423
All Pools,MIM - VYBE,0.3,False,0.00903,3.734,,0.22,1777919423
All Pools,YAK - SPORE,0.3,False,0.00891,6.251,,0.13,1777919423
All Pools,MU - SOL,0.3,False,0.0089,1.336,,0.61,1777919423
All Pools,AVAX - TUSK,0.3,False,0.0088,2.496,,0.32,1777919423
All Pools,USDC.e - TUSK,0.3,False,0.00879,9.724,,0.08,1777919423
All Pools,Trinity - FourFourFour,0.3,False,0.00864,4.966,,0.16,1777919423
All Pools,USDC.e - BAVA,0.3,False,0.00858,2.945,,0.27,1777919423
All Pools,COQ - SNP,0.3,False,0.00855,26.69,,0.03,1777919423
All Pools,SYN - USDC.e,0.3,False,0.00854,1.22,,0.64,1777919423
All Pools,SNP - AVAX,0.3,False,0.00853,11.62,,0.07,1777919423
All Pools,GAINS - DWC,0.3,False,0.00845,0.98447,,0.78,1777919423
All Pools,AVAX - HOST,0.3,False,0.00845,1.949,,0.4,1777919423
All Pools,VSO - AVAX,0.3,False,0.00834,97.75,,0.01,1777919423
All Pools,KOVIN - MU,0.3,False,0.00822,3.086,,0.24,1777919423
All Pools,XPOW - AVAX,0.3,False,0.00818,119.61,,0.01,1777919423
All Pools,XPOW - USDt,0.3,False,0.00817,1.393,,0.54,1777919423
All Pools,BENIS - AVAX,0.3,False,0.00811,15.61,,0.05,1777919423
All Pools,HOST - DAI.e,0.3,False,0.00808,2.996,,0.25,1777919423
All Pools,AVAX - Kryptonite,0.3,False,0.00795,103.99,,0.01,1777919423
All Pools,GAINS - BAWLS,0.3,False,0.00793,0.93202,,0.78,1777919423
All Pools,Trinity - Kryptonite,0.3,False,0.00793,6.199,,0.12,1777919423
All Pools,WBTC.e - USDC,0.3,False,0.00791,0.2104,,3.43,1777919423
All Pools,Psychic - Oracle,0.3,False,0.00791,61.63,,0.01,1777919423
All Pools,BAWLS - AVAX,0.3,False,0.0079,16.54,,0.04,1777919423
All Pools,AAVE.e - USDC.e,0.3,False,0.00789,1.258,,0.57,1777919423
All Pools,AI9000 - AVAX,0.3,False,0.00782,304.41,,0.0,1777919423
All Pools,GAINS - KONG,0.3,False,0.00774,0.76117,,0.93,1777919423
All Pools,Psychic - Penny,0.3,False,0.00771,61.63,,0.01,1777919423
All Pools,AprilFoolsDay - AVAX,0.3,False,0.00768,104.16,,0.01,1777919423
All Pools,Trinity - AprilFoolsDay,0.3,False,0.00767,6.213,,0.11,1777919423
All Pools,MU - MUG,0.3,False,0.00765,2439.78,,,1777919423
All Pools,AVAX - AXIAL,0.3,False,0.00764,1039.31,,,1777919423
All Pools,AKA - AVAX,0.3,False,0.00754,2.27,,0.3,1777919423
All Pools,AKA - USDt,0.3,False,0.00754,2.92,,0.24,1777919423
All Pools,COQ - ARENA,0.3,False,0.00736,1.247,,0.54,1777919423
All Pools,LUNA - USDC,0.3,False,0.00735,0.13224,,5.07,1777919423
All Pools,WITCH - AVAX,0.3,False,0.00728,2.774,,0.24,1777919423
All Pools,WITCH - USDC,0.3,False,0.00728,1.718,,0.39,1777919423
All Pools,Psychic - daVinci,0.3,False,0.00714,61.62,,0.01,1777919423
All Pools,Psychic - Gematria,0.3,False,0.00713,61.63,,0.01,1777919423
All Pools,Psychic - RefZip,0.3,False,0.00712,61.62,,0.01,1777919423
All Pools,JOE - aXEN,0.3,False,0.00711,0.24373,,2.66,1777919423
All Pools,Psychic - Qubit,0.3,False,0.0071,61.59,,0.01,1777919423
All Pools,Psychic - Blessings,0.3,False,0.00708,61.59,,0.01,1777919423
All Pools,Psychic - IAmThatIAm,0.3,False,0.00706,61.63,,0.01,1777919423
All Pools,NotBrideOfChrist - SwiftTaylor,0.3,False,0.00701,51.8,,0.01,1777919423
All Pools,Psychic - TrumpCard,0.3,False,0.00699,61.64,,0.01,1777919423
All Pools,Choice - Psychic,0.3,False,0.00698,61.6,,0.01,1777919423
All Pools,Psychic - YouAndI,0.3,False,0.00694,61.62,,0.01,1777919423
All Pools,DCAR - AVAX,0.3,False,0.00689,1.099,,0.57,1777919423
All Pools,DCAR - USDC,0.3,False,0.00688,55.81,,0.01,1777919423
All Pools,Loyalty - Psychic,0.3,False,0.00686,61.59,,0.01,1777919423
All Pools,STOMB - AVAX,0.3,False,0.00683,7947.17,,,1777919423
All Pools,Psychic - BiTonic,0.3,False,0.00681,61.63,,0.01,1777919423
All Pools,Psychic - TheArcher,0.3,False,0.00681,61.63,,0.01,1777919423
All Pools,Psychic - Artemis,0.3,False,0.00678,61.58,,0.01,1777919423
All Pools,USDC - MU,0.3,False,0.00665,0.34491,,1.76,1777919423
All Pools,LYD - REDWOLF,0.3,False,0.00661,4.801,,0.13,1777919423
All Pools,YAK - USDT.e,0.3,False,0.00659,0.55094,,1.09,1777919423
All Pools,Psychic - Six,0.3,False,0.00657,61.63,,0.01,1777919423
All Pools,GAINS - TECH,0.3,False,0.00654,0.61883,,0.96,1777919423
All Pools,Psychic - Nine,0.3,False,0.00654,61.61,,0.01,1777919423
All Pools,Psychic - ElmoSunkGematria,0.3,False,0.00652,61.64,,0.01,1777919423
All Pools,Spider - Psychic,0.3,False,0.0065,61.59,,0.01,1777919423
All Pools,Psychic - Zero,0.3,False,0.00648,61.61,,0.01,1777919423
All Pools,KIMBO - AMI,0.3,False,0.00648,4.311,,0.14,1777919423
All Pools,NXPC - USDC,0.3,False,0.00643,0.7227,,0.81,1777919423
All Pools,USV - AVAX,0.3,False,0.0064,1.156,,0.51,1777919423
All Pools,gOHM - USDT.e,0.3,False,0.00632,0.60135,,0.96,1777919423
All Pools,Psychic - Lock,0.3,False,0.00631,61.61,,0.01,1777919423
All Pools,MIM - SMRT,0.3,False,0.0063,1.675,,0.34,1777919423
All Pools,ABC - AMI,0.3,False,0.00629,3.976,,0.14,1777919423
All Pools,SNTA - MIM,0.3,False,0.00622,0.99689,,0.57,1777919423
All Pools,Psychic - KekiusMaximus,0.3,False,0.0062,61.63,,0.01,1777919423
All Pools,GMX - USDt,0.3,False,0.00618,0.3807,,1.48,1777919423
All Pools,Psychic - SevenSevenSeven,0.3,False,0.00617,61.64,,0.01,1777919423
All Pools,Psychic - BirthingCode,0.3,False,0.0061,61.63,,0.01,1777919423
All Pools,Flection - Psychic,0.3,False,0.00607,61.63,,0.01,1777919423
All Pools,Psychic - LordJesusChrist,0.3,False,0.00602,59.04,,0.01,1777919423
All Pools,Psychic - Diamonds,0.3,False,0.006,61.63,,0.01,1777919423
All Pools,HATCHY - AMI,0.3,False,0.00596,4.424,,0.12,1777919423
All Pools,Psychic - Numbers,0.3,False,0.00595,61.63,,0.01,1777919423
All Pools,SYN - REDWOLF,0.3,False,0.00594,2.619,,0.21,1777919423
All Pools,Psychic - Crypt,0.3,False,0.00591,61.58,,0.01,1777919423
All Pools,USDC - OK,0.3,False,0.0059,1.187,,0.45,1777919423
All Pools,GAINS - KOVIN,0.3,False,0.00589,0.6519,,0.82,1777919423
All Pools,Psychic - Luck,0.3,False,0.00589,61.64,,0.01,1777919423
All Pools,GMX - JOE,0.3,False,0.00588,0.43137,,1.24,1777919423
All Pools,Psychic - Thick,0.3,False,0.00587,61.61,,0.01,1777919423
All Pools,Psychic - Bonfire,0.3,False,0.00587,61.63,,0.01,1777919423
All Pools,Psychic - PennyTrinity,0.3,False,0.00585,61.65,,0.01,1777919423
All Pools,AVAX - Gaza,0.3,False,0.0058,3.2,,0.17,1777919423
All Pools,Trinity - Gaza,0.3,False,0.00579,3.77,,0.14,1777919423
All Pools,Psychic - WhoWhoWho,0.3,False,0.00577,61.59,,0.01,1777919423
All Pools,Psychic - Alphabet,0.3,False,0.00568,61.64,,0.01,1777919423
All Pools,SatoshiNakamoto - Psychic,0.3,False,0.00566,61.63,,0.01,1777919423
All Pools,AVAI - USDC.e,0.3,False,0.00561,33.66,,0.02,1777919423
All Pools,MIM - SDOG,0.3,False,0.00561,319.05,,0.0,1777919423
All Pools,AVAX - WINE,0.3,False,0.0056,0.66804,,0.77,1777919423
All Pools,CodexKennyMin - Gravity,0.3,False,0.0056,21.36,,0.02,1777919423
All Pools,KIMBO - KOVIN,0.3,False,0.00559,5.322,,0.1,1777919423
All Pools,USDC.e - SMRT,0.3,False,0.00554,2.222,,0.23,1777919423
All Pools,DWC - MU,0.3,False,0.00554,3.49,,0.14,1777919423
All Pools,Psychic - Codes,0.3,False,0.00554,61.64,,0.01,1777919423
All Pools,CATWIF - MU,0.3,False,0.00552,3.621,,0.14,1777919423
All Pools,Psychic - Architect,0.3,False,0.00546,61.63,,0.01,1777919423
All Pools,TEMPO - AVAX,0.3,False,0.00545,1.07,,0.46,1777919423
All Pools,MIM - TEMPO,0.3,False,0.00544,6.679,,0.07,1777919423
All Pools,AVAX - WISE,0.3,False,0.00544,2.818,,0.18,1777919423
All Pools,Psychic - OneOneOne,0.3,False,0.00543,61.63,,0.01,1777919423
All Pools,USDC.e - WISE,0.3,False,0.00543,7.137,,0.07,1777919423
All Pools,Psychic - Gematria,0.3,False,0.00539,61.63,,0.01,1777919423
All Pools,Psychic - TwinFlames,0.3,False,0.00538,62.33,,0.01,1777919423
All Pools,Psychic - Verse,0.3,False,0.00537,61.6,,0.01,1777919423
All Pools,Psychic - Solved,0.3,False,0.00532,61.63,,0.01,1777919423
All Pools,Eye - Psychic,0.3,False,0.00532,61.63,,0.01,1777919423
All Pools,Hollywood - Ouroboros,0.3,False,0.00531,13.04,,0.04,1777919423
All Pools,3ULL - USDC,0.3,False,0.00529,0.65659,,0.74,1777919423
All Pools,Psychic - Finish,0.3,False,0.00527,61.59,,0.01,1777919423
All Pools,Psychic - Confusion,0.3,False,0.00527,61.63,,0.01,1777919423
All Pools,Psychic - Line,0.3,False,0.00524,62.4,,0.01,1777919423
All Pools,MEOW - MU,0.3,False,0.00521,1.581,,0.3,1777919423
All Pools,FiveTwelveThirteen - AVAX,0.3,False,0.00521,5.215,,0.09,1777919423
All Pools,ElkeNevusRome - AVAX,0.3,False,0.00521,13.08,,0.04,1777919423
All Pools,GG - AVAX,0.3,False,0.0052,0.165,,2.88,1777919423
All Pools,COQ - MICRO,0.3,False,0.0052,3.772,,0.13,1777919423
All Pools,ElkeNevusRome - Gravity,0.3,False,0.00519,4.939,,0.1,1777919423
All Pools,FiveTwelveThirteen - Gravity,0.3,False,0.00519,6.857,,0.07,1777919423
All Pools,ETHM - AVAX,0.3,False,0.00518,27.4,,0.02,1777919423
All Pools,AVAX - MICRO,0.3,False,0.00518,23.88,,0.02,1777919423
All Pools,USDC - LODE,0.3,False,0.00513,881.47,,,1777919423
All Pools,WLRS - USDC,0.3,False,0.00501,4.01,,0.11,1777919423
All Pools,WINK - AMI,0.3,False,0.00499,0.10792,,4.22,1777919423
All Pools,GURS - ARENA,0.3,False,0.0049,7.477,,0.06,1777919423
All Pools,TrueLove - AVAX,0.3,False,0.0048,12.94,,0.03,1777919423
All Pools,TrueLove - Gravity,0.3,False,0.00479,4.884,,0.09,1777919423
All Pools,WernherVonBraun - AVAX,0.3,False,0.00474,2.091,,0.21,1777919423
All Pools,Trinity - WernherVonBraun,0.3,False,0.00473,18412.0,,,1777919423
All Pools,BEAM - MU,0.3,False,0.0047,1.085,,0.4,1777919423
All Pools,AI9000 - USDt,0.3,False,0.00469,0.90018,,0.48,1777919423
All Pools,JOE - REDWOLF,0.3,False,0.00467,3.985,,0.11,1777919423
All Pools,RGOGLZ - AVAX,0.3,False,0.00464,4.135,,0.1,1777919423
All Pools,JPYC - AVAX,0.3,False,0.00461,0.27659,,1.52,1777919423
All Pools,AMI - MU,0.3,False,0.00453,1.717,,0.24,1777919423
All Pools,ETHM - DAI.e,0.3,False,0.00447,0.67429,,0.6,1777919423
All Pools,KR - AVAX,0.3,False,0.00442,1.706,,0.24,1777919423
All Pools,KR - USDC.e,0.3,False,0.0044,11.47,,0.04,1777919423
All Pools,COQ - SNOWY,0.3,False,0.00434,2.25,,0.18,1777919423
All Pools,REDWOLF - GEC,0.3,False,0.00431,3.974,,0.1,1777919423
All Pools,TT - DAI.e,0.3,False,0.0043,1.916,,0.2,1777919423
All Pools,MIM - YAK,0.3,False,0.00428,0.42728,,0.92,1777919423
All Pools,HUSKY - SNOWY,0.3,False,0.00427,0.43258,,0.9,1777919423
All Pools,Psychic - Aquarius,0.3,False,0.00417,61.6,,0.01,1777919423
All Pools,SYN - USDT.e,0.3,False,0.00399,0.65157,,0.56,1777919423
All Pools,Psychic - TrueStory,0.3,False,0.00397,61.64,,0.01,1777919423
All Pools,AVAX - PAR,0.3,False,0.00396,2.4,,0.15,1777919423
All Pools,MIM - PAR,0.3,False,0.00395,1.923,,0.19,1777919423
All Pools,Lightworker - AVAX,0.3,False,0.00395,2.747,,0.13,1777919423
All Pools,GRAPE - AVAX,0.3,False,0.00394,0.88302,,0.41,1777919423
All Pools,Gravity - Lightworker,0.3,False,0.00394,53.2,,0.01,1777919423
All Pools,Evergreen - AVAX,0.3,False,0.00393,25.4,,0.01,1777919423
All Pools,Evergreen - Gravity,0.3,False,0.00392,4.752,,0.08,1777919423
All Pools,Psychic - Seminole,0.3,False,0.00389,61.59,,0.01,1777919423
All Pools,YEEHAW - ARENA,0.3,False,0.00389,2.367,,0.15,1777919423
All Pools,Psychic - PoPo,0.3,False,0.00386,61.64,,0.01,1777919423
All Pools,Psychic - James,0.3,False,0.00382,61.65,,0.01,1777919423
All Pools,Psychic - FinityFinity,0.3,False,0.0038,61.64,,0.01,1777919423
All Pools,gOHM - USDC.e,0.3,False,0.00379,0.30656,,1.13,1777919423
All Pools,EHCNALAVA - AVAX,0.3,False,0.00379,1513.74,,,1777919423
All Pools,COQ - ZUM,0.3,False,0.00379,1.126,,0.31,1777919423
All Pools,KIMBO - EHCNALAVA,0.3,False,0.00379,2.847,,0.12,1777919423
All Pools,SaintGermain - BLACK,0.3,False,0.00376,2.496,,0.14,1777919423
All Pools,SYN - WETH.e,0.3,False,0.00373,0.68002,,0.5,1777919423
All Pools,Psychic - QuetzalCoatl,0.3,False,0.00373,61.64,,0.01,1777919423
All Pools,Trinity - IfYouKnowYouKnow,0.3,False,0.00371,5.022,,0.07,1777919423
All Pools,KIMBO - COQ,0.3,False,0.00371,1.704,,0.2,1777919423
All Pools,LUNA - UST,0.3,False,0.0037,0.08662,,3.9,1777919423
All Pools,WETH.e - meGNX,0.3,False,0.00367,6.718,,0.05,1777919423
All Pools,YETI - WINE,0.3,False,0.00362,1.45,,0.23,1777919423
All Pools,YETI - AVAX,0.3,False,0.00361,947.28,,,1777919423
All Pools,SMRTr - USDT.e,0.3,False,0.00358,1.315,,0.25,1777919423
All Pools,Psychic - Checkmate,0.3,False,0.00351,61.78,,0.01,1777919423
All Pools,Psychic - Equal,0.3,False,0.00347,61.64,,0.01,1777919423
All Pools,Psychic - Abracadabra,0.3,False,0.00345,61.61,,0.01,1777919423
All Pools,WETH.e - HOWDY,0.3,False,0.00344,1.061,,0.3,1777919423
All Pools,MIM - DUNEV3,0.3,False,0.00343,66822.0,,,1777919423
All Pools,Psychic - PlotTwist,0.3,False,0.00341,63.01,,0.0,1777919423
All Pools,Psychic - WhoWho,0.3,False,0.00334,61.63,,0.0,1777919423
All Pools,MIM - ICE,0.3,False,0.0033,0.99975,,0.3,1777919423
All Pools,STG - JOE,0.3,False,0.00326,0.17161,,1.73,1777919423
All Pools,EGG - AVAX,0.3,False,0.00326,1.707,,0.17,1777919423
All Pools,Psychic - KatzJoel,0.3,False,0.00325,61.61,,0.0,1777919423
All Pools,EGG - USDT.e,0.3,False,0.00324,1.987,,0.15,1777919423
All Pools,USDt - USDC.e,0.3,False,0.00323,14.22,,0.02,1777919423
All Pools,ELXR - USDC.e,0.3,False,0.00321,1096.27,,,1777919423
All Pools,Psychic - Hexagon,0.3,False,0.00318,61.63,,0.0,1777919423
All Pools,RUGPULL - AVAX,0.3,False,0.00316,2.99,,0.1,1777919423
All Pools,COQWIF - AVAX,0.3,False,0.00313,6507.99,,,1777919423
All Pools,WBTC.e - MU,0.3,False,0.00312,0.72943,,0.39,1777919423
All Pools,AI9000 - MU,0.3,False,0.00312,1.281,,0.22,1777919423
All Pools,Wizard - AVAX,0.3,False,0.00311,4.484,,0.06,1777919423
All Pools,CRAFT - USDC.e,0.3,False,0.00309,0.86821,,0.32,1777919423
All Pools,Wizard - Gravity,0.3,False,0.00309,0.85781,,0.33,1777919423
All Pools,JOE - aDXN,0.3,False,0.00301,0.83793,,0.33,1777919423
All Pools,CATWIF - REDWOLF,0.3,False,0.00299,0.97548,,0.28,1777919423
All Pools,Sovereignty - AVAX,0.3,False,0.00295,4.501,,0.06,1777919423
All Pools,Sovereignty - Gravity,0.3,False,0.00293,0.86026,,0.31,1777919423
All Pools,EagleToken - AVAX,0.3,False,0.00293,2.127,,0.13,1777919423
All Pools,EagleToken - USDC.e,0.3,False,0.00292,2.218,,0.12,1777919423
All Pools,AVXT - AVAX,0.3,False,0.00291,52.9,,0.01,1777919423
All Pools,AVAX - NoThing,0.3,False,0.00289,4.434,,0.06,1777919423
All Pools,Gravity - NoThing,0.3,False,0.00287,0.85058,,0.31,1777919423
All Pools,GAINS - Always,0.3,False,0.00283,0.10932,,2.36,1777919423
All Pools,ValentinMidwifes - AVAX,0.3,False,0.00282,2.389,,0.11,1777919423
All Pools,GURS - HOWDY,0.3,False,0.00278,1.883,,0.13,1777919423
All Pools,USDC - TT,0.3,False,0.00276,2.002,,0.13,1777919423
All Pools,UST - WINE,0.3,False,0.00274,0.8913,,0.28,1777919423
All Pools,MU - KET,0.3,False,0.00269,1.331,,0.18,1777919423
All Pools,AVAX - SAGE,0.3,False,0.00265,0.89431,,0.27,1777919423
All Pools,USDC.e - SAGE,0.3,False,0.00264,2.181,,0.11,1777919423
All Pools,TEDDY - USDC,0.3,False,0.00263,0.42789,,0.56,1777919423
All Pools,PNG - USDT.e,0.3,False,0.00259,0.89452,,0.26,1777919423
All Pools,BLUB - AVAX,0.0,False,0.00257,47.99,0.0,0.0,1777919423
All Pools,HATCHY - WTHT,0.3,False,0.00255,0.52818,,0.44,1777919423
All Pools,WTHT - SNOB,0.3,False,0.00254,1.421,,0.16,1777919423
All Pools,DREGG - USDC.e,0.3,False,0.00253,3.091,,0.07,1777919423
All Pools,AVAX - CAKE,0.3,False,0.00249,0.72404,,0.31,1777919423
All Pools,USDT.e - CAKE,0.3,False,0.00248,48.57,,0.0,1777919423
All Pools,GATOR - AMI,0.3,False,0.00246,4.508,,0.05,1777919423
All Pools,KIMBO - UNIQOC,0.3,False,0.00246,0.73131,,0.31,1777919423
All Pools,ARENA - JUICY,0.3,False,0.00245,0.03406,,6.57,1777919423
All Pools,XPOW - USDC,0.3,False,0.00244,0.03731,,5.97,1777919423
All Pools,UNIQOC - MAJIN,0.3,False,0.00243,0.25522,,0.87,1777919423
All Pools,XPOW - USDt,0.3,False,0.00241,0.0336,,6.55,1777919423
All Pools,BTC.b - MUG,0.3,False,0.00241,0.89816,,0.24,1777919423
All Pools,AVAX - LastChristmas,0.3,False,0.00241,1.914,,0.11,1777919423
All Pools,Gravity - LastChristmas,0.3,False,0.0024,10.04,,0.02,1777919423
All Pools,AVAX - WARP,0.3,False,0.0024,1.484,,0.15,1777919423
All Pools,EUROS - AVAX,0.3,False,0.00236,1.194,,0.18,1777919423
All Pools,Psychic - Vampire,0.3,False,0.00229,61.64,,0.0,1777919423
All Pools,MAXI - AVAX,0.3,False,0.00227,0.79863,,0.26,1777919423
All Pools,LINK.e - MUG,0.3,False,0.00222,0.25141,,0.81,1777919423
All Pools,Psychic - Number,0.3,False,0.00221,61.65,,0.0,1777919423
All Pools,- AMI,0.3,False,0.00219,13.19,,0.02,1777919423
All Pools,YEEHAW - HIGHER,0.3,False,0.00219,0.45683,,0.44,1777919423
All Pools,COQ - COFI,0.3,False,0.00217,1.866,,0.11,1777919423
All Pools,AVAX - COFI,0.3,False,0.00217,616.79,,,1777919423
All Pools,LUNA - JOE,0.3,False,0.00209,0.04802,,3.96,1777919423
All Pools,sAVAX - USDC,0.3,False,0.00205,0.53545,,0.35,1777919423
All Pools,HUSKY - aXEN,0.3,False,0.00203,0.0718,,2.58,1777919423
All Pools,TT - USDT.e,0.3,False,0.00202,2.001,,0.09,1777919423
All Pools,USDt - TT,0.3,False,0.00201,2.007,,0.09,1777919423
All Pools,aAvaWAVAX - AVAX,0.3,False,0.00195,0.26112,,0.68,1777919423
All Pools,USDC.e - CHAM,0.3,False,0.00195,0.83324,,0.21,1777919423
All Pools,BEE - AVAX,0.3,False,0.00192,0.80906,,0.22,1777919423
All Pools,BEE - USDT.e,0.3,False,0.00192,32.36,,0.01,1777919423
All Pools,Gravity - NaughtiusMaximus,0.3,False,0.0019,5.012,,0.03,1777919423
All Pools,CRAFT - AVAX,0.3,False,0.00189,410.1,,,1777919423
All Pools,GAINS - MEOW,0.3,False,0.00189,0.21578,,0.8,1777919423
All Pools,TECH - REDWOLF,0.3,False,0.00183,0.85835,,0.19,1777919423
All Pools,GGP - JUICY,0.3,False,0.0018,0.03446,,4.77,1777919423
All Pools,toi - AVAX,0.3,False,0.00178,0.9434,,0.17,1777919423
All Pools,MIM - toi,0.3,False,0.00178,3.443,,0.05,1777919423
All Pools,AVAX - DREX,0.3,False,0.00177,0.60064,,0.27,1777919423
All Pools,MIM - WINE,0.3,False,0.00177,3087.23,,,1777919423
All Pools,MIM - DREX,0.3,False,0.00176,37.61,,0.0,1777919423
All Pools,JOE - CRA,0.3,False,0.00173,11.0,,0.01,1777919423
All Pools,WETH.e - LINK.e,0.3,False,0.00172,0.15055,,1.04,1777919423
All Pools,MM - USDC.e,0.3,False,0.00168,0.60738,,0.25,1777919423
All Pools,JOE - USDR,0.3,False,0.00167,0.73239,,0.21,1777919423
All Pools,LIFE - AVAX,0.3,False,0.00162,1.347,,0.11,1777919423
All Pools,MIM - LIFE,0.3,False,0.00162,0.94385,,0.16,1777919423
All Pools,AMI - EROL,0.3,False,0.0016,0.68296,,0.21,1777919423
All Pools,BTC.b - IMPACT,0.3,False,0.00158,0.63692,,0.23,1777919423
All Pools,AVAX - sSB,0.3,False,0.00156,0.50621,,0.28,1777919423
All Pools,AVAX - MTB,0.3,False,0.00156,0.9638,,0.15,1777919423
All Pools,REDEEMER - AMI,0.3,False,0.00156,0.01456,,9.75,1777919423
All Pools,USDC.e - sSB,0.3,False,0.00155,837.91,,,1777919423
All Pools,MIM - MTB,0.3,False,0.00155,2.216,,0.06,1777919423
All Pools,AVAX - RUG,0.3,False,0.00155,0.53324,,0.26,1777919423
All Pools,Always - KONG,0.3,False,0.00151,0.04438,,3.11,1777919423
All Pools,AVAX - ICE,0.3,False,0.00151,151.5,,,1777919423
All Pools,USDC.e - WARP,0.3,False,0.00149,0.86425,,0.16,1777919423
All Pools,MUMO - AVAX,0.3,False,0.00148,0.18073,,0.75,1777919423
All Pools,UNI.e - AVAX,0.3,False,0.00146,0.0347,,3.84,1777919423
All Pools,DB - AVAX,0.3,False,0.0014,2.216,,0.06,1777919423
All Pools,MIM - DB,0.3,False,0.0014,0.6712,,0.19,1777919423
All Pools,AVAX - PSI,0.3,False,0.00139,190.25,,,1777919423
All Pools,WETH.e - ETHM,0.3,False,0.00138,0.50314,,0.25,1777919423
All Pools,ETHM - USDC.e,0.3,False,0.00138,0.47821,,0.26,1777919423
All Pools,USDt - APOW,0.3,False,0.00137,0.15572,,0.8,1777919423
All Pools,STICK - AMI,0.3,False,0.00136,0.31106,,0.4,1777919423
All Pools,CANS - AMI,0.3,False,0.00135,0.22961,,0.54,1777919423
All Pools,SLUSH - AVAX,0.3,False,0.00134,0.70412,,0.17,1777919423
All Pools,SLUSH - USDT.e,0.3,False,0.00133,1.324,,0.09,1777919423
All Pools,MEAT - MU,0.3,False,0.00131,0.49889,,0.24,1777919423
All Pools,LYD - AVAX,0.3,False,0.00129,0.8229,,0.14,1777919423
All Pools,HUSKY - SMRTr,0.3,False,0.00128,0.06884,,1.69,1777919423
All Pools,KANA - AVAX,0.3,False,0.00127,1140.33,,,1777919423
All Pools,Naughty - HIGHER,0.3,False,0.00127,0.45147,,0.26,1777919423
All Pools,KANA - USDC,0.3,False,0.00127,0.51195,,0.23,1777919423
All Pools,Trinity - IngersollLockwood,0.3,False,0.00127,1.124,,0.1,1777919423
All Pools,ALPHAZERO - USDT.e,0.3,False,0.00127,2.162,,0.05,1777919423
All Pools,Naughty - AVAX,0.3,False,0.00126,239.11,,,1777919423
All Pools,MAJIN - AMI,0.3,False,0.00124,0.15568,,0.73,1777919423
All Pools,CRA - USDC.e,0.3,False,0.00123,0.56198,,0.2,1777919423
All Pools,ABOB - AVAX,0.3,False,0.00122,833.39,,,1777919423
All Pools,aAvaWAVAX - meGNX,0.3,False,0.0012,4.065,,0.03,1777919423
All Pools,COQ - HOWDY,0.3,False,0.00119,0.56916,,0.19,1777919423
All Pools,NOCHILL - ABOB,0.3,False,0.00117,0.02163,,4.94,1777919423
All Pools,tst1 - AVAX,0.3,False,0.00117,0.58162,,0.18,1777919423
All Pools,tst1 - USDT.e,0.3,False,0.00117,2.698,,0.04,1777919423
All Pools,weETH - AVAX,0.3,False,0.00117,0.38899,,0.27,1777919423
All Pools,VELAI - AVAX,0.3,False,0.00116,0.32624,,0.33,1777919423
All Pools,HOOP - ROCO,0.3,False,0.00116,0.14593,,0.72,1777919423
All Pools,SUB - AVAX,0.3,False,0.00113,0.50997,,0.2,1777919423
All Pools,SUB - USDC,0.3,False,0.00113,69.79,,0.0,1777919423
All Pools,Psychic - Self,0.3,False,0.00113,63.66,,0.0,1777919423
All Pools,GRAPE - WINE,0.3,False,0.00111,7.615,,0.01,1777919423
All Pools,POPS - AVAX,0.3,False,0.00111,0.11857,,0.85,1777919423
All Pools,AUX - AVAX,0.3,False,0.00109,0.3951,,0.25,1777919423
All Pools,TIME - SPELL,0.3,False,0.00109,0.8386,,0.12,1777919423
All Pools,AUX - USDC,0.3,False,0.00109,688.53,,,1777919423
All Pools,AVAX - SYMBIOT,0.3,False,0.00107,0.32467,,0.3,1777919423
All Pools,NUG - AVAX,0.3,False,0.00105,0.38403,,0.25,1777919423
All Pools,SLOT - AVAX,0.3,False,0.00105,3958.81,,,1777919423
All Pools,NUG - USDC,0.3,False,0.00105,2.375,,0.04,1777919423
All Pools,SLOT - USDC.e,0.3,False,0.00105,0.48487,,0.2,1777919423
All Pools,DAI.e - SYMBIOT,0.3,False,0.00102,1.416,,0.07,1777919423
All Pools,xJOE - AVAX,0.3,False,0.00102,2.804,,0.03,1777919423
All Pools,xJOE - wsOHM,0.3,False,0.00101,0.54609,,0.17,1777919423
All Pools,WET - AVAX,0.3,False,0.001,16.98,,0.01,1777919423
All Pools,WET - USDT.e,0.3,False,,0.44249,,0.21,1777919423
All Pools,PB - AVAX,0.3,False,,0.49213,,0.19,1777919423
All Pools,PB - MIM,0.3,False,,39.85,,0.0,1777919423
All Pools,AVAX - FTEST,0.3,False,,0.40041,,0.23,1777919423
All Pools,USDT.e - FTEST,0.3,False,,1.315,,0.07,1777919423
All Pools,BRO - OSAK,0.3,False,,0.09111,,0.99,1777919423
All Pools,WETH - AVAX,0.3,False,,1.358,,0.07,1777919423
All Pools,SYMBIOT - AVAX,0.3,False,,1.452,,0.06,1777919423
All Pools,AVAX - AKITA,0.3,False,,2531.98,,,1777919423
All Pools,MIM - AKITA,0.3,False,,0.25504,,0.35,1777919423
All Pools,WETH.e - SPELL,0.3,False,,0.29533,,0.29,1777919423
All Pools,SYMBIOT - DAI.e,0.3,False,,0.45911,,0.18,1777919423
All Pools,OH - USDC.e,0.3,False,,0.38861,,0.21,1777919423
All Pools,COQ - BMC,0.3,False,,0.09531,,0.79,1777919423
All Pools,AUSD - USDC,0.01,False,15174975.0,4683318.0,1517.58,11.83,1777923023
All Pools,AUSD - USDt,0.01,False,14883282.0,3417586.0,1488.42,15.9,1777923023
All Pools,AVAX - USDC,0.05,False,9606297.0,3949664.0,5118.27,47.3,1777923023
All Pools,USDC.e - O3,0.3,False,656170.0,343742447.0,1640.43,0.17,1777923023
All Pools,BTC.b - USDC,0.05,False,497829.0,814419.0,262.56,11.77,1777923023
All Pools,USDt - USDC,0.005,False,469615.0,695104.0,33.27,1.75,1777923023
All Pools,AVAX - USDC,0.2,False,152958.0,209179.0,310.59,54.2,1777923023
All Pools,sAVAX - AVAX,0.01,False,92943.0,189948.0,9.503,1.83,1777923023
All Pools,GUN - AVAX,0.25,False,55835.0,128630.0,143.67,40.77,1777923023
All Pools,AVAX - BTC.b,0.05,False,51506.0,590481.0,27.58,1.7,1777923023
All Pools,XAUt0 - USDt,0.04,False,50785.0,37792.0,23.7,22.89,1777923023
All Pools,GUN - AVAX,0.1,False,47184.0,40432.0,50.34,45.45,1777923023
All Pools,DAI.e - USDC,0.02,False,43655.0,32046.0,11.34,12.92,1777923023
All Pools,ARENA - AVAX,0.01,False,43043.0,155248.0,4.301,1.01,1777923023
All Pools,USDT.e - USDC,0.02,False,36392.0,48843.0,7.432,5.55,1777923023
All Pools,AVAX - USDt,0.2,False,33861.0,132269.0,68.53,18.91,1777923023
All Pools,USDC - XAVA,0.3,False,27716.0,615258.0,69.29,4.11,1777923023
All Pools,USDT.e - USDt,0.02,False,26598.0,44306.0,5.38,4.43,1777923023
All Pools,AVAX - USDT.e,0.3,False,25099.0,554464.0,62.75,4.13,1777923023
All Pools,WBTC - BTC.b,0.03,False,23744.0,84838.0,7.529,3.24,1777923023
All Pools,AVAX - USDC,0.3,False,21406.0,407962.0,53.52,4.79,1777923023
All Pools,MIM - AVAX,0.3,False,21133.0,565297.0,52.83,3.41,1777923023
All Pools,NXPC - AVAX,0.3,False,20894.0,241219.0,52.23,7.9,1777923023
All Pools,WBTC.e - BTC.b,0.03,False,20859.0,335448.0,8.435,0.92,1777923023
All Pools,USDC.e - AVAX,0.3,False,20621.0,431816.0,51.55,4.36,1777923023
All Pools,WBTC.e - AVAX,0.3,False,16403.0,174036.0,41.01,8.6,1777923023
All Pools,FOLKS - AVAX,0.25,False,15287.0,34268.0,39.03,41.58,1777923023
All Pools,USDt - USDC,0.01,False,14622.0,181738.0,1.171,0.24,1777923023
All Pools,JOE - AVAX,0.3,False,12798.0,526180.0,32.0,2.22,1777923023
All Pools,COQ - AVAX,0.3,False,12015.0,619420.0,30.04,1.77,1777923023
All Pools,JOE - USDC.e,0.3,False,11410.0,338537.0,28.52,3.08,1777923023
All Pools,QI - AVAX,0.3,False,10357.0,240652.0,25.89,3.93,1777923023
All Pools,USDT.e - USDC,0.02,False,8065.08,887.68,0.96314,39.6,1777923023
All Pools,NOCHILL - AVAX,0.3,False,7166.62,84154.0,17.92,7.77,1777923023
All Pools,EURC - USDC,0.03,False,5468.63,13065.0,1.677,4.68,1777923023
All Pools,ORNG - AVAX,0.3,False,4699.82,28002.0,11.75,15.32,1777923023
All Pools,SolvBTC - BTC.b,0.04,False,4217.07,252821.0,2.084,0.3,1777923023
All Pools,DAI.e - USDC,0.02,False,3891.86,2642.96,1.08,14.91,1777923023
All Pools,USDC.e - USDC,0.3,False,3803.84,483702.0,9.51,0.72,1777923023
All Pools,AAVE.e - AVAX,0.3,False,3520.03,303022.0,8.8,1.06,1777923023
All Pools,JPYC - USDC,0.04,False,3469.57,4470.26,1.742,14.22,1777923023
All Pools,FLD - AVAX,0.3,False,3287.12,52295.0,8.218,5.74,1777923023
All Pools,WETH.e - AVAX,0.3,False,3059.66,501278.0,7.649,0.56,1777923023
All Pools,AUSD - AVAX,0.1,False,2715.79,40087.0,2.823,2.57,1777923023
All Pools,AVAX - avUSD,0.25,False,2507.15,2364.78,6.307,97.35,1777923023
All Pools,USDt - AVAX,0.3,False,2466.81,45244.0,6.167,4.98,1777923023
All Pools,JOE - USDT.e,0.3,False,2381.98,67797.0,5.955,3.21,1777923023
All Pools,BEAM - AVAX,0.25,False,2309.1,20307.0,5.809,10.44,1777923023
All Pools,BTC.b - AVAX,0.3,False,2273.06,143397.0,5.683,1.45,1777923023
All Pools,BEAM - USDC,0.3,False,2172.6,72491.0,5.432,2.73,1777923023
All Pools,ALOT - AVAX,0.3,False,2110.27,228764.0,5.276,0.84,1777923023
All Pools,gOHM - AVAX,0.3,False,1958.8,138790.0,4.897,1.29,1777923023
All Pools,XAVA - AVAX,0.8,False,1845.2,230166.0,14.84,2.35,1777923023
All Pools,LINK.e - AVAX,0.3,False,1793.05,49377.0,4.483,3.31,1777923023
All Pools,BEAM - AVAX,0.3,False,1750.76,94644.0,4.377,1.69,1777923023
All Pools,XAVA - AVAX,0.25,False,1702.86,3222.04,4.433,50.22,1777923023
All Pools,AVAX - DAI.e,0.3,False,1605.62,34387.0,4.014,4.26,1777923023
All Pools,ZRO - AVAX,0.25,False,1592.84,2316.92,11.91,187.66,1777923023
All Pools,JOE - USDC,0.3,False,1583.83,40347.0,3.96,3.58,1777923023
All Pools,HUNDRED - USDC,0.3,False,1472.92,519446.0,3.682,0.26,1777923023
All Pools,USDt - USDC,0.02,False,1305.82,2235.76,0.28926,4.72,1777923023
All Pools,WBTC.e - BTC.b,0.03,False,1301.76,698.29,0.57924,30.28,1777923023
All Pools,YAK - AVAX,0.3,False,1125.86,110516.0,2.815,0.93,1777923023
All Pools,WETH.e - USDC,0.15,False,1084.38,10056.0,1.658,6.02,1777923023
All Pools,HEFE - AVAX,0.3,False,1065.63,23027.0,2.664,4.22,1777923023
All Pools,SOL - AVAX,0.3,False,1040.78,438142.0,2.602,0.22,1777923023
All Pools,LCPEDU - USDt,0.8,False,1002.83,9626335.0,16.08,0.06,1777923023
All Pools,AVAX - JUICE,0.3,False,948.66,15988.0,2.372,5.41,1777923023
All Pools,SHRAP - AVAX,0.8,False,812.49,12888.0,7.272,20.6,1777923023
All Pools,w3ULL - AVAX,0.3,False,786.41,65899.0,1.966,1.09,1777923023
All Pools,SIERRA - USDC,0.1,False,663.52,40215.0,0.66359,0.6,1777923023
All Pools,AVAX - ALVA,0.3,False,623.12,1281.81,1.558,44.36,1777923023
All Pools,AVAX - XAVA,0.3,False,611.61,16128.0,1.529,3.46,1777923023
All Pools,XSEED - AVAX,0.3,False,604.25,13170.0,1.511,4.19,1777923023
All Pools,JOE - AVAX,0.25,False,562.15,10820.0,1.416,4.78,1777923023
All Pools,GMX - AVAX,0.3,False,524.47,5049.82,1.311,9.48,1777923023
All Pools,UST - AVAX,0.3,False,497.74,8213.2,1.244,5.53,1777923023
All Pools,AARB - AVAX,0.3,False,439.33,0.18275,1.098,219361.23,1777923023
All Pools,ARC - AVAX,0.3,False,439.02,0.18269,1.098,219282.69,1777923023
All Pools,AVAX - UST,0.3,False,388.93,9182.55,0.97232,3.86,1777923023
All Pools,KLO - AVAX,0.3,False,332.28,14839.0,0.83071,2.04,1777923023
All Pools,WETH.e - USDC.e,0.3,False,326.48,12416.0,0.81621,2.4,1777923023
All Pools,MUON - AVAX,0.3,False,313.36,47302.0,0.78341,0.6,1777923023
All Pools,sAVAX - AVAX,0.3,False,305.82,243899.0,0.76455,0.11,1777923023
All Pools,PTOP800 - USDC,0.1,False,272.11,660.23,0.2747,15.19,1777923023
All Pools,STG - USDC,0.3,False,271.79,1481.59,0.67948,16.74,1777923023
All Pools,YUSD - USDC,0.02,False,240.61,122000.0,0.04812,0.01,1777923023
All Pools,HERESY - AVAX,0.3,False,236.99,22128.0,0.59247,0.98,1777923023
All Pools,PTOP800 - AVAX,0.1,False,233.31,608.34,0.23469,14.08,1777923023
All Pools,SWORLD - AVAX,0.3,False,226.45,7064.23,0.56612,2.93,1777923023
All Pools,sAVAX - JACK,0.3,False,199.41,291219.0,0.49852,0.06,1777923023
All Pools,PTOP1100 - USDC,0.1,False,199.04,669.74,0.20021,10.91,1777923023
All Pools,PTOP1100 - AVAX,0.1,False,198.23,365.56,0.2012,20.09,1777923023
All Pools,XETA - USDC,0.3,False,192.43,6409.94,0.48107,2.74,1777923023
All Pools,GGP - AVAX,0.3,False,161.03,93694.0,0.40257,0.16,1777923023
All Pools,LUNA - USDC.e,0.3,False,160.59,925.54,0.40146,15.83,1777923023
All Pools,PTOP1300 - AVAX,0.1,False,157.98,579.98,0.15856,9.98,1777923023
All Pools,PTOP1300 - USDC,0.1,False,157.62,348.4,0.15878,16.63,1777923023
All Pools,STG - AVAX,0.3,False,152.19,1481.11,0.38047,9.38,1777923023
All Pools,QI - AVAX,0.25,False,135.08,14985.0,0.33747,0.82,1777923023
All Pools,XPOW - AVAX,0.3,False,133.51,374.13,0.33377,32.56,1777923023
All Pools,OSAK - AVAX,0.3,False,130.81,5979.1,0.32704,2.0,1777923023
All Pools,PTOP1200 - AVAX,0.1,False,128.43,689.44,0.12862,6.81,1777923023
All Pools,PTOP1200 - USDC,0.1,False,127.81,198.89,0.1306,23.97,1777923023
All Pools,APIX - ID,0.3,False,123.05,25454.0,0.30761,0.44,1777923023
All Pools,CAPY - ARENA,0.3,False,120.06,31879.0,0.30016,0.34,1777923023
All Pools,BOOTY - AVAX,0.3,False,117.71,2234.46,0.29426,4.81,1777923023
All Pools,MIM - USDt,0.03,False,116.36,9.706,0.03912,147.1,1777923023
All Pools,APIX - USDt,0.3,False,111.96,6929.46,0.27991,1.47,1777923023
All Pools,KIMBO - AVAX,0.3,False,109.64,64826.0,0.27411,0.15,1777923023
All Pools,AVAX - JUICY,0.3,False,106.76,3056.59,0.2669,3.19,1777923023
All Pools,gOHM - FRAX,0.3,False,95.9,3545.67,0.23974,2.47,1777923023
All Pools,JOE - AVAX,0.15,False,86.59,69723.0,0.13321,0.07,1777923023
All Pools,TECH - AVAX,0.3,False,81.98,14268.0,0.20496,0.52,1777923023
All Pools,SOL - AVAX,0.1,False,79.42,1098.18,0.07954,2.64,1777923023
All Pools,AVAX - APOW,0.3,False,70.34,25843.0,0.17586,0.25,1777923023
All Pools,AVAX - GEC,0.3,False,67.2,36307.0,0.16801,0.17,1777923023
All Pools,MAJIN - AVAX,0.3,False,65.34,4266.24,0.16336,1.4,1777923023
All Pools,XPOW - APOW,0.3,False,63.69,931.69,0.15921,6.24,1777923023
All Pools,PRIME - AVAX,0.4,False,61.42,108596.0,0.82606,0.28,1777923023
All Pools,PNG - AVAX,0.3,False,59.08,1070.42,0.1477,5.04,1777923023
All Pools,CAI - AVAX,0.3,False,56.94,1813.56,0.14235,2.86,1777923023
All Pools,FITFI - USDT.e,0.3,False,50.62,372.62,0.12655,12.4,1777923023
All Pools,APIX - USDC,0.3,False,50.05,3462.44,0.12512,1.32,1777923023
All Pools,SB - AVAX,0.3,False,48.08,7014.47,0.12021,0.63,1777923023
All Pools,HUSKY - AVAX,0.3,False,47.02,3629.23,0.11754,1.18,1777923023
All Pools,AVAX - RISE,0.3,False,45.82,59980.0,0.11455,0.07,1777923023
All Pools,PTOP800 - BTC.b,0.1,False,44.28,1010.65,0.05027,1.82,1777923023
All Pools,MIM - SB,0.3,False,37.73,5775.5,0.09433,0.6,1777923023
All Pools,FTR - AVAX,0.3,False,37.34,1294.54,0.09334,2.63,1777923023
All Pools,AVAX - FRAX,0.3,False,35.6,1025.22,0.08899,3.17,1777923023
All Pools,AVAX - HON,0.3,False,35.53,91434.0,0.08882,0.04,1777923023
All Pools,Balln - AVAX,0.3,False,35.14,4261.82,0.08786,0.75,1777923023
All Pools,MIM - WETH.e,0.3,False,34.8,1473.49,0.08699,2.15,1777923023
All Pools,GUN - BLSEYE🎯,0.3,False,34.07,962.48,0.08516,3.23,1777923023
All Pools,UST - USDC.e,0.3,False,33.63,799.13,0.08408,3.84,1777923023
All Pools,ggAVAX - AVAX,0.04,False,33.63,374.93,0.00357,0.35,1777923023
All Pools,BLSEYE🎯 - AVAX,0.3,False,32.97,6075.76,0.08243,0.5,1777923023
All Pools,APIX - ARENA,0.3,False,32.96,2357.08,0.0824,1.28,1777923023
All Pools,USDC.e - USDC,0.02,False,30.21,17000.0,0.00343,0.01,1777923023
All Pools,SECOND - AVAX,0.3,False,30.0,1789.16,0.075,1.53,1777923023
All Pools,SECOND - USDC,0.3,False,29.99,7259.91,0.07499,0.38,1777923023
All Pools,RGOGLZ - USDC,0.3,False,27.81,1602.49,0.06952,1.58,1777923023
All Pools,AVAX - SOLNIC,0.3,False,27.78,4743.7,0.06946,0.53,1777923023
All Pools,CAT - AVAX,0.3,False,27.75,1973.47,0.06938,1.28,1777923023
All Pools,Psychic - AVAX,0.3,False,27.12,1187.26,0.06781,2.08,1777923023
All Pools,MEOW - AVAX,0.3,False,27.12,10689.0,0.0678,0.23,1777923023
All Pools,CATCH - AVAX,0.3,False,24.42,307.37,0.06105,7.25,1777923023
All Pools,ROCO - AVAX,0.3,False,23.13,1296.27,0.05784,1.63,1777923023
All Pools,GUN - AVAX,0.3,False,23.0,449.81,0.05751,4.67,1777923023
All Pools,LUNA - USDC.e,0.3,False,22.83,354.25,0.05708,5.88,1777923023
All Pools,DCAU - AVAX,0.3,False,22.66,1282.87,0.05664,1.61,1777923023
All Pools,DCAU - USDT.e,0.3,False,21.22,5355.73,0.05305,0.36,1777923023
All Pools,GENI - USDC,0.3,False,19.93,1490.0,0.04982,1.22,1777923023
All Pools,USDt - ncash,0.3,False,19.84,1144.45,0.0496,1.58,1777923023
All Pools,BOI - AVAX,0.3,False,19.67,77.07,0.04918,23.29,1777923023
All Pools,HATCHY - AVAX,0.3,False,19.51,9878.33,0.04877,0.18,1777923023
All Pools,HOWDY - USDC,0.3,False,19.22,8068.04,0.04806,0.22,1777923023
All Pools,UST - USDC,0.3,False,19.15,490.96,0.04787,3.56,1777923023
All Pools,USDC.e - DAI.e,0.3,False,19.07,22815.0,0.04767,0.08,1777923023
All Pools,MEAT - AVAX,0.3,False,18.45,5384.21,0.04613,0.31,1777923023
All Pools,Psychic - XAUt0,0.3,False,18.27,6937.02,0.04567,0.24,1777923023
All Pools,XROSS - ORNG,0.3,False,17.09,493.08,0.04272,3.16,1777923023
All Pools,HAREM - AVAX,0.3,False,16.84,128.18,0.0421,11.99,1777923023
All Pools,USDC.e - USDT.e,0.3,False,16.45,40374.0,0.04112,0.04,1777923023
All Pools,DAI.e - USDt,0.25,False,16.38,21089.0,0.03914,0.07,1777923023
All Pools,USDV - AVAX,0.25,False,16.2,1834.02,0.06335,1.26,1777923023
All Pools,WOM - AVAX,0.3,False,15.65,844.01,0.03913,1.69,1777923023
All Pools,AVAX - CLY,0.3,False,15.52,60157.0,0.0388,0.02,1777923023
All Pools,ORNG - FLUX,0.3,False,15.25,366.94,0.03812,3.79,1777923023
All Pools,YUSD - AVAX,0.3,False,15.12,135.41,0.0378,10.19,1777923023
All Pools,AVAX - DOMI,0.3,False,14.65,17535.0,0.03662,0.08,1777923023
All Pools,GURS - AVAX,0.3,False,14.55,7748.01,0.03637,0.17,1777923023
All Pools,COQ - AVAX,0.8,False,14.51,4854.87,0.11839,0.89,1777923023
All Pools,AVAX - STICK,0.3,False,14.34,2159.86,0.03586,0.61,1777923023
All Pools,MAI - AVAX,0.3,False,14.16,1838.68,0.0354,0.7,1777923023
All Pools,AVAX - PEFI,0.3,False,13.89,4548.47,0.03471,0.28,1777923023
All Pools,DATCM - ORNG,0.3,False,13.45,491.62,0.03362,2.5,1777923023
All Pools,SHRAP - DOMI,0.3,False,12.86,292.3,0.03216,4.02,1777923023
All Pools,ORNG - MOOM,0.3,False,12.81,405.75,0.03203,2.88,1777923023
All Pools,SVETA - AVAX,0.3,False,12.39,1399.41,0.03098,0.81,1777923023
All Pools,SYN - AVAX,0.3,False,11.74,2776.8,0.02936,0.39,1777923023
All Pools,ZRO - AVAX,0.3,False,11.2,203.32,0.02801,5.03,1777923023
All Pools,ORNG - JUCI,0.3,False,10.85,500.48,0.02713,1.98,1777923023
All Pools,Ush - AVAX,0.3,False,10.84,2844.55,0.02709,0.35,1777923023
All Pools,PTOP1000 - AVAX,0.1,False,10.55,637.67,0.01056,0.6,1777923023
All Pools,ORNG - SAI,0.3,False,10.46,293.9,0.02615,3.25,1777923023
All Pools,USDT.e - USDC,0.02,False,10.26,7.005,0.0022,11.49,1777923023
All Pools,YOU - ORNG,0.3,False,10.23,3264.18,0.02557,0.29,1777923023
All Pools,JPYC - USDC,0.3,False,9.866,351.68,0.02466,2.56,1777923023
All Pools,AVAXAI - USDC,0.3,False,9.742,1726.12,0.02436,0.52,1777923023
All Pools,MMTH - AVAX,0.3,False,9.214,0.02372,0.02303,35449.31,1777923023
All Pools,WINK - AVAX,0.3,False,8.951,80.53,0.02238,10.14,1777923023
All Pools,AVAX - ELK,0.3,False,8.76,1739.42,0.0219,0.46,1777923023
All Pools,BLSEYE🎯 - ARENA,0.3,False,8.636,1182.07,0.02159,0.67,1777923023
All Pools,AVAX - SQRCAT,0.3,False,8.594,5983.44,0.02148,0.13,1777923023
All Pools,MDG - USDT.e,0.3,False,8.547,18085.0,0.02137,0.04,1777923023
All Pools,MDG - USDC.e,0.3,False,8.547,9807.05,0.02137,0.08,1777923023
All Pools,avUSD - sAVAX,0.3,False,8.494,266.21,0.02124,2.91,1777923023
All Pools,LUNA - AVAX,0.3,False,7.278,155.82,0.01819,4.26,1777923023
All Pools,WETH - USDC.e,0.3,False,7.15,230.7,0.01788,2.83,1777923023
All Pools,CATWIF - AVAX,0.3,False,7.006,3293.56,0.01752,0.19,1777923023
All Pools,USV - DAI.e,0.3,False,6.89,4277.71,0.01723,0.15,1777923023
All Pools,LINK.e - USDT.e,0.3,False,6.843,236.96,0.01711,2.64,1777923023
All Pools,WBTC.e - USDT.e,0.3,False,6.793,174.41,0.01698,3.55,1777923023
All Pools,CHAMP - ARENA,0.3,False,6.419,17.29,0.01605,33.87,1777923023
All Pools,MYST - AVAX,0.3,False,6.194,921.54,0.01549,0.61,1777923023
All Pools,WBTC.e - ONION,0.3,False,5.962,412.85,0.01491,1.32,1777923023
All Pools,SWIFT - USDC.e,0.3,False,5.708,543.56,0.01427,0.96,1777923023
All Pools,FITFI - AVAX,0.3,False,5.469,39.53,0.01367,12.62,1777923023
All Pools,WETH.e - ONION,0.3,False,5.466,276.86,0.01367,1.8,1777923023
All Pools,agEUR - USDC,0.3,False,5.38,63.95,0.01345,7.68,1777923023
All Pools,LUNA - AVAX,0.3,False,5.084,23.36,0.01271,19.86,1777923023
All Pools,RPEPE - AVAX,0.3,False,4.965,6393.63,0.01241,0.07,1777923023
All Pools,APOW - AVAX,0.3,False,4.82,1094.69,0.01205,0.4,1777923023
All Pools,LINK.e - USDC.e,0.3,False,4.815,197.7,0.01204,2.22,1777923023
All Pools,SWIFT - WETH.e,0.3,False,4.814,1652.06,0.01204,0.27,1777923023
All Pools,PNG - JOE,0.3,False,4.646,172.95,0.01161,2.45,1777923023
All Pools,YAK - USDC.e,0.3,False,4.527,218.13,0.01132,1.89,1777923023
All Pools,ISA - USDC.e,0.3,False,4.388,492.98,0.01097,0.81,1777923023
All Pools,ISA - AVAX,0.3,False,4.078,1479.67,0.01019,0.25,1777923023
All Pools,USDT.e - DAI.e,0.3,False,4.034,7340.12,0.01009,0.05,1777923023
All Pools,ACS - AVAX,0.3,False,4.0,215.96,0.01,1.69,1777923023
All Pools,WETH.e - USDT.e,0.3,False,3.997,168.68,0.00999,2.16,1777923023
All Pools,DPS - AVAX,0.3,False,3.964,225.0,0.00991,1.61,1777923023
All Pools,DPS - USDC,0.3,False,3.963,1953.73,0.00991,0.19,1777923023
All Pools,REDWOLF - AVAX,0.3,False,3.739,506.79,0.00935,0.67,1777923023
All Pools,AVAX - aXEN,0.3,False,3.702,80.98,0.00926,4.17,1777923023
All Pools,USDC.e - ONION,0.3,False,3.578,388.71,0.00894,0.84,1777923023
All Pools,MYST - USDC,0.3,False,3.49,258.27,0.00873,1.23,1777923023
All Pools,USDT.e - CLY,0.3,False,3.442,263.99,0.0086,1.19,1777923023
All Pools,LIQR - AVAX,0.3,False,3.413,52188.0,0.00853,0.01,1777923023
All Pools,REDWOLF - USDC,0.3,False,3.411,204.05,0.00853,1.53,1777923023
All Pools,FXS - AVAX,0.3,False,3.299,445.95,0.00825,0.68,1777923023
All Pools,AVAX - ONION,0.3,False,3.19,184.0,0.00797,1.58,1777923023
All Pools,YEEHAW - CHAMP,0.3,False,3.152,2385.86,0.00788,0.12,1777923023
All Pools,BTC.b - TOPIA,0.3,False,3.088,313.98,0.00772,0.9,1777923023
All Pools,AVAX - SOCK,0.3,False,2.811,3350.49,0.00703,0.08,1777923023
All Pools,MAGICK - AVAX,0.3,False,2.806,359.79,0.00702,0.71,1777923023
All Pools,MAGICK - USDC,0.3,False,2.805,242.53,0.00701,1.06,1777923023
All Pools,Now - AVAX,0.3,False,2.805,268.76,0.00701,0.95,1777923023
All Pools,USDC - SOCK,0.3,False,2.792,487.81,0.00698,0.52,1777923023
All Pools,TINU - AVAX,0.3,False,2.724,1360.65,0.00681,0.18,1777923023
All Pools,HUSKY - JOE,0.3,False,2.715,180.5,0.00679,1.37,1777923023
All Pools,AVAX - FRAX,0.3,False,2.594,275.15,0.00648,0.86,1777923023
All Pools,AVAX - TIME,0.3,False,2.534,1224.5,0.00634,0.19,1777923023
All Pools,USDT.e - ONION,0.3,False,2.53,775.46,0.00633,0.3,1777923023
All Pools,AVAX - AMI,0.3,False,2.518,545.76,0.00629,0.42,1777923023
All Pools,APOW - USDC,0.3,False,2.436,170.28,0.00609,1.31,1777923023
All Pools,Gravity - AVAX,0.3,False,2.422,340.8,0.00606,0.65,1777923023
All Pools,APOW - USDt,0.3,False,2.386,169.79,0.00597,1.28,1777923023
All Pools,pAVAX - AVAX,0.3,False,2.305,1721.4,0.00576,0.12,1777923023
All Pools,HOST - DAI.e,0.3,False,2.243,2622.71,0.00561,0.08,1777923023
All Pools,LF - AVAX,0.3,False,2.243,295.6,0.00561,0.69,1777923023
All Pools,MIM - LF,0.3,False,2.243,914.9,0.00561,0.22,1777923023
All Pools,FollowTheWhiteRabbit - BLACK,0.3,False,2.129,1176.98,0.00532,0.17,1777923023
All Pools,SHOE - AVAX,0.3,False,2.125,667.5,0.00531,0.29,1777923023
All Pools,USDC.e - MU,0.3,False,2.118,13534.0,0.0053,0.01,1777923023
All Pools,LORD - AVAX,0.3,False,2.109,1966.98,0.00527,0.1,1777923023
All Pools,67 - AVAX,0.3,False,2.022,0.0035,0.00505,52642.76,1777923023
All Pools,BLSEYE🎯 - BEAM,0.3,False,2.0,346.79,0.005,0.53,1777923023
All Pools,NOCHILL - OX,0.3,False,1.994,12476.0,0.00498,0.01,1777923023
All Pools,AVAX - SPELL,0.3,False,1.975,2801.01,0.00494,0.06,1777923023
All Pools,Trinity - AVAX,0.3,False,1.951,1042.32,0.00488,0.17,1777923023
All Pools,GENI - AVAX,0.3,False,1.922,75.03,0.0048,2.34,1777923023
All Pools,XAUt0 - Now,0.3,False,1.903,709.05,0.00476,0.24,1777923023
All Pools,USDC.e - AVVO,0.3,False,1.9,253.05,0.00475,0.69,1777923023
All Pools,USDC - SHRAP,0.3,False,1.827,27.9,0.00457,5.98,1777923023
All Pools,AVAX - NaughtiusMaximus,0.3,False,1.812,445.32,0.00453,0.37,1777923023
All Pools,XAUt0 - NaughtiusMaximus,0.3,False,1.809,1046.39,0.00452,0.16,1777923023
All Pools,COQ - BLSEYE🎯,0.3,False,1.778,217.15,0.00444,0.75,1777923023
All Pools,UST - USDT.e,0.3,False,1.772,45.27,0.00443,3.57,1777923023
All Pools,XAUt0 - Gravity,0.3,False,1.755,396.94,0.00439,0.4,1777923023
All Pools,DCAU - USDC,0.3,False,1.731,152.47,0.00433,1.04,1777923023
All Pools,USDt - USDT.e,0.3,False,1.731,20393.0,0.00433,0.01,1777923023
All Pools,AVAX - IMPACT2,0.3,False,1.699,172.21,0.00425,0.9,1777923023
All Pools,PIZZA - AVAX,0.3,False,1.684,516.15,0.00421,0.3,1777923023
All Pools,TRESR - AVAX,0.3,False,1.658,15023.0,0.00414,0.01,1777923023
All Pools,COQ - OX,0.3,False,1.636,12656.0,0.00409,0.01,1777923023
All Pools,Gravity - BLACK,0.3,False,1.633,1066.68,0.00408,0.14,1777923023
All Pools,BEAR - AVAX,0.3,False,1.619,7346.94,0.00405,0.02,1777923023
All Pools,MIM - PEFI,0.3,False,1.601,205.97,0.004,0.71,1777923023
All Pools,KIWI - AVAX,0.3,False,1.6,117.32,0.004,1.24,1777923023
All Pools,KIWI - USDC,0.3,False,1.581,312.09,0.00395,0.46,1777923023
All Pools,JOE - USDT,0.3,False,1.545,365.33,0.00386,0.39,1777923023
All Pools,AVAX - ELK,0.3,False,1.525,69.29,0.00381,2.01,1777923023
All Pools,FollowTheWhiteRabbit - AVAX,0.3,False,1.52,166.12,0.0038,0.84,1777923023
All Pools,SMRTr - AVAX,0.3,False,1.504,37146.0,0.00376,0.0,1777923023
All Pools,SMRTr - USDC.e,0.3,False,1.5,126.73,0.00375,1.08,1777923023
All Pools,DAI.e - ONION,0.3,False,1.482,355.19,0.0037,0.38,1777923023
All Pools,AVAX - LUCKY,0.3,False,1.463,4126.96,0.00366,0.03,1777923023
All Pools,BANKSY - USDT.e,0.3,False,1.399,1564.11,0.0035,0.08,1777923023
All Pools,BANKSY - AVAX,0.3,False,1.399,174.79,0.0035,0.73,1777923023
All Pools,USDC - NXUSD,0.3,False,1.39,3.517,0.00348,36.07,1777923023
All Pools,SHOE - BTC.b,0.3,False,1.385,849.58,0.00346,0.15,1777923023
All Pools,CRA - AVAX,0.3,False,1.381,10188.0,0.00345,0.01,1777923023
All Pools,DREGG - AVAX,0.3,False,1.374,182.04,0.00344,0.69,1777923023
All Pools,DREGG - USDT.e,0.3,False,1.372,549.26,0.00343,0.23,1777923023
All Pools,Psychic - BLACK,0.3,False,1.368,464.2,0.00342,0.27,1777923023
All Pools,AVAX - ChristMark,0.3,False,1.335,359.53,0.00334,0.34,1777923023
All Pools,AVAX - USDT,0.3,False,1.315,2020.21,0.00329,0.06,1777923023
All Pools,AVAX - TUS,0.3,False,1.268,8214.94,0.00317,0.01,1777923023
All Pools,COQ - NOCHILL,0.3,False,1.244,14.45,0.00311,7.85,1777923023
All Pools,AVAX - MU,0.3,False,1.234,89.84,0.00308,1.25,1777923023
All Pools,BLSEYE🎯 - MEOW,0.3,False,1.199,675.39,0.003,0.16,1777923023
All Pools,XAUt0 - ChristMark,0.3,False,1.128,689.87,0.00282,0.15,1777923023
All Pools,AVAX - SMRT,0.3,False,1.117,2376.66,0.00279,0.04,1777923023
All Pools,Trinity - BLACK,0.3,False,1.107,563.83,0.00277,0.18,1777923023
All Pools,VPND - AVAX,0.3,False,1.092,26016.0,0.00273,0.0,1777923023
All Pools,USDC - GAU,0.3,False,1.081,12275.0,0.0027,0.01,1777923023
All Pools,NOCHILL - KET,0.3,False,1.058,15.43,0.00265,6.26,1777923023
All Pools,USDT.e - SMRT,0.3,False,1.046,107.53,0.00261,0.89,1777923023
All Pools,BUSD - AVAX,0.3,False,1.038,425.4,0.0026,0.22,1777923023
All Pools,SWIFT - AVAX,0.3,False,1.028,311.88,0.00257,0.3,1777923023
All Pools,MM - USDC,0.3,False,1.023,84.77,0.00256,1.1,1777923023
All Pools,MM - AVAX,0.3,False,1.021,136.01,0.00255,0.68,1777923023
All Pools,HUSKY - AMI,0.3,False,1.017,85.06,0.00254,1.09,1777923023
All Pools,AVAX - AVVO,0.3,False,1.006,306.87,0.00252,0.3,1777923023
All Pools,MONEY - AVAX,0.3,False,0.99821,638.09,0.0025,0.14,1777923023
All Pools,rloop - AVAX,0.3,False,0.99178,6331.4,0.00248,0.01,1777923023
All Pools,LUEEGI - AVAX,0.3,False,0.98903,1603.59,0.00247,0.06,1777923023
All Pools,KALM - AVAX,0.3,False,0.96892,128.39,0.00242,0.69,1777923023
All Pools,KALM - USDC,0.3,False,0.96887,85.48,0.00242,1.03,1777923023
All Pools,Now - BLACK,0.3,False,0.9394,442.5,0.00235,0.19,1777923023
All Pools,HOST - AVAX,0.3,False,0.92061,107.88,0.0023,0.78,1777923023
All Pools,MIM - TIME,0.3,False,0.91334,123.21,0.00228,0.68,1777923023
All Pools,JOE - EXP,0.3,False,0.90657,13399273.0,0.00227,,1777923023
All Pools,PTOP1100 - TOPIA,0.3,False,0.90456,152.72,0.00226,0.54,1777923023
All Pools,Psychic - Now,0.3,False,0.8783,631.24,0.0022,0.13,1777923023
All Pools,MAXI - DAI.e,0.3,False,0.86788,237.33,0.00217,0.33,1777923023
All Pools,STATIK - AVAX,0.3,False,0.8626,44.76,0.00216,1.76,1777923023
All Pools,AVAX - GME,0.3,False,0.85858,713.88,0.00215,0.11,1777923023
All Pools,GUN - AMI,0.3,False,0.84062,22.6,0.0021,3.39,1777923023
All Pools,USDC - SPT,0.3,False,0.82482,41.02,0.00206,1.83,1777923023
All Pools,Trinity - Psychic,0.3,False,0.81884,545.04,0.00205,0.14,1777923023
All Pools,USDt - IMPACT2,0.3,False,0.8055,72.32,0.00201,1.02,1777923023
All Pools,50 - AVAX,0.3,False,0.80187,76.99,0.002,0.95,1777923023
All Pools,50 - USDC,0.3,False,0.80186,120.91,0.002,0.61,1777923023
All Pools,FollowTheWhiteRabbit - LuciferMorningstar,0.3,False,0.78563,3639.52,0.00196,0.02,1777923023
All Pools,MaryMagdalene - AVAX,0.3,False,0.76572,225.88,0.00191,0.31,1777923023
All Pools,AAVE.e - REDWOLF,0.3,False,0.7513,162.85,0.00188,0.42,1777923023
All Pools,AVAX - ZUBAX,0.3,False,0.74589,118.23,0.00186,0.58,1777923023
All Pools,ZUBAX - USDT.e,0.3,False,0.73735,185.8,0.00184,0.36,1777923023
All Pools,WBTC.e - REDWOLF,0.3,False,0.7369,59.88,0.00184,1.12,1777923023
All Pools,SYMBIOT - AVAX,0.3,False,0.73236,92.85,0.00183,0.72,1777923023
All Pools,LadyMary - AVAX,0.3,False,0.72707,367.22,0.00182,0.18,1777923023
All Pools,AVAX - SHRAP,0.3,False,0.72661,17.64,0.00182,3.76,1777923023
All Pools,JEWEL - USDC,0.3,False,0.72588,4520.97,0.00181,0.01,1777923023
All Pools,COQ - OSAK,0.3,False,0.71765,35.8,0.00179,1.83,1777923023
All Pools,SYMBIOT - DAI.e,0.3,False,0.71684,473.25,0.00179,0.14,1777923023
All Pools,Trinity - LuciferMorningstar,0.3,False,0.71242,351724543.0,0.00178,,1777923023
All Pools,AVAX - KONG,0.3,False,0.68798,7523.36,0.00172,0.01,1777923023
All Pools,WETH.e - USDC,0.3,False,0.67481,22.88,0.00169,2.69,1777923023
All Pools,Orange - AVAX,0.3,False,0.6693,88.06,0.00167,0.69,1777923023
All Pools,Gladiator - AVAX,0.3,False,0.66445,3.735,0.00166,16.23,1777923023
All Pools,MaryMagdalene - XAUt0,0.3,False,0.66236,1927.86,0.00166,0.03,1777923023
All Pools,COQ - COQAI,0.3,False,0.66105,28406.0,0.00165,0.0,1777923023
All Pools,USDT.e - MU,0.3,False,0.657,255.96,0.00164,0.23,1777923023
All Pools,BTC.b - IMPACT2,0.3,False,0.65504,1289.07,0.00164,0.05,1777923023
All Pools,MU - DAI.e,0.3,False,0.63461,247.01,0.00159,0.23,1777923023
All Pools,LINK.e - REDWOLF,0.3,False,0.62686,82.6,0.00157,0.69,1777923023
All Pools,bCASH - NOCHILL,0.3,False,0.62623,19.26,0.00157,2.97,1777923023
All Pools,AVAX - mYAK,0.3,False,0.58834,58.6,0.00147,0.92,1777923023
All Pools,AVAX - APE - X,0.3,False,0.57386,665.89,0.00143,0.08,1777923023
All Pools,SOL - USDC,0.3,False,0.56682,24.25,0.00142,2.13,1777923023
All Pools,BTC.b - SPT,0.3,False,0.54652,40.14,0.00137,1.24,1777923023
All Pools,USDC - aXEN,0.3,False,0.54154,9.56,0.00135,5.17,1777923023
All Pools,Gladiator - USDC,0.3,False,0.5385,565.29,0.00135,0.09,1777923023
All Pools,AVAX - PENDLE,0.3,False,0.53102,7817.67,0.00133,0.01,1777923023
All Pools,MIM - wsOHM,0.3,False,0.5274,1104.36,0.00132,0.04,1777923023
All Pools,AVAX - ARENA,0.3,False,0.52069,81.76,0.0013,0.58,1777923023
All Pools,USDt - RUX,0.3,False,0.50999,16094.0,0.00127,0.0,1777923023
All Pools,RUX - AVAX,0.3,False,0.50994,30.55,0.00127,1.52,1777923023
All Pools,WETH.e - REDWOLF,0.3,False,0.49884,103.49,0.00125,0.44,1777923023
All Pools,Gladiator - AMI,0.3,False,0.49803,372.97,0.00125,0.12,1777923023
All Pools,Orange - DivineFeminine,0.3,False,0.49709,1104.06,0.00124,0.04,1777923023
All Pools,YEEHAW - BTC.b,0.3,False,0.49037,129.17,0.00123,0.35,1777923023
All Pools,WETH.e - SURE,0.3,False,0.47959,1103.72,0.0012,0.04,1777923023
All Pools,COQ - JUICE,0.3,False,0.47603,49.12,0.00119,0.88,1777923023
All Pools,UNI.e - REDWOLF,0.3,False,0.47421,10.77,0.00119,4.02,1777923023
All Pools,MIM - MU,0.3,False,0.4483,255.11,0.00112,0.16,1777923023
All Pools,CQK - AVAX,0.3,False,0.44562,132.79,0.00111,0.31,1777923023
All Pools,CQK - USDC,0.3,False,0.44553,35.32,0.00111,1.15,1777923023
All Pools,USDC - CHAM,0.3,False,0.44397,50.3,0.00111,0.81,1777923023
All Pools,IMPACT2 - EURC,0.3,False,0.43904,47.55,0.0011,0.84,1777923023
All Pools,gOHM - wsOHM,0.3,False,0.43241,37.63,0.00108,1.05,1777923023
All Pools,Trinity - LadyMary,0.3,False,0.42494,11196.0,0.00106,0.0,1777923023
All Pools,TECH - OX,0.3,False,0.41895,5029.32,0.00105,0.01,1777923023
All Pools,AftermathsKobe - AVAX,0.3,False,0.41445,296.03,0.00104,0.13,1777923023
All Pools,Psychic - AftermathsKobe,0.3,False,0.41359,324.64,0.00103,0.12,1777923023
All Pools,AVAX - TOPIA,0.3,False,0.41352,531.98,0.00103,0.07,1777923023
All Pools,BLS - USDt,0.3,False,0.41297,119.98,0.00103,0.31,1777923023
All Pools,ZRO - USDC,0.3,False,0.41145,5.707,0.00103,6.58,1777923023
All Pools,ABC - AVAX,0.3,False,0.40611,1095.66,0.00102,0.03,1777923023
All Pools,NOCHILL - AMI,0.3,False,0.40582,5.725,0.00101,6.47,1777923023
All Pools,BLS - SHRAP,0.3,False,0.4055,9.903,0.00101,3.74,1777923023
All Pools,USDC - yyAVAX,0.3,False,0.40251,14.31,0.00101,2.57,1777923023
All Pools,FERT - AVAX,0.3,False,0.40094,814.12,0.001,0.04,1777923023
All Pools,USDC - USD+,0.3,False,0.39995,33.07,,1.1,1777923023
All Pools,sAVAX - COQ,0.3,False,0.39995,95.48,,0.38,1777923023
All Pools,COQ - BOOTY,0.3,False,0.39426,10.97,,3.28,1777923023
All Pools,CANS - AVAX,0.3,False,0.39086,13.05,,2.73,1777923023
All Pools,CommieSukey - AVAX,0.3,False,0.38855,291.51,,0.12,1777923023
All Pools,Psychic - CommieSukey,0.3,False,0.38803,318.75,,0.11,1777923023
All Pools,MIM - USDC.e,0.3,False,0.38349,2004.71,,0.02,1777923023
All Pools,CGS - USDC.e,0.3,False,0.38148,159.64,,0.22,1777923023
All Pools,CGS - AVAX,0.3,False,0.38141,66.86,,0.52,1777923023
All Pools,LUNA - LUNA,0.3,False,0.37686,2.81,,12.24,1777923023
All Pools,TRACTOR - AVAX,0.3,False,0.36915,14985.0,,0.0,1777923023
All Pools,Meaning - AVAX,0.3,False,0.36869,456.14,,0.07,1777923023
All Pools,Psychic - Meaning,0.3,False,0.36797,313.25,,0.11,1777923023
All Pools,Trinity - Gravity,0.3,False,0.36777,2463.62,,0.01,1777923023
All Pools,VEE - USDC,0.3,False,0.36684,32.49,,1.03,1777923023
All Pools,DivineFeminine - Gravity,0.3,False,0.36582,2323.04,,0.01,1777923023
All Pools,SURE - DAI.e,0.3,False,0.34316,28.27,,1.11,1777923023
All Pools,Jjj - AVAX,0.3,False,0.34225,291.87,,0.11,1777923023
All Pools,DFIAT - USDT.e,0.3,False,0.34203,28.32,,1.1,1777923023
All Pools,APIX - LAMBO,0.3,False,0.34158,565.8,,0.06,1777923023
All Pools,Psychic - Jjj,0.3,False,0.34155,319.86,,0.1,1777923023
All Pools,BLUB - AVAX,0.3,False,0.33939,17127.0,,0.0,1777923023
All Pools,TSD - AVAX,0.3,False,0.33705,323.47,,0.1,1777923023
All Pools,Anon - AVAX,0.3,False,0.33032,14.32,,2.1,1777923023
All Pools,oXAUT - AVAX,0.3,False,0.32834,526.96,,0.06,1777923023
All Pools,AVAX - XPOW,0.3,False,0.32825,40.28,,0.74,1777923023
All Pools,BTC.b - oXAUT,0.3,False,0.32821,380.04,,0.08,1777923023
All Pools,USDT.e - DUO,0.3,False,0.32255,57.61,,0.51,1777923023
All Pools,AVAX - DUO,0.3,False,0.32251,71.43,,0.41,1777923023
All Pools,BENIS - NOCHILL,0.3,False,0.32067,4.586,,6.38,1777923023
All Pools,AVAX - MeaningOfNumbers,0.3,False,0.31637,291.68,,0.1,1777923023
All Pools,Psychic - MeaningOfNumbers,0.3,False,0.31575,319.99,,0.09,1777923023
All Pools,AVAX - BlackAndGold,0.3,False,0.31431,293.22,,0.1,1777923023
All Pools,Psychic - BlackAndGold,0.3,False,0.31385,319.47,,0.09,1777923023
All Pools,AVAX - APOW,0.3,False,0.31276,39.83,,0.72,1777923023
All Pools,USDt - REDWOLF,0.3,False,0.30889,15.01,,1.88,1777923023
All Pools,HUSKY - MUG,0.3,False,0.30625,23.88,,1.17,1777923023
All Pools,USDC.e - WISE,0.3,False,0.30411,46.25,,0.6,1777923023
All Pools,AVAX - WISE,0.3,False,0.30406,79.25,,0.35,1777923023
All Pools,AVAX - BLACK,0.3,False,0.30372,6.069,,4.57,1777923023
All Pools,DFIAT - AVAX,0.3,False,0.30351,7587.92,,0.0,1777923023
All Pools,LadyMary - FollowTheWhiteRabbit,0.3,False,0.30285,649.6,,0.04,1777923023
All Pools,AVAT - USDC,0.3,False,0.3026,40.67,,0.68,1777923023
All Pools,BRO - COQ,0.3,False,0.30254,209.52,,0.13,1777923023
All Pools,SLUSH - USDT.e,0.3,False,0.30167,60.32,,0.46,1777923023
All Pools,SLUSH - AVAX,0.3,False,0.30164,59.22,,0.46,1777923023
All Pools,BRO - AVAX,0.3,False,0.30091,140950.0,,,1777923023
All Pools,USDC.e - WXT,0.3,False,0.29996,291.46,,0.09,1777923023
All Pools,Ducks - AVAX,0.3,False,0.29984,291.66,,0.09,1777923023
All Pools,Psychic - Ducks,0.3,False,0.29929,319.88,,0.09,1777923023
All Pools,AVAI - AVAX,0.3,False,0.29783,29.52,,0.92,1777923023
All Pools,BTC.b - HOWDY,0.3,False,0.29609,186.83,,0.14,1777923023
All Pools,AVVO - DAI.e,0.3,False,0.29096,39.86,,0.67,1777923023
All Pools,GAINS - AVAX,0.3,False,0.29066,41.32,,0.64,1777923023
All Pools,PTOP900 - TOPIA,0.3,False,0.29008,104.9,,0.25,1777923023
All Pools,AVAX - MILO,0.3,False,0.28167,1160.76,,0.02,1777923023
All Pools,USDt - MILO,0.3,False,0.28165,17.21,,1.49,1777923023
All Pools,HOWDY - AVAX,0.3,False,0.28057,21322.0,,0.0,1777923023
All Pools,miMatic - USDC.e,0.3,False,0.27753,23.42,,1.08,1777923023
All Pools,MIM - FORT,0.3,False,0.27181,18200.0,,0.0,1777923023
All Pools,AVAX - FORT,0.3,False,0.27181,39.39,,0.63,1777923023
All Pools,AVAX - MUG,0.3,False,0.27109,354.36,,0.07,1777923023
All Pools,NOCHILL - REDWOLF,0.3,False,0.26931,3.316,,7.41,1777923023
All Pools,KRW - AVAX,0.3,False,0.26908,459.6,,0.05,1777923023
All Pools,JOE - KRW,0.3,False,0.26894,238.91,,0.1,1777923023
All Pools,Psychic - Xmas,0.3,False,0.26872,300.55,,0.08,1777923023
All Pools,wsOHM - AVAX,0.3,False,0.26741,22.25,,1.1,1777923023
All Pools,Hopi - AVAX,0.3,False,0.26539,217.26,,0.11,1777923023
All Pools,Hopi - Now,0.3,False,0.26518,714.21,,0.03,1777923023
All Pools,WBTC.e - USDC.e,0.3,False,0.26506,9.059,,2.67,1777923023
All Pools,AVAX - CHAM,0.3,False,0.26155,33.22,,0.72,1777923023
All Pools,YEEHAW - AVAX,0.3,False,0.25523,32.07,,0.73,1777923023
All Pools,USDT - ETH,0.3,False,0.25384,216.93,,0.11,1777923023
All Pools,AVAX - Prometheus,0.3,False,0.25297,284.82,,0.08,1777923023
All Pools,Psychic - Prometheus,0.3,False,0.25245,311.02,,0.07,1777923023
All Pools,Psychic - Sinterklaas,0.3,False,0.24977,317.09,,0.07,1777923023
All Pools,BOI - MU,0.3,False,0.24875,1.216,,18.66,1777923023
All Pools,AVAX - SPT,0.3,False,0.24836,16.61,,1.36,1777923023
All Pools,AVAX - Wej,0.3,False,0.24802,292.39,,0.08,1777923023
All Pools,Psychic - Wej,0.3,False,0.2475,319.69,,0.07,1777923023
All Pools,ArniStitch - AVAX,0.3,False,0.24154,291.67,,0.08,1777923023
All Pools,$Crazy - AVAX,0.3,False,0.24153,1015.42,,0.02,1777923023
All Pools,Psychic - ArniStitch,0.3,False,0.24107,319.88,,0.07,1777923023
All Pools,avax0 - AVAX,0.3,False,0.2402,6.989,,3.14,1777923023
All Pools,USDC.e - SOL,0.3,False,0.23849,42.05,,0.52,1777923023
All Pools,Xmas - AVAX,0.3,False,0.23784,274.69,,0.08,1777923023
All Pools,TOPIA - PTOP800,0.3,False,0.23296,148.46,,0.14,1777923023
All Pools,GLOBA - AVAX,0.3,False,0.2313,51.76,,0.41,1777923023
All Pools,AI - AVAX,0.3,False,0.22982,4324.1,,0.0,1777923023
All Pools,HEFE - GAINS,0.3,False,0.22749,6.394,,3.25,1777923023
All Pools,WOLF - AVAX,0.3,False,0.22618,43471.0,,,1777923023
All Pools,AVAX - All,0.3,False,0.2253,293.56,,0.07,1777923023
All Pools,Psychic - All,0.3,False,0.22487,319.65,,0.06,1777923023
All Pools,AVAX - RedFolder,0.3,False,0.22326,292.19,,0.07,1777923023
All Pools,DéjàVu - Gravity,0.3,False,0.22288,208.16,,0.1,1777923023
All Pools,Psychic - RedFolder,0.3,False,0.2228,319.75,,0.06,1777923023
All Pools,SUB - USDC,0.3,False,0.22215,13.43,,1.51,1777923023
All Pools,GLOBA - DAI.e,0.3,False,0.22145,52.85,,0.38,1777923023
All Pools,Serpentarius - AVAX,0.3,False,0.22139,296.71,,0.07,1777923023
All Pools,Psychic - Serpentarius,0.3,False,0.2209,324.2,,0.06,1777923023
All Pools,VENG - AVAX,0.3,False,0.21857,60.75,,0.33,1777923023
All Pools,USDT.e - ZABU,0.3,False,0.21792,48.48,,0.41,1777923023
All Pools,MIM - PAPA,0.3,False,0.21641,416.54,,0.05,1777923023
All Pools,PAPA - AVAX,0.3,False,0.21638,30.84,,0.64,1777923023
All Pools,MIM - USDC,0.3,False,0.21572,76.95,,0.26,1777923023
All Pools,METAG - AVAX,0.3,False,0.21136,24.6,,0.78,1777923023
All Pools,MerryXmas - AVAX,0.3,False,0.2106,269.1,,0.07,1777923023
All Pools,BOI - AMI,0.3,False,0.20816,1.037,,18.32,1777923023
All Pools,USDC - BVAX,0.3,False,0.2076,30.96,,0.61,1777923023
All Pools,EGG - AVAX,0.3,False,0.20728,23426.0,,,1777923023
All Pools,NeatestQuackery - AVAX,0.3,False,0.20029,291.36,,0.06,1777923023
All Pools,Psychic - NeatestQuackery,0.3,False,0.19993,319.95,,0.06,1777923023
All Pools,KIMBO - CANS,0.3,False,0.19943,394.6,,0.05,1777923023
All Pools,HEFE - CANS,0.3,False,0.19322,4.633,,3.81,1777923023
All Pools,USDt - DXN,0.3,False,0.19218,215.82,,0.08,1777923023
All Pools,DiamondbackGall - AVAX,0.3,False,0.1902,293.62,,0.06,1777923023
All Pools,Psychic - DiamondbackGall,0.3,False,0.18984,319.92,,0.05,1777923023
All Pools,FollowTheWhiteRabbit - TheGospelOfMary,0.3,False,0.18673,157.24,,0.11,1777923023
All Pools,AVAX - TheGospelOfMary,0.3,False,0.18655,159.21,,0.11,1777923023
All Pools,AVAT - AVAX,0.3,False,0.18295,21.65,,0.77,1777923023
All Pools,BrideOfChrist - AVAX,0.3,False,0.18235,89.7,,0.19,1777923023
All Pools,Psychic - MerryXmas,0.3,False,0.17869,294.28,,0.06,1777923023
All Pools,DogL - AVAX,0.3,False,0.17868,293.6,,0.06,1777923023
All Pools,Psychic - DogL,0.3,False,0.17834,319.93,,0.05,1777923023
All Pools,USDt - XPOW,0.3,False,0.17549,20.29,,0.79,1777923023
All Pools,DCAU - MIM,0.3,False,0.17214,314.6,,0.05,1777923023
All Pools,BrideOfChrist - FollowTheWhiteRabbit,0.3,False,0.17065,728.06,,0.02,1777923023
All Pools,AMI - TOPIA,0.3,False,0.1697,225.3,,0.07,1777923023
All Pools,UST - USDC,0.3,False,0.16861,4.621,,3.33,1777923023
All Pools,AVAX - ZABU,0.3,False,0.16842,30.48,,0.5,1777923023
All Pools,MELT - AVAX,0.3,False,0.16548,25.06,,0.6,1777923023
All Pools,SURE - USDC.e,0.3,False,0.16389,23.75,,0.63,1777923023
All Pools,Chemistry - AVAX,0.3,False,0.16337,89.72,,0.17,1777923023
All Pools,Matter - AVAX,0.3,False,0.16124,80.53,,0.18,1777923023
All Pools,Orange - Matter,0.3,False,0.16089,8971.86,,0.0,1777923023
All Pools,AVAX - NXUSD,0.3,False,0.16006,0.49246,,29.66,1777923023
All Pools,TickTock - AVAX,0.3,False,0.15722,89.55,,0.16,1777923023
All Pools,USDt - APOW,0.3,False,0.15706,20.28,,0.71,1777923023
All Pools,TickTock - Now,0.3,False,0.15701,904.82,,0.02,1777923023
All Pools,DivineFeminine - AVAX,0.3,False,0.15605,6.245,,2.28,1777923023
All Pools,USDC - APOW,0.3,False,0.15562,20.29,,0.7,1777923023
All Pools,AVAX - SNOB,0.3,False,0.15509,980.62,,0.01,1777923023
All Pools,gOHM - SB,0.3,False,0.15289,15.43,,0.9,1777923023
All Pools,USDC - XPOW,0.3,False,0.15272,20.36,,0.68,1777923023
All Pools,USDT.e - EXP,0.3,False,0.15189,44253149.0,,,1777923023
All Pools,BTC.b - REDWOLF,0.3,False,0.14961,120.92,,0.11,1777923023
All Pools,Christmas - AVAX,0.3,False,0.14789,249.33,,0.05,1777923023
All Pools,AVAX - SDOG,0.3,False,0.14664,10.27,,1.3,1777923023
All Pools,MIM - BLANC,0.3,False,0.14457,8463.46,,0.0,1777923023
All Pools,AVAX - BLANC,0.3,False,0.14456,22.07,,0.6,1777923023
All Pools,Psychic - Miller,0.3,False,0.14392,436.07,,0.03,1777923023
All Pools,Chemistry - Now,0.3,False,0.14346,905.19,,0.01,1777923023
All Pools,TOMB - USDC,0.3,False,0.14135,10.71,,1.2,1777923023
All Pools,FLAKE - USDT.e,0.3,False,0.14133,51.08,,0.25,1777923023
All Pools,FLAKE - AVAX,0.3,False,0.14131,21.54,,0.6,1777923023
All Pools,USDC - SDOG,0.3,False,0.14104,485.42,,0.03,1777923023
All Pools,Beyond - AVAX,0.3,False,0.14007,89.46,,0.14,1777923023
All Pools,Beyond - Orange,0.3,False,0.1398,4417.02,,0.0,1777923023
All Pools,miMatic - AVAX,0.3,False,0.13976,37.09,,0.34,1777923023
All Pools,METAG - USDt,0.3,False,0.13814,16.16,,0.78,1777923023
All Pools,NOCHILL - MU,0.3,False,0.13678,2.055,,6.07,1777923023
All Pools,WarpSpeed - AVAX,0.3,False,0.13505,139.69,,0.09,1777923023
All Pools,Gravity - WarpSpeed,0.3,False,0.13503,84.89,,0.15,1777923023
All Pools,AVAX - GAU,0.3,False,0.13082,9.249,,1.29,1777923023
All Pools,Light - AVAX,0.3,False,0.12672,89.66,,0.13,1777923023
All Pools,Light - Now,0.3,False,0.12649,905.72,,0.01,1777923023
All Pools,Sanskrit - AVAX,0.3,False,0.12596,89.68,,0.13,1777923023
All Pools,BTC.b - USDC,0.3,False,0.12581,4.708,,2.44,1777923023
All Pools,Sanskrit - Now,0.3,False,0.12567,906.14,,0.01,1777923023
All Pools,AVAX - Strength,0.3,False,0.12529,141.42,,0.08,1777923023
All Pools,FollowTheWhiteRabbit - DivineFeminine,0.3,False,0.12508,677.85,,0.02,1777923023
All Pools,AVAX - Mentor,0.3,False,0.12424,89.3,,0.13,1777923023
All Pools,Now - Mentor,0.3,False,0.1241,902.64,,0.01,1777923023
All Pools,GURS - NOCHILL,0.3,False,0.12274,1.854,,6.04,1777923023
All Pools,SOB - LUNA,0.3,False,0.12018,1.379,,7.95,1777923023
All Pools,YETI - AVAX,0.3,False,0.12008,3316.55,,0.0,1777923023
All Pools,ALOT - USDC.e,0.3,False,0.11815,9.322,,1.16,1777923023
All Pools,LIBRE - USDC.e,0.3,False,0.11688,14.94,,0.71,1777923023
All Pools,Silver - AVAX,0.3,False,0.11351,88.2,,0.12,1777923023
All Pools,Silver - Now,0.3,False,0.11331,907.16,,0.01,1777923023
All Pools,YEEHAW - USDC,0.3,False,0.11154,12.77,,0.8,1777923023
All Pools,MELT - USDT.e,0.3,False,0.1108,30.99,,0.33,1777923023
All Pools,Solar - AVAX,0.3,False,0.10994,89.92,,0.11,1777923023
All Pools,Solar - Now,0.3,False,0.10987,908.37,,0.01,1777923023
All Pools,CNR - USDC,0.3,False,0.10919,4.868,,2.05,1777923023
All Pools,Go - AVAX,0.3,False,0.10838,140.48,,0.07,1777923023
All Pools,Psychic - DéjàVu,0.3,False,0.1071,196.9,,0.05,1777923023
All Pools,KLO - USDT.e,0.3,False,0.10602,5.636,,1.72,1777923023
All Pools,Yellow - AVAX,0.3,False,0.10584,265.9,,0.04,1777923023
All Pools,Blue - AVAX,0.3,False,0.10544,263.71,,0.04,1777923023
All Pools,FollowTheWhiteRabbit - Priory,0.3,False,0.10475,926.26,,0.01,1777923023
All Pools,NineHundred - AVAX,0.3,False,0.10473,140.46,,0.07,1777923023
All Pools,Priory - AVAX,0.3,False,0.10465,77.13,,0.12,1777923023
All Pools,ACS - USDC.e,0.3,False,0.10379,5.519,,1.72,1777923023
All Pools,3QF - D - AVAX,0.3,False,0.10164,1797.3,,0.01,1777923023
All Pools,Uncontractable - AVAX,0.3,False,0.10154,88.12,,0.11,1777923023
All Pools,Uncontractable - Now,0.3,False,0.10137,885.59,,0.01,1777923023
All Pools,3QF - D - WETH.e,0.3,False,0.10135,3185.57,,0.0,1777923023
All Pools,Gold - AVAX,0.3,False,0.10079,89.73,,0.1,1777923023
All Pools,Gold - Now,0.3,False,0.10064,906.43,,0.01,1777923023
All Pools,wsOHM - USDC.e,0.3,False,0.10059,42.59,,0.22,1777923023
All Pools,ORNG - JUICE,0.3,False,0.10003,2.795,,3.27,1777923023
All Pools,MAJIN - REDWOLF,0.3,False,0.0999,7.1,,1.28,1777923023
All Pools,JPYC - USDC.e,0.3,False,0.09987,4.808,,1.9,1777923023
All Pools,Hydrogen - AVAX,0.3,False,0.09942,263.66,,0.03,1777923023
All Pools,SLIME - AVAX,0.3,False,0.09841,21874.0,,,1777923023
All Pools,SLIME - USDt,0.3,False,0.09838,7.392,,1.21,1777923023
All Pools,GAS - AVAX,0.3,False,0.09827,232.25,,0.04,1777923023
All Pools,AVAX - Propriety,0.3,False,0.09779,89.37,,0.1,1777923023
All Pools,Now - Propriety,0.3,False,0.09758,904.83,,0.01,1777923023
All Pools,USDC.e - NXUSD,0.3,False,0.09721,1.656,,5.36,1777923023
All Pools,Christmas - Merovingian,0.3,False,0.09712,117.34,,0.08,1777923023
All Pools,Now - Merovingian,0.3,False,0.09665,69.85,,0.13,1777923023
All Pools,Necromancer - AVAX,0.3,False,0.09662,89.49,,0.1,1777923023
All Pools,AVAX - √Root,0.3,False,0.09657,89.4,,0.1,1777923023
All Pools,Now - √Root,0.3,False,0.09645,903.1,,0.01,1777923023
All Pools,Now - Necromancer,0.3,False,0.09644,904.21,,0.01,1777923023
All Pools,AVAX - LuciferMorningstar,0.3,False,0.09639,14.64,,0.6,1777923023
All Pools,MAJIN - MU,0.3,False,0.09607,4.458,,1.97,1777923023
All Pools,AVAX - NEMO,0.3,False,0.09502,7.849,,1.1,1777923023
All Pools,USDt - NEMO,0.3,False,0.09501,96.98,,0.09,1777923023
All Pools,RUGPULL - MUG,0.3,False,0.09406,186.13,,0.05,1777923023
All Pools,MIM - AUSD,0.3,False,0.09353,35.43,,0.24,1777923023
All Pools,WINK - NOCHILL,0.3,False,0.09213,0.84971,,9.89,1777923023
All Pools,AVAX - STRAW,0.3,False,0.09191,15.75,,0.53,1777923023
All Pools,Psychic - Blue,0.3,False,0.09182,82.29,,0.1,1777923023
All Pools,AVAX - Teste,0.3,False,0.09065,88.69,,0.09,1777923023
All Pools,Now - Teste,0.3,False,0.09051,907.42,,0.01,1777923023
All Pools,Slope - AVAX,0.3,False,0.09039,89.68,,0.09,1777923023
All Pools,JOE - ZABU,0.3,False,0.09038,18.61,,0.44,1777923023
All Pools,Slope - Now,0.3,False,0.0902,904.03,,0.01,1777923023
All Pools,NOCHILL - WAIFU,0.3,False,0.08923,149.92,,0.05,1777923023
All Pools,AVAX - Sinterklaas,0.3,False,0.0884,139.56,,0.06,1777923023
All Pools,DAI.e - STRAW,0.3,False,0.08796,34.18,,0.23,1777923023
All Pools,Strength - Sinterklaas,0.3,False,0.0871,1666.99,,0.0,1777923023
All Pools,Gil - AVAX,0.3,False,0.08705,17.11,,0.46,1777923023
All Pools,aAvaLINK - AVAX,0.3,False,0.08596,9.644,,0.81,1777923023
All Pools,Psychic - Hydrogen,0.3,False,0.08576,82.63,,0.09,1777923023
All Pools,LINK.e - MU,0.3,False,0.08572,7.567,,1.03,1777923023
All Pools,BUSD - USDC,0.3,False,0.08533,7.778,,1.0,1777923023
All Pools,Void - AVAX,0.3,False,0.08497,87.83,,0.09,1777923023
All Pools,Void - Now,0.3,False,0.0848,907.24,,0.01,1777923023
All Pools,UST - UST,0.3,False,0.08476,1.987,,3.89,1777923023
All Pools,BANKSY - USDC.e,0.3,False,0.08457,31.3,,0.25,1777923023
All Pools,BANKSY - AVAX,0.3,False,0.08454,23.37,,0.33,1777923023
All Pools,Gil - DAI.e,0.3,False,0.08329,28.42,,0.27,1777923023
All Pools,AVAX - Nala,0.3,False,0.08269,25.84,,0.29,1777923023
All Pools,PTOP1300 - TOPIA,0.3,False,0.08188,97.91,,0.08,1777923023
All Pools,H2O - AVAX,0.3,False,0.0808,22.63,,0.33,1777923023
All Pools,HEFE - AMI,0.3,False,0.0803,1.912,,3.83,1777923023
All Pools,ZUM - NOCHILL,0.3,False,0.07681,1.176,,5.96,1777923023
All Pools,Psychic - Stolen,0.3,False,0.07658,85.74,,0.08,1777923023
All Pools,LUNA - USDC,0.3,False,0.07494,1.519,,4.5,1777923023
All Pools,BTC.b - MU,0.3,False,0.07421,11.47,,0.59,1777923023
All Pools,WDAO - MIM,0.3,False,0.07373,23.66,,0.28,1777923023
All Pools,WDAO - AVAX,0.3,False,0.07371,19.84,,0.34,1777923023
All Pools,Psychic - Yellow,0.3,False,0.07345,82.88,,0.08,1777923023
All Pools,Miller - AVAX,0.3,False,0.07343,91.14,,0.07,1777923023
All Pools,METAG - USDT.e,0.3,False,0.07317,49.7,,0.13,1777923023
All Pools,RoselineBloodline - AVAX,0.3,False,0.07038,44.46,,0.14,1777923023
All Pools,FollowTheWhiteRabbit - RoselineBloodline,0.3,False,0.07038,41.44,,0.15,1777923023
All Pools,Who - AVAX,0.3,False,0.06981,140.17,,0.05,1777923023
All Pools,NotBrideOfChrist - AVAX,0.3,False,0.06965,69.04,,0.09,1777923023
All Pools,AVAX - Blessing,0.3,False,0.06954,80.39,,0.08,1777923023
All Pools,Now - Blessing,0.3,False,0.0694,807.72,,0.01,1777923023
All Pools,Mungo - AVAX,0.3,False,0.06843,41.36,,0.15,1777923023
All Pools,DéjàVu - Mungo,0.3,False,0.06835,183.44,,0.03,1777923023
All Pools,MIM - SPELL,0.3,False,0.06779,7.659,,0.81,1777923023
All Pools,CNR - USDt,0.3,False,0.06754,4.883,,1.26,1777923023
All Pools,bECH - AVAX,0.3,False,0.06724,21.61,,0.28,1777923023
All Pools,LoveYou - AVAX,0.3,False,0.06682,61.72,,0.1,1777923023
All Pools,LoveYou - Gravity,0.3,False,0.06675,56.78,,0.11,1777923023
All Pools,COQ - AMI,0.3,False,0.06634,14.25,,0.42,1777923023
All Pools,MIM - GG,0.3,False,0.06542,294.98,,0.02,1777923023
All Pools,AVAX - GG,0.3,False,0.06541,9.542,,0.63,1777923023
All Pools,UNIQOC - AVAX,0.3,False,0.06448,1142.75,,0.01,1777923023
All Pools,UNIQOC - COQ,0.3,False,0.0641,54.83,,0.11,1777923023
All Pools,CHAMP - AMI,0.3,False,0.06366,38.52,,0.15,1777923023
All Pools,LUNA - USDt,0.3,False,0.06354,1.438,,4.03,1777923023
All Pools,ElvisJackpot - BLACK,0.3,False,0.06289,17.72,,0.32,1777923023
All Pools,NotBrideOfChrist - Miller,0.3,False,0.06268,21877.0,,,1777923023
All Pools,MIM - GG,0.3,False,0.06169,23.61,,0.24,1777923023
All Pools,GG - AVAX,0.3,False,0.06169,12.47,,0.45,1777923023
All Pools,wMEMO - AVAX,0.3,False,0.06121,13.87,,0.4,1777923023
All Pools,AVAX - SantaGospel,0.3,False,0.06054,134.32,,0.04,1777923023
All Pools,BrideOfChrist - BLACK,0.3,False,0.06046,33.1,,0.17,1777923023
All Pools,Vaccine - AVAX,0.3,False,0.06022,88.1,,0.06,1777923023
All Pools,Vaccine - Now,0.3,False,0.06018,896.94,,0.01,1777923023
All Pools,FINANCE - NOCHILL,0.3,False,0.05996,445.76,,0.01,1777923023
All Pools,USDR - USDC,0.3,False,0.059,41.05,,0.13,1777923023
All Pools,Go - Sinterklaas,0.3,False,0.05835,1660.08,,0.0,1777923023
All Pools,meGNX - AVAX,0.3,False,0.05776,17.71,,0.3,1777923023
All Pools,Stolen - AVAX,0.3,False,0.05757,17.72,,0.3,1777923023
All Pools,wMEMO - MIM,0.3,False,0.05757,20.78,,0.25,1777923023
All Pools,Psychic - Who,0.3,False,0.05636,74.47,,0.07,1777923023
All Pools,MELT - USDC.e,0.3,False,0.05469,31.35,,0.16,1777923023
All Pools,USDC - USDT.e,0.3,False,0.05448,154.57,,0.03,1777923023
All Pools,MPL - USDt,0.3,False,0.05372,30.77,,0.16,1777923023
All Pools,MPL - AVAX,0.3,False,0.0537,6.207,,0.79,1777923023
All Pools,FITFI - USDC,0.3,False,0.0532,0.45139,,10.75,1777923023
All Pools,Apollyon - AVAX,0.3,False,0.05313,36.68,,0.13,1777923023
All Pools,Apollyon - LuciferMorningstar,0.3,False,0.05307,235003480.0,,,1777923023
All Pools,MaryMagdalene - Gravity,0.3,False,0.05279,131.48,,0.04,1777923023
All Pools,SOB - AVAX,0.3,False,0.05099,554.93,,0.01,1777923023
All Pools,FollowTheWhiteRabbit - StatueOfLiberty,0.3,False,0.05092,510.93,,0.01,1777923023
All Pools,StatueOfLiberty - AVAX,0.3,False,0.05089,14.84,,0.31,1777923023
All Pools,DUO - USDT.e,0.3,False,0.0507,7.272,,0.64,1777923023
All Pools,GOLD - AVAX,0.3,False,0.04973,0.00689,,658.54,1777923023
All Pools,Psychic - NineHundred,0.3,False,0.04951,73.64,,0.06,1777923023
All Pools,JOE - ZUBAX,0.3,False,0.04876,9.165,,0.49,1777923023
All Pools,MaryMagdalene - BrideOfChrist,0.3,False,0.04866,119.35,,0.04,1777923023
All Pools,TruthClosure - BLACK,0.3,False,0.0479,25.83,,0.17,1777923023
All Pools,USDT.e - XAVA,0.3,False,0.04783,11.33,,0.39,1777923023
All Pools,DéjàVu - AVAX,0.3,False,0.0476,44.63,,0.1,1777923023
All Pools,MIM - SBR,0.3,False,0.04757,40.09,,0.11,1777923023
All Pools,SBR - AVAX,0.3,False,0.04756,7.389,,0.59,1777923023
All Pools,USDC.e - WOLF,0.3,False,0.04738,8.772,,0.49,1777923023
All Pools,AVAX - WOLF,0.3,False,0.04737,74.14,,0.06,1777923023
All Pools,TrumpTower - AVAX,0.3,False,0.04615,160.99,,0.03,1777923023
All Pools,TrumpTower - Gravity,0.3,False,0.04612,76.22,,0.06,1777923023
All Pools,MIM - NADO,0.3,False,0.04556,1164.7,,0.0,1777923023
All Pools,AVAX - NADO,0.3,False,0.04555,7.777,,0.53,1777923023
All Pools,REDWOLF - SOL,0.3,False,0.04551,75.42,,0.06,1777923023
All Pools,Chrism - ChristMark,0.3,False,0.04539,179.29,,0.02,1777923023
All Pools,Psychic - SantaGospel,0.3,False,0.04497,73.68,,0.06,1777923023
All Pools,MELT - AVAX,0.3,False,0.04478,1143.03,,0.0,1777923023
All Pools,XAUt0 - ElvisJackpot,0.3,False,0.04393,326.0,,0.01,1777923023
All Pools,Trinity - Nala,0.3,False,0.04388,41.0,,0.1,1777923023
All Pools,MIM - LIFE,0.3,False,0.04345,66.98,,0.06,1777923023
All Pools,LIFE - AVAX,0.3,False,0.04345,7.25,,0.55,1777923023
All Pools,USDT.e - TMT,0.3,False,0.04322,25.99,,0.15,1777923023
All Pools,AVAX - TMT,0.3,False,0.04321,7.109,,0.55,1777923023
All Pools,USDC - WSPP,0.3,False,0.04317,44.04,,0.09,1777923023
All Pools,AVAX - WSPP,0.3,False,0.04317,2.998,,1.31,1777923023
All Pools,AVAX - LYLY,0.3,False,0.04317,72.78,,0.05,1777923023
All Pools,WORM - AVAX,0.3,False,0.04314,394.6,,0.01,1777923023
All Pools,MELT - USDC.e,0.3,False,0.04269,7.065,,0.55,1777923023
All Pools,NineHundred - Sinterklaas,0.3,False,0.04268,1659.54,,0.0,1777923023
All Pools,KrisKringle - AVAX,0.3,False,0.04254,26.21,,0.15,1777923023
All Pools,KrisKringle - Gravity,0.3,False,0.04252,77.71,,0.05,1777923023
All Pools,SURE - AVAX,0.3,False,0.04214,7.215,,0.53,1777923023
All Pools,REDWOLF - SHRAP,0.3,False,0.04172,1.143,,3.33,1777923023
All Pools,BENSI - AMI,0.3,False,0.04163,3.357,,1.13,1777923023
All Pools,USDT.e - BOREA,0.3,False,0.04145,26.71,,0.14,1777923023
All Pools,AVAX - BOREA,0.3,False,0.04144,6.747,,0.56,1777923023
All Pools,HIGHER - AVAX,0.3,False,0.04124,1.873,,2.01,1777923023
All Pools,Trinity - Stolen,0.3,False,0.04098,29.77,,0.13,1777923023
All Pools,ICUBE - USDT.e,0.3,False,0.04063,107.91,,0.03,1777923023
All Pools,ICUBE - AVAX,0.3,False,0.04061,6.369,,0.58,1777923023
All Pools,BNB - AVAX,0.3,False,0.04007,4106.54,,,1777923023
All Pools,aAvaLINK - meGNX,0.3,False,0.03978,10.66,,0.34,1777923023
All Pools,TEDDY - AVAX,0.3,False,0.03907,16.87,,0.21,1777923023
All Pools,Psychic - Nala,0.3,False,0.03884,269.8,,0.01,1777923023
All Pools,HOWDY - NOCHILL,0.3,False,0.03829,1.08,,3.24,1777923023
All Pools,Psychic - Christmas,0.3,False,0.03786,43.97,,0.08,1777923023
All Pools,USDC - MXNB,0.3,False,0.03766,27.43,,0.13,1777923023
All Pools,MIM - DAI.e,0.3,False,0.03737,52.47,,0.06,1777923023
All Pools,HEFE - HIGHER,0.3,False,0.0371,0.96259,,3.52,1777923023
All Pools,RACEX - MUG,0.3,False,0.03645,179.2,,0.02,1777923023
All Pools,Psychic - Go,0.3,False,0.03616,73.92,,0.04,1777923023
All Pools,BTC.b - yyAVAX,0.3,False,0.03597,5.599,,0.59,1777923023
All Pools,Four - AVAX,0.3,False,0.03542,74.7,,0.04,1777923023
All Pools,wALGO - AVAX,0.3,False,0.03482,163.62,,0.02,1777923023
All Pools,wALGO - USDC,0.3,False,0.03481,2.838,,1.12,1777923023
All Pools,WLRS - USDC.e,0.3,False,0.03471,4527.68,,,1777923023
All Pools,gOHM - JOE,0.3,False,0.03465,3.899,,0.81,1777923023
All Pools,DrainTheSwamp - AVAX,0.3,False,0.03457,37.67,,0.08,1777923023
All Pools,LOST - AVAX,0.3,False,0.03381,1662.68,,0.0,1777923023
All Pools,ELE - AVAX,0.3,False,0.03357,124.07,,0.02,1777923023
All Pools,OH - AVAX,0.3,False,0.03315,93.93,,0.03,1777923023
All Pools,AMI - JUICY,0.3,False,0.03261,0.93243,,3.19,1777923023
All Pools,Satoshi - AVAX,0.3,False,0.03258,19.2,,0.15,1777923023
All Pools,Satoshi - Gravity,0.3,False,0.03255,54.97,,0.05,1777923023
All Pools,3ULL - AVAX,0.3,False,0.03253,47.84,,0.06,1777923023
All Pools,AVAX - HustleTappers,0.3,False,0.03198,55.73,,0.05,1777923023
All Pools,Gravity - HustleTappers,0.3,False,0.03197,24.02,,0.12,1777923023
All Pools,ChristMark - ChristIAmYou,0.3,False,0.03168,26.11,,0.11,1777923023
All Pools,SHERPA - AVAX,0.3,False,0.03168,130.86,,0.02,1777923023
All Pools,WETH.e - USDR,0.3,False,0.03153,2.816,,1.02,1777923023
All Pools,MerryXmas - ChristMark,0.3,False,0.03151,80.08,,0.04,1777923023
All Pools,Christmas - Xmas,0.3,False,0.03149,74.28,,0.04,1777923023
All Pools,RUG - USDT.e,0.3,False,0.03129,14.73,,0.19,1777923023
All Pools,FatherChristmas - AVAX,0.3,False,0.03088,53.52,,0.05,1777923023
All Pools,FatherChristmas - Gravity,0.3,False,0.03082,21.71,,0.13,1777923023
All Pools,PNG - REDWOLF,0.3,False,0.0306,4.297,,0.65,1777923023
All Pools,LoveIsTheKey - AVAX,0.3,False,0.02975,15.01,,0.18,1777923023
All Pools,Milk - USDT.e,0.3,False,0.02966,14.42,,0.19,1777923023
All Pools,Milk - AVAX,0.3,False,0.02964,6.649,,0.41,1777923023
All Pools,WhollySphere - AVAX,0.3,False,0.02957,50.93,,0.05,1777923023
All Pools,WhollySphere - Gravity,0.3,False,0.02957,22.91,,0.12,1777923023
All Pools,COQ - JUICY,0.3,False,0.02925,0.71697,,3.72,1777923023
All Pools,GMX - USDC,0.3,False,0.02887,0.91722,,2.87,1777923023
All Pools,AVAX - Vaccinations,0.3,False,0.02865,18.44,,0.14,1777923023
All Pools,Gravity - Vaccinations,0.3,False,0.02863,61.67,,0.04,1777923023
All Pools,FITFI - USDC.e,0.3,False,0.02855,0.24345,,10.7,1777923023
All Pools,BTC.b - GMX,0.3,False,0.02849,1.583,,1.64,1777923023
All Pools,USDC.e - UST,0.3,False,0.02823,1.768,,1.46,1777923023
All Pools,USDT.e - GOT,0.3,False,0.02805,12.82,,0.2,1777923023
All Pools,AVAX - GOT,0.3,False,0.02804,5.262,,0.49,1777923023
All Pools,Nakamoto - AVAX,0.3,False,0.02779,18.45,,0.14,1777923023
All Pools,Gravity - Nakamoto,0.3,False,0.02778,61.84,,0.04,1777923023
All Pools,MerryChristmas - AVAX,0.3,False,0.02774,18.48,,0.14,1777923023
All Pools,MerryChristmas - Gravity,0.3,False,0.02772,61.89,,0.04,1777923023
All Pools,AVAX - IMPACT,0.3,False,0.02771,6.3,,0.4,1777923023
All Pools,USDt - IMPACT,0.3,False,0.0277,3.357,,0.75,1777923023
All Pools,XIO - AVAX,0.3,False,0.02739,2.826,,0.88,1777923023
All Pools,XIO - USDC,0.3,False,0.02739,24.52,,0.1,1777923023
All Pools,WETH.e - yyAVAX,0.3,False,0.02716,19.55,,0.13,1777923023
All Pools,WOLF - USDT.e,0.3,False,0.02658,4.101,,0.59,1777923023
All Pools,WOLF - AVAX,0.3,False,0.02657,71.41,,0.03,1777923023
All Pools,USDC.e - SPADE,0.3,False,0.02656,16.16,,0.15,1777923023
All Pools,AVAX - SPADE,0.3,False,0.02655,6.067,,0.4,1777923023
All Pools,3ULL - USDt,0.3,False,0.02632,2.537,,0.95,1777923023
All Pools,HEFE - Always,0.3,False,0.02619,0.95782,,2.5,1777923023
All Pools,Trinity - Sinterklaas,0.3,False,0.02607,26.05,,0.09,1777923023
All Pools,CodexKennyMin - AVAX,0.3,False,0.02584,25.05,,0.09,1777923023
All Pools,AVAX - USDR,0.3,False,0.02575,2.992,,0.79,1777923023
All Pools,BSGG - AVAX,0.3,False,0.02566,3.872,,0.6,1777923023
All Pools,USDT.e - AVVO,0.3,False,0.02518,4.063,,0.57,1777923023
All Pools,QI - LYLY,0.3,False,0.02514,2.714,,0.85,1777923023
All Pools,NOCHILL - ARENA,0.3,False,0.02512,0.41521,,5.52,1777923023
All Pools,TruthClosure - AVAX,0.3,False,0.02478,11.61,,0.19,1777923023
All Pools,Psychic - Strength,0.3,False,0.02436,74.63,,0.03,1777923023
All Pools,WalkTheWalkNowJesus - AVAX,0.3,False,0.02426,24.93,,0.09,1777923023
All Pools,WalkTheWalkNowJesus - Gravity,0.3,False,0.02425,25.38,,0.09,1777923023
All Pools,AAVE.e - USDT.e,0.3,False,0.02414,2.59,,0.85,1777923023
All Pools,AVAX - Ouroboros,0.3,False,0.02387,21.75,,0.1,1777923023
All Pools,ARENA - MU,0.3,False,0.02386,3.347,,0.65,1777923023
All Pools,AVAX - LookingGlass,0.3,False,0.02345,16.18,,0.13,1777923023
All Pools,Gravity - McdonaldTrouped,0.3,False,0.02344,22.85,,0.09,1777923023
All Pools,McdonaldTrouped - AVAX,0.3,False,0.02343,50.77,,0.04,1777923023
All Pools,Gravity - LookingGlass,0.3,False,0.02339,182.57,,0.01,1777923023
All Pools,Wingdings - Gravity,0.3,False,0.02318,21.84,,0.1,1777923023
All Pools,Wingdings - AVAX,0.3,False,0.02318,50.91,,0.04,1777923023
All Pools,FollowTheWhiteRabbit - TruthClosure,0.3,False,0.02314,45.61,,0.05,1777923023
All Pools,DrainTheSwamp - Gravity,0.3,False,0.02254,22.52,,0.09,1777923023
All Pools,WINK - MU,0.3,False,0.02237,0.47348,,4.31,1777923023
All Pools,USDC.e - RUG,0.3,False,0.02228,24.87,,0.08,1777923023
All Pools,SMRT - XAVA,0.3,False,0.02228,2.903,,0.7,1777923023
All Pools,YAK - JOE,0.3,False,0.02227,1.23,,1.65,1777923023
All Pools,MU - WAIFU,0.3,False,0.02155,100.1,,0.02,1777923023
All Pools,KOKSAL - AVAX,0.3,False,0.02125,3.553,,0.55,1777923023
All Pools,KOKSAL - USDC,0.3,False,0.02124,4.784,,0.41,1777923023
All Pools,Gravity - ChristMark,0.3,False,0.02123,15.42,,0.13,1777923023
All Pools,AVAX - EROL,0.0,False,0.02116,75.32,0.0,0.0,1777923023
All Pools,$AVA - AVAX,0.3,False,0.02112,538.12,,0.0,1777923023
All Pools,BNZ - WINK,0.3,False,0.02108,0.43328,,4.44,1777923023
All Pools,bCASH - LINK.e,0.3,False,0.0209,382.11,,0.0,1777923023
All Pools,HIGHER - NOCHILL,0.3,False,0.02039,0.32648,,5.7,1777923023
All Pools,XOMB - USDT.e,0.3,False,0.02023,2.412,,0.77,1777923023
All Pools,CodexKennyMin - FollowTheWhiteRabbit,0.3,False,0.02023,21.86,,0.08,1777923023
All Pools,XOMB - AVAX,0.3,False,0.02022,21.51,,0.09,1777923023
All Pools,ARA - AVAX,0.3,False,0.02021,2.848,,0.65,1777923023
All Pools,BGLD - USDT.e,0.3,False,0.02019,16.92,,0.11,1777923023
All Pools,BGLD - AVAX,0.3,False,0.02019,4.381,,0.42,1777923023
All Pools,WOLF - MU,0.3,False,0.02016,5.191,,0.35,1777923023
All Pools,QI - REDWOLF,0.3,False,0.0201,1.575,,1.16,1777923023
All Pools,AVAX - SwiftTaylor,0.3,False,0.01992,14.71,,0.12,1777923023
All Pools,CNR - AVAX,0.3,False,0.01989,62.25,,0.03,1777923023
All Pools,TRYB - USDC.e,0.3,False,0.01972,31.48,,0.06,1777923023
All Pools,MUMO - USDC,0.3,False,0.01967,8.281,,0.22,1777923023
All Pools,COQ - REDWOLF,0.3,False,0.01948,12.46,,0.14,1777923023
All Pools,COQ - KOVIN,0.3,False,0.01937,13.07,,0.14,1777923023
All Pools,KOVIN - AVAX,0.3,False,0.01932,3205.0,,,1777923023
All Pools,AVAX - TT,0.3,False,0.01921,1.934,,0.91,1777923023
All Pools,ACS - USDt,0.3,False,0.0191,0.99574,,1.75,1777923023
All Pools,BTC.b - MUMO,0.3,False,0.0191,4.854,,0.36,1777923023
All Pools,Christmas - Yellow,0.3,False,0.01863,965.09,,0.0,1777923023
All Pools,KIWI - USDt,0.3,False,0.01819,20.53,,0.08,1777923023
All Pools,COQ - LYLY,0.3,False,0.01807,15.41,,0.11,1777923023
All Pools,Four - Found,0.3,False,0.01773,1847.7,,,1777923023
All Pools,AVAX - DUA,0.3,False,0.01747,2.085,,0.76,1777923023
All Pools,DUA - USDC,0.3,False,0.01746,11.62,,0.14,1777923023
All Pools,USDT.e - iBONE,0.3,False,0.01746,4.81,,0.33,1777923023
All Pools,AVAX - iBONE,0.3,False,0.01746,5.437,,0.29,1777923023
All Pools,ILoveYouWordSpell - AVAX,0.3,False,0.01745,18.28,,0.09,1777923023
All Pools,ILoveYouWordSpell - Gravity,0.3,False,0.01744,101.84,,0.02,1777923023
All Pools,JOE - CRA,0.3,False,0.01742,11.06,,0.14,1777923023
All Pools,SodomAndGomorrah - AVAX,0.3,False,0.01741,19.29,,0.08,1777923023
All Pools,Trinity - SodomAndGomorrah,0.3,False,0.0174,22.66,,0.07,1777923023
All Pools,COQ - MU,0.3,False,0.01711,4.604,,0.34,1777923023
All Pools,GRELF[ava] - AVAX,0.3,False,0.01701,1158.24,,0.0,1777923023
All Pools,AVAX - LAST,0.3,False,0.017,1049.44,,0.0,1777923023
All Pools,aDXN - aXEN,0.3,False,0.01677,0.63967,,2.39,1777923023
All Pools,MU - COQAI,0.3,False,0.01654,6.557,,0.23,1777923023
All Pools,HCT - AVAX,0.3,False,0.01636,3.383,,0.44,1777923023
All Pools,ZH - JOE,0.3,False,0.01619,2.83,,0.52,1777923023
All Pools,ZH - USDC.e,0.3,False,0.01619,22.97,,0.06,1777923023
All Pools,LoveIsTheKey - BLACK,0.3,False,0.01585,7.908,,0.18,1777923023
All Pools,Trinity - Yeshua,0.3,False,0.01563,34.56,,0.04,1777923023
All Pools,AVAX - Yeshua,0.3,False,0.01562,29.44,,0.05,1777923023
All Pools,BLACK - SantaGospel,0.3,False,0.01547,4.779,,0.3,1777923023
All Pools,FTOMB - AVAX,0.3,False,0.01534,10253.0,,,1777923023
All Pools,ValentinMidwifes - Gravity,0.3,False,0.01531,38.62,,0.04,1777923023
All Pools,WETH.e - MU,0.3,False,0.01524,2.08,,0.67,1777923023
All Pools,AVAX - GematrixDotOrg,0.3,False,0.01479,16.66,,0.08,1777923023
All Pools,Gravity - GematrixDotOrg,0.3,False,0.01476,12.91,,0.1,1777923023
All Pools,TokenZ - USDC,0.3,False,0.01466,3.799,,0.35,1777923023
All Pools,TokenZ - AVAX,0.3,False,0.01465,2.419,,0.55,1777923023
All Pools,QI - USDC.e,0.3,False,0.01459,0.80694,,1.65,1777923023
All Pools,RUGG - AVAX,0.3,False,0.01454,351.33,,0.0,1777923023
All Pools,ARENA - AMI,0.3,False,0.01432,1.403,,0.93,1777923023
All Pools,GOOD - GAINS,0.3,False,0.01432,3.784,,0.35,1777923023
All Pools,BTC.b - SOB,0.3,False,0.01431,1.133,,1.15,1777923023
All Pools,GOOD - AVAX,0.3,False,0.01427,152.6,,0.01,1777923023
All Pools,SUB - AVAX,0.3,False,0.01422,21.03,,0.06,1777923023
All Pools,AUSD - HUSKY,0.3,False,0.01412,0.74731,,1.72,1777923023
All Pools,USDC - COSMIC,0.3,False,0.01409,54.57,,0.02,1777923023
All Pools,AVAX - COSMIC,0.3,False,0.01408,1.259,,1.02,1777923023
All Pools,USDC - AMI,0.3,False,0.01401,0.67079,,1.91,1777923023
All Pools,LoveIsTheKey - FollowTheWhiteRabbit,0.3,False,0.01391,64.38,,0.02,1777923023
All Pools,Strength - BLACK,0.3,False,0.01388,4.812,,0.26,1777923023
All Pools,Go - BLACK,0.3,False,0.01385,4.808,,0.26,1777923023
All Pools,AVAX - Wormwood,0.3,False,0.0138,17.12,,0.07,1777923023
All Pools,Gravity - Wormwood,0.3,False,0.0138,15.34,,0.08,1777923023
All Pools,AVAX - WOHM,0.3,False,0.01376,3.384,,0.37,1777923023
All Pools,MIM - WOHM,0.3,False,0.01375,86.08,,0.01,1777923023
All Pools,AVAX - SantaClaus,0.3,False,0.01372,24.78,,0.05,1777923023
All Pools,Gravity - SantaClaus,0.3,False,0.01371,11.85,,0.11,1777923023
All Pools,USDV - REDWOLF,0.3,False,0.01367,18.18,,0.07,1777923023
All Pools,Yellow - BLACK,0.3,False,0.01364,4.842,,0.26,1777923023
All Pools,AVAX - LoveWins,0.3,False,0.01352,7.814,,0.16,1777923023
All Pools,FollowTheWhiteRabbit - LoveWins,0.3,False,0.01352,151.25,,0.01,1777923023
All Pools,AVAX - LODE,0.3,False,0.01352,1.033,,1.19,1777923023
All Pools,Hydrogen - BLACK,0.3,False,0.01349,4.857,,0.25,1777923023
All Pools,Blue - BLACK,0.3,False,0.01342,4.86,,0.25,1777923023
All Pools,XAVA - HON,0.3,False,0.01336,1.882,,0.65,1777923023
All Pools,Who - BLACK,0.3,False,0.01335,4.806,,0.25,1777923023
All Pools,MIM - RUG,0.3,False,0.01335,22.9,,0.05,1777923023
All Pools,3AC - NOCHILL,0.3,False,0.01329,0.17364,,6.99,1777923023
All Pools,Gravity - Ouroboros,0.3,False,0.01324,30.34,,0.04,1777923023
All Pools,Stolen - BLACK,0.3,False,0.01323,5.399,,0.22,1777923023
All Pools,AVAX - ETH,0.3,False,0.01321,16.74,,0.07,1777923023
All Pools,AVAX - Always,0.3,False,0.01314,0.60938,,1.97,1777923023
All Pools,aAvaLINK - LINK.e,0.3,False,0.01313,1.882,,0.64,1777923023
All Pools,aDXN - AVAX,0.3,False,0.0131,3.667,,0.33,1777923023
All Pools,AAVE.e - meGNX,0.3,False,0.0131,4.064,,0.29,1777923023
All Pools,Trinity - SwiftTaylor,0.3,False,0.01292,17.7,,0.07,1777923023
All Pools,CAI - AMI,0.3,False,0.01268,0.5176,,2.24,1777923023
All Pools,AVAX - GrinchKidAfflict,0.3,False,0.01267,43.45,,0.03,1777923023
All Pools,Gravity - GrinchKidAfflict,0.3,False,0.01266,9.099,,0.13,1777923023
All Pools,NineHundred - BLACK,0.3,False,0.01246,4.82,,0.24,1777923023
All Pools,AVAX - MUG,0.3,False,0.01231,1.214,,0.93,1777923023
All Pools,DrainTheSwamp - FollowTheWhiteRabbit,0.3,False,0.01203,10.98,,0.1,1777923023
All Pools,AVAX - BAVA,0.3,False,0.01171,11.41,,0.09,1777923023
All Pools,WETH.e - STATIK,0.3,False,0.0115,1.374,,0.76,1777923023
All Pools,Anon - USDC,0.3,False,0.01142,1.04,,1.0,1777923023
All Pools,Orange - BLACK,0.3,False,0.01116,4.093,,0.25,1777923023
All Pools,Wormhole - AVAX,0.3,False,0.01116,104.16,,0.01,1777923023
All Pools,Trinity - Wormhole,0.3,False,0.01115,6.182,,0.16,1777923023
All Pools,AVAX - EROL,0.3,False,0.01112,39.77,,0.03,1777923023
All Pools,Orem - AVAX,0.3,False,0.01095,104.26,,0.01,1777923023
All Pools,Trinity - Orem,0.3,False,0.01094,6.187,,0.16,1777923023
All Pools,COQ - MCV,0.3,False,0.01085,9.815,,0.1,1777923023
All Pools,MCV - AVAX,0.3,False,0.01082,401.59,,0.0,1777923023
All Pools,JOE - USDt,0.3,False,0.01076,0.84168,,1.17,1777923023
All Pools,HIGHER - HOWDY,0.3,False,0.01071,1.532,,0.64,1777923023
All Pools,LUNA - USDC,0.3,False,0.01069,0.13644,,7.15,1777923023
All Pools,BNZ - AVAX,0.3,False,0.01045,62.32,,0.02,1777923023
All Pools,Psychic - Turtle,0.3,False,0.01041,61.39,,0.02,1777923023
All Pools,AVAX - EDG,0.3,False,0.0104,3.138,,0.3,1777923023
All Pools,MIM - EDG,0.3,False,0.01039,7.859,,0.12,1777923023
All Pools,Chrism - BLACK,0.3,False,0.01038,2.381,,0.4,1777923023
All Pools,JOE - aXEN,0.3,False,0.01016,0.24849,,3.73,1777923023
All Pools,AVAX - OK,0.3,False,0.01014,1.959,,0.47,1777923023
All Pools,AVAX - NORTH,0.3,False,0.01013,2.119,,0.44,1777923023
All Pools,USDT.e - NORTH,0.3,False,0.01011,26.67,,0.03,1777923023
All Pools,GAINS - BOBS,0.3,False,0.01006,2.273,,0.4,1777923023
All Pools,AVAX - BOBS,0.3,False,0.01004,5520.1,,,1777923023
All Pools,DivineFeminine - ValentinMidwifes,0.3,False,0.00987,40.75,,0.02,1777923023
All Pools,CATWIF - MAJIN,0.3,False,0.00979,0.85655,,1.04,1777923023
All Pools,XETA - AVAX,0.3,False,0.0096,0.24656,,3.55,1777923023
All Pools,TRACTOR - USDT.e,0.3,False,0.00958,1.979,,0.44,1777923023
All Pools,Psychic - Mirror,0.3,False,0.00949,61.36,,0.01,1777923023
All Pools,JOE - QI,0.3,False,0.00948,0.93921,,0.92,1777923023
All Pools,APOW - MU,0.3,False,0.00934,3.534,,0.24,1777923023
All Pools,wsOHM - OTWO,0.3,False,0.00919,3.65,,0.23,1777923023
All Pools,gOHM - OTWO,0.3,False,0.0091,88789.0,,,1777923023
All Pools,Evergreen - AVAX,0.3,False,0.00905,25.34,,0.03,1777923023
All Pools,AVAX - VYBE,0.3,False,0.00904,3.277,,0.25,1777923023
All Pools,MIM - VYBE,0.3,False,0.00903,3.734,,0.22,1777923023
All Pools,Evergreen - Gravity,0.3,False,0.00902,4.741,,0.17,1777923023
All Pools,YAK - SPORE,0.3,False,0.00891,6.259,,0.13,1777923023
All Pools,MU - SOL,0.3,False,0.0089,1.332,,0.61,1777923023
All Pools,HIGHER - AMI,0.3,False,0.00889,3.319,,0.24,1777923023
All Pools,AVAX - TUSK,0.3,False,0.0088,2.495,,0.32,1777923023
All Pools,USDC.e - TUSK,0.3,False,0.00879,9.723,,0.08,1777923023
All Pools,USDC.e - BAVA,0.3,False,0.00858,2.945,,0.27,1777923023
All Pools,GAINS - Degen,0.3,False,0.00856,2.057,,0.38,1777923023
All Pools,COQ - SNP,0.3,False,0.00855,26.72,,0.03,1777923023
All Pools,SYN - USDC.e,0.3,False,0.00854,1.22,,0.64,1777923023
All Pools,SNP - AVAX,0.3,False,0.00853,11.61,,0.07,1777923023
All Pools,Degen - AVAX,0.3,False,0.00853,2019.61,,,1777923023
All Pools,AVAX - HOST,0.3,False,0.00845,1.948,,0.4,1777923023
All Pools,VSO - AVAX,0.3,False,0.00834,97.69,,0.01,1777923023
All Pools,KOVIN - MU,0.3,False,0.00822,3.077,,0.24,1777923023
All Pools,XPOW - AVAX,0.3,False,0.00818,119.53,,0.01,1777923023
All Pools,XPOW - USDt,0.3,False,0.00817,1.392,,0.54,1777923023
All Pools,BENIS - AVAX,0.3,False,0.00811,15.6,,0.05,1777923023
All Pools,HOST - DAI.e,0.3,False,0.00808,2.999,,0.25,1777923023
All Pools,AVAX - Kryptonite,0.3,False,0.00795,103.93,,0.01,1777923023
All Pools,Trinity - Kryptonite,0.3,False,0.00793,6.194,,0.12,1777923023
All Pools,WBTC.e - USDC,0.3,False,0.00791,0.21048,,3.43,1777923023
All Pools,Psychic - Oracle,0.3,False,0.00791,61.39,,0.01,1777923023
All Pools,AAVE.e - USDC.e,0.3,False,0.00789,1.257,,0.57,1777923023
All Pools,AI9000 - AVAX,0.3,False,0.00782,304.21,,0.0,1777923023
All Pools,Psychic - Penny,0.3,False,0.00771,61.39,,0.01,1777923023
All Pools,AprilFoolsDay - AVAX,0.3,False,0.00768,104.1,,0.01,1777923023
All Pools,Trinity - AprilFoolsDay,0.3,False,0.00767,6.208,,0.11,1777923023
All Pools,MU - MUG,0.3,False,0.00765,2432.55,,,1777923023
All Pools,AVAX - AXIAL,0.3,False,0.00764,1038.65,,,1777923023
All Pools,AKA - AVAX,0.3,False,0.00754,2.269,,0.3,1777923023
All Pools,AKA - USDt,0.3,False,0.00754,2.918,,0.24,1777923023
All Pools,COQ - ARENA,0.3,False,0.00736,1.244,,0.54,1777923023
All Pools,WITCH - AVAX,0.3,False,0.00728,2.772,,0.24,1777923023
All Pools,WITCH - USDC,0.3,False,0.00728,1.718,,0.39,1777923023
All Pools,Psychic - daVinci,0.3,False,0.00714,61.39,,0.01,1777923023
All Pools,Psychic - Gematria,0.3,False,0.00713,61.39,,0.01,1777923023
All Pools,Psychic - RefZip,0.3,False,0.00712,61.39,,0.01,1777923023
All Pools,Psychic - Qubit,0.3,False,0.0071,61.35,,0.01,1777923023
All Pools,Psychic - Blessings,0.3,False,0.00708,61.35,,0.01,1777923023
All Pools,Psychic - IAmThatIAm,0.3,False,0.00706,61.39,,0.01,1777923023
All Pools,NotBrideOfChrist - SwiftTaylor,0.3,False,0.00701,51.8,,0.01,1777923023
All Pools,Psychic - TrumpCard,0.3,False,0.00699,61.4,,0.01,1777923023
All Pools,Choice - Psychic,0.3,False,0.00698,61.36,,0.01,1777923023
All Pools,DCAR - AVAX,0.3,False,0.00689,1.098,,0.57,1777923023
All Pools,DCAR - USDC,0.3,False,0.00688,55.81,,0.01,1777923023
All Pools,STOMB - AVAX,0.3,False,0.00683,7942.11,,,1777923023
All Pools,KIMBO - GAINS,0.3,False,0.00683,1.377,,0.45,1777923023
All Pools,Psychic - BiTonic,0.3,False,0.00681,61.4,,0.01,1777923023
All Pools,Psychic - TheArcher,0.3,False,0.00681,61.39,,0.01,1777923023
All Pools,Psychic - Artemis,0.3,False,0.00678,61.34,,0.01,1777923023
All Pools,Trinity - FourFourFour,0.3,False,0.00671,4.958,,0.12,1777923023
All Pools,USDC - MU,0.3,False,0.00665,0.34388,,1.76,1777923023
All Pools,LYD - REDWOLF,0.3,False,0.00661,4.796,,0.13,1777923023
All Pools,YAK - USDT.e,0.3,False,0.00659,0.55137,,1.09,1777923023
All Pools,Psychic - Six,0.3,False,0.00657,61.39,,0.01,1777923023
All Pools,Psychic - Nine,0.3,False,0.00654,61.37,,0.01,1777923023
All Pools,Psychic - ElmoSunkGematria,0.3,False,0.00652,61.4,,0.01,1777923023
All Pools,Spider - Psychic,0.3,False,0.0065,61.35,,0.01,1777923023
All Pools,Psychic - Zero,0.3,False,0.00648,61.37,,0.01,1777923023
All Pools,NXPC - USDC,0.3,False,0.00643,0.72067,,0.81,1777923023
All Pools,USV - AVAX,0.3,False,0.0064,1.155,,0.51,1777923023
All Pools,gOHM - USDT.e,0.3,False,0.00632,0.60107,,0.96,1777923023
All Pools,Psychic - Lock,0.3,False,0.00631,61.37,,0.01,1777923023
All Pools,MIM - SMRT,0.3,False,0.0063,1.675,,0.34,1777923023
All Pools,SNTA - MIM,0.3,False,0.00622,0.99689,,0.57,1777923023
All Pools,Psychic - KekiusMaximus,0.3,False,0.0062,61.39,,0.01,1777923023
All Pools,GMX - USDt,0.3,False,0.00618,0.37982,,1.49,1777923023
All Pools,Psychic - SevenSevenSeven,0.3,False,0.00617,61.4,,0.01,1777923023
All Pools,Psychic - BirthingCode,0.3,False,0.0061,61.4,,0.01,1777923023
All Pools,Flection - Psychic,0.3,False,0.00607,61.4,,0.01,1777923023
All Pools,Psychic - LordJesusChrist,0.3,False,0.00602,58.81,,0.01,1777923023
All Pools,Psychic - Diamonds,0.3,False,0.006,61.39,,0.01,1777923023
All Pools,HATCHY - AMI,0.3,False,0.00596,4.42,,0.12,1777923023
All Pools,Psychic - Numbers,0.3,False,0.00595,61.39,,0.01,1777923023
All Pools,SYN - REDWOLF,0.3,False,0.00594,2.617,,0.21,1777923023
All Pools,Psychic - Crypt,0.3,False,0.00591,61.34,,0.01,1777923023
All Pools,USDC - OK,0.3,False,0.0059,1.187,,0.45,1777923023
All Pools,Psychic - Luck,0.3,False,0.00589,61.4,,0.01,1777923023
All Pools,GMX - JOE,0.3,False,0.00588,0.42975,,1.25,1777923023
All Pools,Psychic - Thick,0.3,False,0.00587,61.37,,0.01,1777923023
All Pools,Psychic - Bonfire,0.3,False,0.00587,61.39,,0.01,1777923023
All Pools,Psychic - PennyTrinity,0.3,False,0.00585,61.41,,0.01,1777923023
All Pools,AVAX - Gaza,0.3,False,0.0058,3.198,,0.17,1777923023
All Pools,Trinity - Gaza,0.3,False,0.00579,3.767,,0.14,1777923023
All Pools,Psychic - WhoWhoWho,0.3,False,0.00577,61.36,,0.01,1777923023
All Pools,Psychic - Alphabet,0.3,False,0.00568,61.4,,0.01,1777923023
All Pools,SatoshiNakamoto - Psychic,0.3,False,0.00566,61.39,,0.01,1777923023
All Pools,DON - AVAX,0.3,False,0.00565,4917.12,,,1777923023
All Pools,AVAI - USDC.e,0.3,False,0.00561,33.66,,0.02,1777923023
All Pools,MIM - SDOG,0.3,False,0.00561,319.05,,0.0,1777923023
All Pools,AVAX - WINE,0.3,False,0.0056,0.66761,,0.77,1777923023
All Pools,CodexKennyMin - Gravity,0.3,False,0.0056,21.35,,0.02,1777923023
All Pools,WINK - AMI,0.3,False,0.00558,0.1057,,4.82,1777923023
All Pools,AVAX - DWC,0.3,False,0.00555,6051.88,,,1777923023
All Pools,USDC.e - SMRT,0.3,False,0.00554,2.222,,0.23,1777923023
All Pools,DWC - MU,0.3,False,0.00554,3.479,,0.15,1777923023
All Pools,Psychic - Codes,0.3,False,0.00554,61.4,,0.01,1777923023
All Pools,CATWIF - MU,0.3,False,0.00552,3.61,,0.14,1777923023
All Pools,AVAX - QUASI,0.3,False,0.00547,592.86,,,1777923023
All Pools,ValentinMidwifes - AVAX,0.3,False,0.00547,2.371,,0.21,1777923023
All Pools,Psychic - Architect,0.3,False,0.00546,61.39,,0.01,1777923023
All Pools,TEMPO - AVAX,0.3,False,0.00545,1.069,,0.47,1777923023
All Pools,GAINS - QUASI,0.3,False,0.00544,1.423,,0.35,1777923023
All Pools,MIM - TEMPO,0.3,False,0.00544,6.679,,0.07,1777923023
All Pools,AVAX - WISE,0.3,False,0.00544,2.817,,0.18,1777923023
All Pools,Psychic - OneOneOne,0.3,False,0.00543,61.39,,0.01,1777923023
All Pools,USDC.e - WISE,0.3,False,0.00543,7.134,,0.07,1777923023
All Pools,Psychic - Gematria,0.3,False,0.00539,61.39,,0.01,1777923023
All Pools,Psychic - TwinFlames,0.3,False,0.00538,62.09,,0.01,1777923023
All Pools,Psychic - Verse,0.3,False,0.00537,61.36,,0.01,1777923023
All Pools,Psychic - Solved,0.3,False,0.00532,61.39,,0.01,1777923023
All Pools,Eye - Psychic,0.3,False,0.00532,61.39,,0.01,1777923023
All Pools,Hollywood - Ouroboros,0.3,False,0.00531,13.04,,0.04,1777923023
All Pools,3ULL - USDC,0.3,False,0.00529,0.65659,,0.74,1777923023
All Pools,Psychic - Finish,0.3,False,0.00527,61.35,,0.01,1777923023
All Pools,Psychic - Confusion,0.3,False,0.00527,61.39,,0.01,1777923023
All Pools,Psychic - Line,0.3,False,0.00524,62.16,,0.01,1777923023
All Pools,Loyalty - Psychic,0.3,False,0.00524,61.35,,0.01,1777923023
All Pools,MEOW - MU,0.3,False,0.00521,1.589,,0.3,1777923023
All Pools,FiveTwelveThirteen - AVAX,0.3,False,0.00521,5.213,,0.09,1777923023
All Pools,ElkeNevusRome - AVAX,0.3,False,0.00521,13.07,,0.04,1777923023
All Pools,Psychic - YouAndI,0.3,False,0.00521,61.39,,0.01,1777923023
All Pools,COQ - MICRO,0.3,False,0.0052,3.768,,0.13,1777923023
All Pools,ElkeNevusRome - Gravity,0.3,False,0.00519,4.935,,0.1,1777923023
All Pools,FiveTwelveThirteen - Gravity,0.3,False,0.00519,6.852,,0.07,1777923023
All Pools,ETHM - AVAX,0.3,False,0.00518,27.38,,0.02,1777923023
All Pools,AVAX - MICRO,0.3,False,0.00518,23.87,,0.02,1777923023
All Pools,USDC - LODE,0.3,False,0.00513,881.47,,,1777923023
All Pools,GAINS - COQ,0.3,False,0.0051,2.047,,0.23,1777923023
All Pools,WLRS - USDC,0.3,False,0.00501,4.01,,0.11,1777923023
All Pools,GURS - ARENA,0.3,False,0.0049,7.467,,0.06,1777923023
All Pools,TrueLove - AVAX,0.3,False,0.0048,12.93,,0.03,1777923023
All Pools,TrueLove - Gravity,0.3,False,0.00479,4.88,,0.09,1777923023
All Pools,WernherVonBraun - AVAX,0.3,False,0.00474,2.09,,0.21,1777923023
All Pools,Trinity - WernherVonBraun,0.3,False,0.00473,18397.0,,,1777923023
All Pools,BEAM - MU,0.3,False,0.0047,1.079,,0.4,1777923023
All Pools,AI9000 - USDt,0.3,False,0.00469,0.89979,,0.48,1777923023
All Pools,JOE - REDWOLF,0.3,False,0.00467,3.973,,0.11,1777923023
All Pools,RGOGLZ - AVAX,0.3,False,0.00464,4.134,,0.1,1777923023
All Pools,JPYC - AVAX,0.3,False,0.00461,0.27647,,1.52,1777923023
All Pools,AMI - MU,0.3,False,0.00453,1.71,,0.24,1777923023
All Pools,ETHM - DAI.e,0.3,False,0.00447,0.67483,,0.6,1777923023
All Pools,KR - AVAX,0.3,False,0.00442,1.706,,0.24,1777923023
All Pools,AVAX - ChristmasTree,0.3,False,0.00441,6.169,,0.07,1777923023
All Pools,KR - USDC.e,0.3,False,0.0044,11.47,,0.04,1777923023
All Pools,Gravity - ChristmasTree,0.3,False,0.0044,4.651,,0.09,1777923023
All Pools,KIMBO - AMI,0.3,False,0.00436,4.312,,0.09,1777923023
All Pools,COQ - SNOWY,0.3,False,0.00434,2.247,,0.18,1777923023
All Pools,REDWOLF - GEC,0.3,False,0.00431,4.001,,0.1,1777923023
All Pools,TT - DAI.e,0.3,False,0.0043,1.918,,0.2,1777923023
All Pools,MIM - YAK,0.3,False,0.00428,0.42782,,0.91,1777923023
All Pools,HUSKY - SNOWY,0.3,False,0.00427,0.43272,,0.9,1777923023
All Pools,SYN - USDT.e,0.3,False,0.00399,0.65139,,0.56,1777923023
All Pools,Psychic - TrueStory,0.3,False,0.00397,61.4,,0.01,1777923023
All Pools,AVAX - PAR,0.3,False,0.00396,2.399,,0.15,1777923023
All Pools,MIM - PAR,0.3,False,0.00395,1.923,,0.19,1777923023
All Pools,Lightworker - AVAX,0.3,False,0.00395,2.746,,0.13,1777923023
All Pools,GRAPE - AVAX,0.3,False,0.00394,0.88263,,0.41,1777923023
All Pools,Gravity - Lightworker,0.3,False,0.00394,53.16,,0.01,1777923023
All Pools,Psychic - Seminole,0.3,False,0.00389,61.35,,0.01,1777923023
All Pools,YEEHAW - ARENA,0.3,False,0.00389,2.363,,0.15,1777923023
All Pools,Psychic - PoPo,0.3,False,0.00386,61.4,,0.01,1777923023
All Pools,Psychic - James,0.3,False,0.00382,61.41,,0.01,1777923023
All Pools,Psychic - FinityFinity,0.3,False,0.0038,61.41,,0.01,1777923023
All Pools,gOHM - USDC.e,0.3,False,0.00379,0.30642,,1.13,1777923023
All Pools,COQ - ZUM,0.3,False,0.00379,1.124,,0.31,1777923023
All Pools,SaintGermain - BLACK,0.3,False,0.00376,2.491,,0.14,1777923023
All Pools,SYN - WETH.e,0.3,False,0.00373,0.67931,,0.5,1777923023
All Pools,Psychic - QuetzalCoatl,0.3,False,0.00373,61.4,,0.01,1777923023
All Pools,Trinity - IfYouKnowYouKnow,0.3,False,0.00371,5.013,,0.07,1777923023
All Pools,KIMBO - COQ,0.3,False,0.00371,1.703,,0.2,1777923023
All Pools,LUNA - UST,0.3,False,0.0037,0.08644,,3.91,1777923023
All Pools,WETH.e - meGNX,0.3,False,0.00367,6.711,,0.05,1777923023
All Pools,YETI - WINE,0.3,False,0.00362,1.45,,0.23,1777923023
All Pools,YETI - AVAX,0.3,False,0.00361,946.88,,,1777923023
All Pools,SMRTr - USDT.e,0.3,False,0.00358,1.315,,0.25,1777923023
All Pools,Psychic - Checkmate,0.3,False,0.00351,61.54,,0.01,1777923023
All Pools,Psychic - Equal,0.3,False,0.00347,61.4,,0.01,1777923023
All Pools,Psychic - Abracadabra,0.3,False,0.00345,61.37,,0.01,1777923023
All Pools,GAINS - DWC,0.3,False,0.00345,0.98447,,0.32,1777923023
All Pools,WETH.e - HOWDY,0.3,False,0.00344,1.062,,0.3,1777923023
All Pools,MIM - DUNEV3,0.3,False,0.00343,66822.0,,,1777923023
All Pools,Psychic - PlotTwist,0.3,False,0.00341,62.76,,0.0,1777923023
All Pools,Psychic - WhoWho,0.3,False,0.00334,61.39,,0.0,1777923023
All Pools,MIM - ICE,0.3,False,0.0033,0.99975,,0.3,1777923023
All Pools,STG - JOE,0.3,False,0.00326,0.17089,,1.74,1777923023
All Pools,EGG - AVAX,0.3,False,0.00326,1.706,,0.17,1777923023
All Pools,GAINS - BAWLS,0.3,False,0.00325,0.93202,,0.32,1777923023
All Pools,Psychic - KatzJoel,0.3,False,0.00325,61.37,,0.0,1777923023
All Pools,EGG - USDT.e,0.3,False,0.00324,1.987,,0.15,1777923023
All Pools,BAWLS - AVAX,0.3,False,0.00324,16.53,,0.02,1777923023
All Pools,USDt - USDC.e,0.3,False,0.00323,14.21,,0.02,1777923023
All Pools,ELXR - USDC.e,0.3,False,0.00321,1095.8,,,1777923023
All Pools,Psychic - Hexagon,0.3,False,0.00318,61.39,,0.0,1777923023
All Pools,RUGPULL - AVAX,0.3,False,0.00316,2.989,,0.1,1777923023
All Pools,COQWIF - AVAX,0.3,False,0.00313,6505.19,,,1777923023
All Pools,WBTC.e - MU,0.3,False,0.00312,0.72756,,0.39,1777923023
All Pools,AI9000 - MU,0.3,False,0.00312,1.277,,0.22,1777923023
All Pools,Wizard - AVAX,0.3,False,0.00311,4.482,,0.06,1777923023
All Pools,CRAFT - USDC.e,0.3,False,0.00309,0.86784,,0.33,1777923023
All Pools,Wizard - Gravity,0.3,False,0.00309,0.8571,,0.33,1777923023
All Pools,HUSKY - aXEN,0.3,False,0.00302,0.07338,,3.75,1777923023
All Pools,JOE - aDXN,0.3,False,0.00301,0.83363,,0.33,1777923023
All Pools,CATWIF - REDWOLF,0.3,False,0.00299,0.97452,,0.28,1777923023
All Pools,Sovereignty - AVAX,0.3,False,0.00295,4.499,,0.06,1777923023
All Pools,Sovereignty - Gravity,0.3,False,0.00293,0.85954,,0.31,1777923023
All Pools,EagleToken - AVAX,0.3,False,0.00293,2.126,,0.13,1777923023
All Pools,EagleToken - USDC.e,0.3,False,0.00292,2.217,,0.12,1777923023
All Pools,SNO Token - AVAX,0.3,False,0.00291,1.759,,0.15,1777923023
All Pools,AVXT - AVAX,0.3,False,0.00291,52.87,,0.01,1777923023
All Pools,SNO Token - JOE,0.3,False,0.0029,86.59,,0.0,1777923023
All Pools,AVAX - NoThing,0.3,False,0.00289,4.432,,0.06,1777923023
All Pools,GAINS - TECH,0.3,False,0.00288,0.62436,,0.42,1777923023
All Pools,Gravity - NoThing,0.3,False,0.00287,0.84987,,0.31,1777923023
All Pools,USDC - TT,0.3,False,0.00276,2.002,,0.13,1777923023
All Pools,XPOW - USDC,0.3,False,0.00276,0.03727,,6.75,1777923023
All Pools,UST - WINE,0.3,False,0.00274,0.89118,,0.28,1777923023
All Pools,MU - KET,0.3,False,0.00269,1.327,,0.19,1777923023
All Pools,AVAX - SAGE,0.3,False,0.00265,0.89393,,0.27,1777923023
All Pools,LIBRE - AVAX,0.3,False,0.00264,1.854,,0.13,1777923023
All Pools,USDC.e - SAGE,0.3,False,0.00264,2.18,,0.11,1777923023
All Pools,TEDDY - USDC,0.3,False,0.00263,0.42789,,0.56,1777923023
All Pools,PNG - USDT.e,0.3,False,0.00259,0.89169,,0.27,1777923023
All Pools,BLUB - AVAX,0.0,False,0.00257,47.97,0.0,0.0,1777923023
All Pools,HATCHY - WTHT,0.3,False,0.00255,0.52818,,0.44,1777923023
All Pools,WTHT - SNOB,0.3,False,0.00254,1.421,,0.16,1777923023
All Pools,DREGG - USDC.e,0.3,False,0.00253,3.089,,0.07,1777923023
All Pools,AVAX - CAKE,0.3,False,0.00249,0.72373,,0.31,1777923023
All Pools,USDT.e - CAKE,0.3,False,0.00248,48.56,,0.0,1777923023
All Pools,GATOR - AMI,0.3,False,0.00246,4.5,,0.05,1777923023
All Pools,KIMBO - UNIQOC,0.3,False,0.00246,0.73219,,0.31,1777923023
All Pools,JOE - AVE,0.3,False,0.00243,1.799,,0.12,1777923023
All Pools,UNIQOC - MAJIN,0.3,False,0.00243,0.25522,,0.87,1777923023
All Pools,XPOW - USDt,0.3,False,0.00241,0.03355,,6.56,1777923023
All Pools,BTC.b - MUG,0.3,False,0.00241,0.89678,,0.25,1777923023
All Pools,AVAX - LastChristmas,0.3,False,0.00241,1.913,,0.11,1777923023
All Pools,Gravity - LastChristmas,0.3,False,0.0024,10.03,,0.02,1777923023
All Pools,AVAX - WARP,0.3,False,0.0024,1.483,,0.15,1777923023
All Pools,EUROS - AVAX,0.3,False,0.00236,1.194,,0.18,1777923023
All Pools,REDWOLF - ODDZ,0.3,False,0.00235,1.544,,0.14,1777923023
All Pools,GAINS - KONG,0.3,False,0.00233,0.76117,,0.28,1777923023
All Pools,Psychic - Vampire,0.3,False,0.00229,61.4,,0.0,1777923023
All Pools,MAXI - AVAX,0.3,False,0.00227,0.79828,,0.26,1777923023
All Pools,Psychic - Aquarius,0.3,False,0.00226,61.36,,0.0,1777923023
All Pools,LINK.e - MUG,0.3,False,0.00222,0.25117,,0.81,1777923023
All Pools,Psychic - Number,0.3,False,0.00221,61.41,,0.0,1777923023
All Pools,- AMI,0.3,False,0.00219,13.19,,0.02,1777923023
All Pools,COQ - COFI,0.3,False,0.00217,1.864,,0.11,1777923023
All Pools,AVAX - COFI,0.3,False,0.00217,616.52,,,1777923023
All Pools,LUNA - JOE,0.3,False,0.00209,0.04783,,3.98,1777923023
All Pools,sAVAX - USDC,0.3,False,0.00205,0.53523,,0.35,1777923023
All Pools,TT - USDT.e,0.3,False,0.00202,2.0,,0.09,1777923023
All Pools,USDt - TT,0.3,False,0.00201,2.006,,0.09,1777923023
All Pools,USDC.e - CHAM,0.3,False,0.00195,0.83288,,0.21,1777923023
All Pools,aAvaWAVAX - AVAX,0.3,False,0.00194,0.26059,,0.68,1777923023
All Pools,BEE - AVAX,0.3,False,0.00192,0.80871,,0.22,1777923023
All Pools,BEE - USDT.e,0.3,False,0.00192,32.35,,0.01,1777923023
All Pools,Gravity - NaughtiusMaximus,0.3,False,0.0019,5.008,,0.03,1777923023
All Pools,CRAFT - AVAX,0.3,False,0.00189,409.93,,,1777923023
All Pools,TECH - REDWOLF,0.3,False,0.00183,0.86523,,0.19,1777923023
All Pools,ARENA - JUICY,0.3,False,0.00182,0.034,,4.88,1777923023
All Pools,GAINS - MEAT,0.3,False,0.0018,0.99005,,0.17,1777923023
All Pools,GGP - JUICY,0.3,False,0.0018,0.03483,,4.72,1777923023
All Pools,toi - AVAX,0.3,False,0.00178,0.94299,,0.17,1777923023
All Pools,MIM - toi,0.3,False,0.00178,3.443,,0.05,1777923023
All Pools,AVAX - DREX,0.3,False,0.00177,0.60038,,0.27,1777923023
All Pools,MIM - WINE,0.3,False,0.00177,3087.23,,,1777923023
All Pools,MIM - DREX,0.3,False,0.00176,37.61,,0.0,1777923023
All Pools,GG - AVAX,0.3,False,0.00173,0.16493,,0.96,1777923023
All Pools,WETH.e - LINK.e,0.3,False,0.00172,0.15018,,1.05,1777923023
All Pools,GAINS - KOVIN,0.3,False,0.00169,0.6519,,0.24,1777923023
All Pools,MM - USDC.e,0.3,False,0.00168,0.60712,,0.25,1777923023
All Pools,JOE - USDR,0.3,False,0.00167,0.73086,,0.21,1777923023
All Pools,LIFE - AVAX,0.3,False,0.00162,1.346,,0.11,1777923023
All Pools,MIM - LIFE,0.3,False,0.00162,0.94385,,0.16,1777923023
All Pools,DEGEN - AVAX,0.3,False,0.0016,0.00355,,41.12,1777923023
All Pools,AMI - EROL,0.3,False,0.0016,0.68235,,0.21,1777923023
All Pools,AVAX - sSB,0.3,False,0.00156,0.50599,,0.28,1777923023
All Pools,AVAX - MTB,0.3,False,0.00156,0.96339,,0.15,1777923023
All Pools,REDEEMER - AMI,0.3,False,0.00156,0.01454,,9.77,1777923023
All Pools,USDC.e - sSB,0.3,False,0.00155,837.55,,,1777923023
All Pools,MIM - MTB,0.3,False,0.00155,2.216,,0.06,1777923023
All Pools,AVAX - RUG,0.3,False,0.00155,0.533,,0.27,1777923023
All Pools,AVAX - ICE,0.3,False,0.00151,151.43,,,1777923023
All Pools,USDC.e - WARP,0.3,False,0.00149,0.86388,,0.16,1777923023
All Pools,MUMO - AVAX,0.3,False,0.00148,0.18065,,0.75,1777923023
All Pools,UNI.e - AVAX,0.3,False,0.00146,0.03471,,3.84,1777923023
All Pools,DB - AVAX,0.3,False,0.0014,2.215,,0.06,1777923023
All Pools,MIM - DB,0.3,False,0.0014,0.6712,,0.19,1777923023
All Pools,AVAX - PSI,0.3,False,0.00139,190.17,,,1777923023
All Pools,WETH.e - ETHM,0.3,False,0.00138,0.50238,,0.25,1777923023
All Pools,ETHM - USDC.e,0.3,False,0.00138,0.47801,,0.26,1777923023
All Pools,USDt - APOW,0.3,False,0.00137,0.15562,,0.8,1777923023
All Pools,STICK - AMI,0.3,False,0.00136,0.31256,,0.4,1777923023
All Pools,SLUSH - AVAX,0.3,False,0.00134,0.70382,,0.17,1777923023
All Pools,SLUSH - USDT.e,0.3,False,0.00133,1.324,,0.09,1777923023
All Pools,MEAT - MU,0.3,False,0.00131,0.49658,,0.24,1777923023
All Pools,LYD - AVAX,0.3,False,0.00129,0.82255,,0.14,1777923023
All Pools,HUSKY - SMRTr,0.3,False,0.00128,0.06886,,1.69,1777923023
All Pools,KANA - AVAX,0.3,False,0.00127,1139.84,,,1777923023
All Pools,KANA - USDC,0.3,False,0.00127,0.51195,,0.23,1777923023
All Pools,Trinity - IngersollLockwood,0.3,False,0.00127,1.122,,0.1,1777923023
All Pools,ALPHAZERO - USDT.e,0.3,False,0.00127,2.162,,0.05,1777923023
All Pools,MAJIN - AMI,0.3,False,0.00124,0.15554,,0.73,1777923023
All Pools,CRA - USDC.e,0.3,False,0.00123,0.56575,,0.2,1777923023
All Pools,ABOB - AVAX,0.3,False,0.00122,833.03,,,1777923023
All Pools,aAvaWAVAX - meGNX,0.3,False,0.0012,4.059,,0.03,1777923023
All Pools,COQ - HOWDY,0.3,False,0.00119,0.56938,,0.19,1777923023
All Pools,NOCHILL - ABOB,0.3,False,0.00117,0.02156,,4.96,1777923023
All Pools,tst1 - AVAX,0.3,False,0.00117,0.58137,,0.18,1777923023
All Pools,tst1 - USDT.e,0.3,False,0.00117,2.698,,0.04,1777923023
All Pools,weETH - AVAX,0.3,False,0.00117,0.38882,,0.27,1777923023
All Pools,HOOP - ROCO,0.3,False,0.00116,0.14688,,0.72,1777923023
All Pools,SUB - AVAX,0.3,False,0.00113,0.50975,,0.2,1777923023
All Pools,SUB - USDC,0.3,False,0.00113,69.79,,0.0,1777923023
All Pools,Psychic - Self,0.3,False,0.00113,63.41,,0.0,1777923023
All Pools,GRAPE - WINE,0.3,False,0.00111,7.615,,0.01,1777923023
All Pools,POPS - AVAX,0.3,False,0.00111,0.11852,,0.85,1777923023
All Pools,GAINS - MEOW,0.3,False,0.00111,0.21751,,0.46,1777923023
All Pools,AUX - AVAX,0.3,False,0.00109,0.39472,,0.25,1777923023
All Pools,TIME - SPELL,0.3,False,0.00109,0.8386,,0.12,1777923023
All Pools,AUX - USDC,0.3,False,0.00109,688.53,,,1777923023
All Pools,GAINS - Always,0.3,False,0.00108,0.10932,,0.91,1777923023
All Pools,AVAX - SYMBIOT,0.3,False,0.00107,0.32435,,0.3,1777923023
All Pools,NUG - AVAX,0.3,False,0.00105,0.38366,,0.25,1777923023
All Pools,SLOT - AVAX,0.3,False,0.00105,3954.99,,,1777923023
All Pools,NUG - USDC,0.3,False,0.00105,2.375,,0.04,1777923023
All Pools,SLOT - USDC.e,0.3,False,0.00105,0.48467,,0.2,1777923023
All Pools,DAI.e - SYMBIOT,0.3,False,0.00102,1.416,,0.07,1777923023
All Pools,xJOE - AVAX,0.3,False,0.00102,2.801,,0.03,1777923023
All Pools,xJOE - wsOHM,0.3,False,0.00101,0.54609,,0.17,1777923023
All Pools,WET - AVAX,0.3,False,0.001,16.96,,0.01,1777923023
All Pools,WET - USDT.e,0.3,False,,0.44238,,0.21,1777923023
All Pools,PB - AVAX,0.3,False,,0.49165,,0.19,1777923023
All Pools,PB - MIM,0.3,False,,39.85,,0.0,1777923023
All Pools,AVAX - FTEST,0.3,False,,0.40002,,0.23,1777923023
All Pools,USDT.e - FTEST,0.3,False,,1.314,,0.07,1777923023
All Pools,BRO - OSAK,0.3,False,,0.09111,,0.99,1777923023
All Pools,WETH - AVAX,0.3,False,,1.357,,0.07,1777923023
All Pools,SYMBIOT - AVAX,0.3,False,,1.45,,0.06,1777923023
All Pools,AVAX - AKITA,0.3,False,,2529.54,,,1777923023
All Pools,MIM - AKITA,0.3,False,,0.25504,,0.35,1777923023
All Pools,WETH.e - SPELL,0.3,False,,0.29488,,0.29,1777923023
All Pools,SYMBIOT - DAI.e,0.3,False,,0.45924,,0.18,1777923023
All Pools,OH - USDC.e,0.3,False,,0.38845,,0.21,1777923023
All Pools,3ULL - USDT.e,0.3,False,,0.65591,,0.13,1777923023
All Pools,USDT.e - WARP,0.3,False,,0.90328,,0.09,1777923023
All Pools,ROCO - USDT.e,0.3,False,,0.08469,,0.96,1777923023
All Pools,ARABBIT - AVAX,0.3,False,,0.56817,,0.14,1777923023
All Pools,MIM - ARABBIT,0.3,False,,1.296,,0.06,1777923023
All Pools,SolarDAO - AVAX,0.3,False,,0.3997,,0.2,1777923023
All Pools,SolarDAO - USDT.e,0.3,False,,2.069,,0.04,1777923023
All Pools,USDC - DAI.e,0.3,False,,2.02,,0.04,1777923023
All Pools,LAMA - JUICY,0.3,False,,0.01599,,4.83,1777923023
All Pools,COQ - BMC,0.3,False,,0.09523,,0.79,1777923023
All Pools,AUSD - USDC,0.01,False,15286157.0,4678529.0,1528.7,11.93,1777926623
All Pools,AUSD - USDt,0.01,False,15017795.0,3411800.0,1501.87,16.07,1777926623
All Pools,AVAX - USDC,0.05,False,9709721.0,3933931.0,5170.58,47.97,1777926623
All Pools,USDC.e - O3,0.3,False,656170.0,343742445.0,1640.43,0.17,1777926623
All Pools,BTC.b - USDC,0.05,False,518036.0,827274.0,272.78,12.04,1777926623
All Pools,USDt - USDC,0.005,False,469134.0,694169.0,33.24,1.75,1777926623
All Pools,AVAX - USDC,0.2,False,153197.0,208342.0,311.06,54.5,1777926623
All Pools,sAVAX - AVAX,0.01,False,96528.0,189096.0,9.862,1.9,1777926623
All Pools,AVAX - BTC.b,0.05,False,52394.0,587967.0,28.03,1.74,1777926623
All Pools,XAUt0 - USDt,0.04,False,51201.0,37728.0,23.89,23.11,1777926623
All Pools,ARENA - AVAX,0.01,False,44288.0,154697.0,4.425,1.04,1777926623
All Pools,DAI.e - USDC,0.02,False,43866.0,32016.0,11.38,12.97,1777926623
All Pools,GUN - AVAX,0.1,False,38831.0,40270.0,40.13,36.37,1777926623
All Pools,GUN - AVAX,0.25,False,37310.0,128538.0,94.21,26.75,1777926623
All Pools,AVAX - USDt,0.2,False,33887.0,131737.0,68.58,19.0,1777926623
All Pools,USDT.e - USDC,0.02,False,32538.0,48843.0,6.66,4.98,1777926623
All Pools,USDC - XAVA,0.3,False,29863.0,613159.0,74.66,4.44,1777926623
All Pools,AVAX - USDT.e,0.3,False,25788.0,552611.0,64.47,4.26,1777926623
All Pools,USDT.e - USDt,0.02,False,24124.0,44203.0,4.884,4.03,1777926623
All Pools,WBTC - BTC.b,0.03,False,23762.0,84659.0,7.534,3.25,1777926623
All Pools,AVAX - USDC,0.3,False,21983.0,406879.0,54.96,4.93,1777926623
All Pools,MIM - AVAX,0.3,False,21786.0,562407.0,54.47,3.53,1777926623
All Pools,NXPC - AVAX,0.3,False,21294.0,240207.0,53.23,8.09,1777926623
All Pools,USDC.e - AVAX,0.3,False,21001.0,430119.0,52.5,4.46,1777926623
All Pools,WBTC.e - BTC.b,0.03,False,20206.0,333639.0,8.241,0.9,1777926623
All Pools,WBTC.e - AVAX,0.3,False,16564.0,173343.0,41.41,8.72,1777926623
All Pools,FOLKS - AVAX,0.25,False,14997.0,34247.0,38.31,40.83,1777926623
All Pools,USDt - USDC,0.01,False,14655.0,181540.0,1.174,0.24,1777926623
All Pools,JOE - AVAX,0.3,False,12808.0,523176.0,32.02,2.23,1777926623
All Pools,COQ - AVAX,0.3,False,11508.0,616232.0,28.77,1.7,1777926623
All Pools,JOE - USDC.e,0.3,False,11445.0,337072.0,28.61,3.1,1777926623
All Pools,QI - AVAX,0.3,False,10244.0,239149.0,25.61,3.91,1777926623
All Pools,USDT.e - USDC,0.02,False,8129.64,887.63,0.97067,39.91,1777926623
All Pools,NOCHILL - AVAX,0.3,False,7185.59,83928.0,17.96,7.81,1777926623
All Pools,EURC - USDC,0.03,False,5260.27,13065.0,1.613,4.5,1777926623
All Pools,ORNG - AVAX,0.3,False,4722.09,27889.0,11.81,15.45,1777926623
All Pools,SolvBTC - BTC.b,0.04,False,4187.42,252799.0,2.069,0.3,1777926623
All Pools,USDC.e - USDC,0.3,False,3961.48,483086.0,9.904,0.75,1777926623
All Pools,DAI.e - USDC,0.02,False,3891.86,2642.96,1.08,14.91,1777926623
All Pools,JPYC - USDC,0.04,False,3569.6,4468.38,1.783,14.56,1777926623
All Pools,AAVE.e - AVAX,0.3,False,3520.12,301939.0,8.8,1.06,1777926623
All Pools,FLD - AVAX,0.3,False,3287.12,52157.0,8.218,5.75,1777926623
All Pools,WETH.e - AVAX,0.3,False,3205.3,498596.0,8.013,0.59,1777926623
All Pools,AUSD - AVAX,0.1,False,2799.64,39914.0,2.909,2.66,1777926623
All Pools,USDt - AVAX,0.3,False,2518.41,45184.0,6.296,5.09,1777926623
All Pools,AVAX - avUSD,0.25,False,2506.87,2355.53,6.307,97.72,1777926623
All Pools,BTC.b - AVAX,0.3,False,2425.5,142997.0,6.064,1.55,1777926623
All Pools,JOE - USDT.e,0.3,False,2409.54,67544.0,6.024,3.26,1777926623
All Pools,BEAM - AVAX,0.25,False,2334.6,20248.0,5.873,10.59,1777926623
All Pools,BEAM - USDC,0.3,False,2298.31,72186.0,5.746,2.91,1777926623
All Pools,ALOT - AVAX,0.3,False,2110.27,228156.0,5.276,0.84,1777926623
All Pools,gOHM - AVAX,0.3,False,1958.8,138423.0,4.897,1.29,1777926623
All Pools,XAVA - AVAX,0.8,False,1845.2,229179.0,14.84,2.36,1777926623
All Pools,LINK.e - AVAX,0.3,False,1796.48,49135.0,4.491,3.34,1777926623
All Pools,BEAM - AVAX,0.3,False,1735.1,93995.0,4.338,1.68,1777926623
All Pools,XAVA - AVAX,0.25,False,1702.86,3211.09,4.433,50.39,1777926623
All Pools,AVAX - DAI.e,0.3,False,1639.76,34213.0,4.099,4.37,1777926623
All Pools,JOE - USDC,0.3,False,1616.28,40224.0,4.041,3.67,1777926623
All Pools,ZRO - AVAX,0.25,False,1592.84,2308.77,11.91,188.32,1777926623
All Pools,HUNDRED - USDC,0.3,False,1476.6,519399.0,3.691,0.26,1777926623
All Pools,WBTC.e - BTC.b,0.03,False,1355.4,694.62,0.59607,31.32,1777926623
All Pools,USDt - USDC,0.02,False,1305.82,2231.54,0.28926,4.73,1777926623
All Pools,YAK - AVAX,0.3,False,1125.95,109851.0,2.815,0.94,1777926623
All Pools,WETH.e - USDC,0.15,False,1085.39,10054.0,1.659,6.02,1777926623
All Pools,SOL - AVAX,0.3,False,1040.78,434606.0,2.602,0.22,1777926623
All Pools,HEFE - AVAX,0.3,False,1010.39,22898.0,2.526,4.03,1777926623
All Pools,LCPEDU - USDt,0.8,False,1002.83,9626335.0,16.08,0.06,1777926623
All Pools,AVAX - JUICE,0.3,False,933.68,15894.0,2.334,5.36,1777926623
All Pools,w3ULL - AVAX,0.3,False,821.45,65267.0,2.054,1.15,1777926623
All Pools,SHRAP - AVAX,0.8,False,812.49,12826.0,7.272,20.69,1777926623
All Pools,SIERRA - USDC,0.1,False,663.13,40194.0,0.66319,0.6,1777926623
All Pools,AVAX - ALVA,0.3,False,636.56,1248.13,1.591,46.54,1777926623
All Pools,AVAX - XAVA,0.3,False,624.73,16030.0,1.562,3.56,1777926623
All Pools,AVAX - UST,0.3,False,574.33,9329.77,1.436,5.62,1777926623
All Pools,XSEED - AVAX,0.3,False,570.92,13135.0,1.427,3.97,1777926623
All Pools,JOE - AVAX,0.25,False,570.3,10783.0,1.436,4.86,1777926623
All Pools,GMX - AVAX,0.3,False,524.47,5036.42,1.311,9.5,1777926623
All Pools,UST - AVAX,0.3,False,523.48,8221.35,1.309,5.81,1777926623
All Pools,AARB - AVAX,0.3,False,439.33,0.18226,1.098,219948.69,1777926623
All Pools,ARC - AVAX,0.3,False,439.02,0.1822,1.098,219870.15,1777926623
All Pools,KLO - AVAX,0.3,False,332.29,14790.0,0.83073,2.05,1777926623
All Pools,WETH.e - USDC.e,0.3,False,328.27,12367.0,0.82067,2.42,1777926623
All Pools,MUON - AVAX,0.3,False,313.36,47177.0,0.78341,0.61,1777926623
All Pools,sAVAX - AVAX,0.3,False,305.82,242256.0,0.76455,0.12,1777926623
All Pools,PTOP800 - USDC,0.1,False,274.06,658.45,0.27665,15.34,1777926623
All Pools,STG - USDC,0.3,False,272.69,1476.9,0.68172,16.85,1777926623
All Pools,YUSD - USDC,0.02,False,240.61,122000.0,0.04812,0.01,1777926623
All Pools,HERESY - AVAX,0.3,False,236.99,22069.0,0.59247,0.98,1777926623
All Pools,PTOP800 - AVAX,0.1,False,233.38,606.49,0.23475,14.13,1777926623
All Pools,SWORLD - AVAX,0.3,False,226.45,7045.48,0.56612,2.93,1777926623
All Pools,sAVAX - JACK,0.3,False,199.41,291051.0,0.49852,0.06,1777926623
All Pools,PTOP1100 - USDC,0.1,False,198.77,667.11,0.19994,10.94,1777926623
All Pools,PTOP1100 - AVAX,0.1,False,197.95,363.99,0.20092,20.15,1777926623
All Pools,XETA - USDC,0.3,False,196.95,6456.89,0.49236,2.78,1777926623
All Pools,AVAX - GEC,0.3,False,164.9,35982.0,0.41224,0.42,1777926623
All Pools,PTOP1300 - AVAX,0.1,False,161.11,578.24,0.1617,10.21,1777926623
All Pools,PTOP1300 - USDC,0.1,False,160.8,347.42,0.16196,17.02,1777926623
All Pools,APIX - ID,0.3,False,155.16,25293.0,0.3879,0.56,1777926623
All Pools,STG - AVAX,0.3,False,152.19,1472.48,0.38047,9.43,1777926623
All Pools,LUNA - USDC.e,0.3,False,144.28,928.94,0.3607,14.17,1777926623
All Pools,QI - AVAX,0.25,False,134.35,14914.0,0.33565,0.82,1777926623
All Pools,XPOW - AVAX,0.3,False,133.51,373.13,0.33377,32.65,1777926623
All Pools,PTOP1200 - AVAX,0.1,False,130.88,686.52,0.13107,6.97,1777926623
All Pools,OSAK - AVAX,0.3,False,130.81,5963.12,0.32704,2.0,1777926623
All Pools,PTOP1200 - USDC,0.1,False,130.3,198.11,0.13309,24.52,1777926623
All Pools,CAPY - ARENA,0.3,False,120.06,31796.0,0.30016,0.34,1777926623
All Pools,BOOTY - AVAX,0.3,False,117.71,2228.53,0.29426,4.82,1777926623
All Pools,MIM - USDt,0.03,False,115.84,9.684,0.03897,146.88,1777926623
All Pools,APIX - USDt,0.3,False,112.7,6938.76,0.28175,1.48,1777926623
All Pools,GGP - AVAX,0.3,False,112.4,93446.0,0.281,0.11,1777926623
All Pools,gOHM - FRAX,0.3,False,95.9,3540.67,0.23974,2.47,1777926623
All Pools,JOE - AVAX,0.15,False,87.65,69513.0,0.13481,0.07,1777926623
All Pools,TECH - AVAX,0.3,False,81.98,14231.0,0.20496,0.53,1777926623
All Pools,SOL - AVAX,0.1,False,79.42,1095.59,0.07954,2.65,1777926623
All Pools,AVAX - APOW,0.3,False,70.34,25775.0,0.17586,0.25,1777926623
All Pools,MAJIN - AVAX,0.3,False,65.34,4254.84,0.16336,1.4,1777926623
All Pools,XPOW - APOW,0.3,False,63.69,931.69,0.15921,6.24,1777926623
All Pools,PNG - AVAX,0.3,False,61.48,1060.36,0.15371,5.29,1777926623
All Pools,PRIME - AVAX,0.4,False,61.42,108690.0,0.82606,0.28,1777926623
All Pools,CAI - AVAX,0.3,False,56.94,1808.72,0.14235,2.87,1777926623
All Pools,KIMBO - AVAX,0.3,False,52.81,64654.0,0.13204,0.07,1777926623
All Pools,FITFI - USDT.e,0.3,False,50.62,372.36,0.12655,12.41,1777926623
All Pools,APIX - USDC,0.3,False,50.35,3462.47,0.12589,1.33,1777926623
All Pools,SB - AVAX,0.3,False,48.08,6995.9,0.12021,0.63,1777926623
All Pools,HUSKY - AVAX,0.3,False,47.02,3619.6,0.11754,1.19,1777926623
All Pools,PTOP800 - BTC.b,0.1,False,46.17,1007.64,0.05347,1.94,1777926623
All Pools,LUNA - USDC.e,0.3,False,39.47,380.83,0.09869,9.46,1777926623
All Pools,UST - USDC.e,0.3,False,38.3,801.03,0.09574,4.36,1777926623
All Pools,MIM - SB,0.3,False,37.73,5761.35,0.09433,0.6,1777926623
All Pools,FTR - AVAX,0.3,False,37.34,1291.11,0.09334,2.64,1777926623
All Pools,AVAX - FRAX,0.3,False,37.14,1021.05,0.09286,3.32,1777926623
All Pools,AVAX - HON,0.3,False,35.53,91191.0,0.08882,0.04,1777926623
All Pools,Balln - AVAX,0.3,False,35.14,4250.5,0.08786,0.75,1777926623
All Pools,MIM - WETH.e,0.3,False,34.8,1465.9,0.08699,2.17,1777926623
All Pools,MEOW - AVAX,0.3,False,34.38,10646.0,0.08595,0.29,1777926623
All Pools,ggAVAX - AVAX,0.04,False,33.63,373.33,0.00357,0.35,1777926623
All Pools,UST - USDC,0.3,False,32.07,500.17,0.08017,5.85,1777926623
All Pools,APIX - ARENA,0.3,False,31.14,2350.84,0.07785,1.21,1777926623
All Pools,USDC.e - USDC,0.02,False,30.21,17000.0,0.00343,0.01,1777926623
All Pools,GUN - BLSEYE🎯,0.3,False,30.06,961.15,0.07514,2.85,1777926623
All Pools,SECOND - AVAX,0.3,False,30.0,1784.42,0.075,1.53,1777926623
All Pools,SECOND - USDC,0.3,False,29.99,7259.91,0.07499,0.38,1777926623
All Pools,BLSEYE🎯 - AVAX,0.3,False,29.35,6033.34,0.07338,0.44,1777926623
All Pools,RGOGLZ - USDC,0.3,False,27.81,1602.49,0.06952,1.58,1777926623
All Pools,AVAX - SOLNIC,0.3,False,27.78,4731.11,0.06946,0.54,1777926623
All Pools,CAT - AVAX,0.3,False,27.75,1968.2,0.06938,1.29,1777926623
All Pools,Psychic - AVAX,0.3,False,27.12,1184.11,0.06781,2.09,1777926623
All Pools,WOLF - AVAX,0.3,False,26.26,43278.0,0.06566,0.06,1777926623
All Pools,CATCH - AVAX,0.3,False,24.42,306.55,0.06105,7.27,1777926623
All Pools,ROCO - AVAX,0.3,False,23.13,1292.83,0.05784,1.63,1777926623
All Pools,DCAU - AVAX,0.3,False,22.73,1272.38,0.05683,1.63,1777926623
All Pools,BOI - AVAX,0.3,False,21.37,80.66,0.05343,24.18,1777926623
All Pools,DCAU - USDT.e,0.3,False,21.22,5322.43,0.05305,0.36,1777926623
All Pools,GUN - AVAX,0.3,False,20.84,449.95,0.0521,4.23,1777926623
All Pools,GENI - USDC,0.3,False,19.93,1490.0,0.04982,1.22,1777926623
All Pools,USDt - ncash,0.3,False,19.65,1146.0,0.04913,1.56,1777926623
All Pools,HATCHY - AVAX,0.3,False,19.51,9852.16,0.04877,0.18,1777926623
All Pools,HOWDY - USDC,0.3,False,19.22,8068.04,0.04806,0.22,1777926623
All Pools,USDC.e - DAI.e,0.3,False,19.07,22730.0,0.04767,0.08,1777926623
All Pools,MEAT - AVAX,0.3,False,18.45,5369.93,0.04613,0.31,1777926623
All Pools,Psychic - XAUt0,0.3,False,18.27,6923.82,0.04567,0.24,1777926623
All Pools,XROSS - ORNG,0.3,False,18.26,494.52,0.04565,3.37,1777926623
All Pools,HAREM - AVAX,0.3,False,16.84,127.84,0.0421,12.02,1777926623
All Pools,USDC.e - USDT.e,0.3,False,16.45,40294.0,0.04112,0.04,1777926623
All Pools,DAI.e - USDt,0.25,False,16.38,21036.0,0.03914,0.07,1777926623
All Pools,USDV - AVAX,0.25,False,16.2,1831.94,0.06335,1.26,1777926623
All Pools,WOM - AVAX,0.3,False,15.65,841.76,0.03913,1.7,1777926623
All Pools,AVAX - CLY,0.3,False,15.52,59998.0,0.0388,0.02,1777926623
All Pools,YUSD - AVAX,0.3,False,15.12,134.58,0.03779,10.25,1777926623
All Pools,DATCM - ORNG,0.3,False,15.09,491.75,0.03773,2.8,1777926623
All Pools,ORNG - FLUX,0.3,False,14.76,365.38,0.0369,3.69,1777926623
All Pools,AVAX - DOMI,0.3,False,14.65,17489.0,0.03662,0.08,1777926623
All Pools,GURS - AVAX,0.3,False,14.55,7727.46,0.03637,0.17,1777926623
All Pools,COQ - AVAX,0.8,False,14.51,4831.1,0.11839,0.89,1777926623
All Pools,AVAX - STICK,0.3,False,14.34,2154.13,0.03586,0.61,1777926623
All Pools,LUNA - AVAX,0.3,False,14.24,167.27,0.0356,7.77,1777926623
All Pools,MAI - AVAX,0.3,False,14.17,1826.15,0.03542,0.71,1777926623
All Pools,AVAX - PEFI,0.3,False,14.11,4531.74,0.03527,0.28,1777926623
All Pools,ORNG - MOOM,0.3,False,13.18,403.89,0.03295,2.98,1777926623
All Pools,SHRAP - DOMI,0.3,False,12.86,291.35,0.03216,4.03,1777926623
All Pools,SVETA - AVAX,0.3,False,12.39,1395.68,0.03098,0.81,1777926623
All Pools,SYN - AVAX,0.3,False,11.74,2769.42,0.02936,0.39,1777926623
All Pools,ZRO - AVAX,0.3,False,11.2,202.78,0.02801,5.04,1777926623
All Pools,Ush - AVAX,0.3,False,10.84,2836.94,0.02709,0.35,1777926623
All Pools,YOU - ORNG,0.3,False,10.64,3258.15,0.02661,0.3,1777926623
All Pools,PTOP1000 - AVAX,0.1,False,10.55,637.53,0.01056,0.6,1777926623
All Pools,ORNG - SAI,0.3,False,10.55,291.91,0.02636,3.3,1777926623
All Pools,USDT.e - USDC,0.02,False,10.26,7.005,0.0022,11.49,1777926623
All Pools,ORNG - JUCI,0.3,False,10.19,499.08,0.02546,1.86,1777926623
All Pools,WINK - AVAX,0.3,False,10.16,78.65,0.02541,11.79,1777926623
All Pools,JPYC - USDC,0.3,False,9.866,351.68,0.02466,2.56,1777926623
All Pools,AVAXAI - USDC,0.3,False,9.742,1726.12,0.02436,0.52,1777926623
All Pools,AVAX - JUICY,0.3,False,9.479,3048.47,0.0237,0.28,1777926623
All Pools,MMTH - AVAX,0.3,False,9.214,0.02365,0.02303,35543.86,1777926623
All Pools,avUSD - sAVAX,0.3,False,8.781,265.5,0.02195,3.02,1777926623
All Pools,AVAX - ELK,0.3,False,8.763,1728.45,0.02191,0.46,1777926623
All Pools,AVAX - SQRCAT,0.3,False,8.594,5967.47,0.02148,0.13,1777926623
All Pools,MDG - USDT.e,0.3,False,8.547,18085.0,0.02137,0.04,1777926623
All Pools,MDG - USDC.e,0.3,False,8.547,9807.04,0.02137,0.08,1777926623
All Pools,USDC - GAU,0.3,False,7.874,12235.0,0.01969,0.06,1777926623
All Pools,BLSEYE🎯 - ARENA,0.3,False,7.658,1173.82,0.01915,0.6,1777926623
All Pools,LINK.e - USDT.e,0.3,False,7.014,236.26,0.01753,2.71,1777926623
All Pools,CATWIF - AVAX,0.3,False,7.006,3284.77,0.01752,0.19,1777926623
All Pools,USV - DAI.e,0.3,False,6.89,4267.44,0.01723,0.15,1777926623
All Pools,WBTC.e - USDT.e,0.3,False,6.793,174.06,0.01698,3.56,1777926623
All Pools,WETH - USDC.e,0.3,False,6.745,230.41,0.01686,2.67,1777926623
All Pools,CHAMP - ARENA,0.3,False,6.419,17.29,0.01605,33.88,1777926623
All Pools,MYST - AVAX,0.3,False,6.194,919.1,0.01549,0.61,1777926623
All Pools,WBTC.e - ONION,0.3,False,5.962,412.3,0.01491,1.32,1777926623
All Pools,SWIFT - USDC.e,0.3,False,5.708,542.87,0.01427,0.96,1777926623
All Pools,FITFI - AVAX,0.3,False,5.469,39.42,0.01367,12.66,1777926623
All Pools,WETH.e - ONION,0.3,False,5.466,276.11,0.01367,1.81,1777926623
All Pools,agEUR - USDC,0.3,False,5.38,63.95,0.01345,7.68,1777926623
All Pools,PNG - JOE,0.3,False,5.087,171.25,0.01272,2.71,1777926623
All Pools,RPEPE - AVAX,0.3,False,4.965,6376.59,0.01241,0.07,1777926623
All Pools,LINK.e - USDC.e,0.3,False,4.95,197.01,0.01238,2.29,1777926623
All Pools,LUNA - AVAX,0.3,False,4.9,23.41,0.01225,19.1,1777926623
All Pools,APOW - AVAX,0.3,False,4.82,1091.8,0.01205,0.4,1777926623
All Pools,SWIFT - WETH.e,0.3,False,4.814,1647.62,0.01204,0.27,1777926623
All Pools,YAK - USDC.e,0.3,False,4.593,217.12,0.01148,1.93,1777926623
All Pools,ISA - USDC.e,0.3,False,4.388,492.35,0.01097,0.81,1777926623
All Pools,ISA - AVAX,0.3,False,4.078,1475.74,0.01019,0.25,1777926623
All Pools,ACS - AVAX,0.3,False,4.0,215.39,0.01,1.69,1777926623
All Pools,WETH.e - USDT.e,0.3,False,3.997,168.11,0.00999,2.17,1777926623
All Pools,DPS - AVAX,0.3,False,3.964,224.41,0.00991,1.61,1777926623
All Pools,DPS - USDC,0.3,False,3.963,1953.73,0.00991,0.19,1777926623
All Pools,REDWOLF - AVAX,0.3,False,3.796,503.91,0.00949,0.69,1777926623
All Pools,AVAX - IMPACT2,0.3,False,3.727,170.67,0.00932,1.99,1777926623
All Pools,AVAX - aXEN,0.3,False,3.704,80.58,0.00926,4.19,1777926623
All Pools,USDC.e - ONION,0.3,False,3.544,388.21,0.00886,0.83,1777926623
All Pools,REDWOLF - USDC,0.3,False,3.517,203.43,0.00879,1.58,1777926623
All Pools,USDT.e - DAI.e,0.3,False,3.51,7317.29,0.00878,0.04,1777926623
All Pools,MYST - USDC,0.3,False,3.49,258.27,0.00873,1.23,1777926623
All Pools,USDT.e - CLY,0.3,False,3.442,263.81,0.0086,1.19,1777926623
All Pools,LIQR - AVAX,0.3,False,3.413,52050.0,0.00853,0.01,1777926623
All Pools,FXS - AVAX,0.3,False,3.299,444.77,0.00825,0.68,1777926623
All Pools,AVAX - ONION,0.3,False,3.156,183.51,0.00789,1.57,1777926623
All Pools,YEEHAW - CHAMP,0.3,False,3.152,2385.86,0.00788,0.12,1777926623
All Pools,BTC.b - TOPIA,0.3,False,3.088,312.75,0.00772,0.9,1777926623
All Pools,USDt - IMPACT2,0.3,False,2.957,71.96,0.00739,3.75,1777926623
All Pools,AVAX - SOCK,0.3,False,2.811,3341.61,0.00703,0.08,1777926623
All Pools,MAGICK - AVAX,0.3,False,2.806,358.84,0.00702,0.71,1777926623
All Pools,MAGICK - USDC,0.3,False,2.805,242.53,0.00701,1.06,1777926623
All Pools,Now - AVAX,0.3,False,2.805,268.04,0.00701,0.95,1777926623
All Pools,USDC - SOCK,0.3,False,2.792,487.81,0.00698,0.52,1777926623
All Pools,TINU - AVAX,0.3,False,2.724,1357.04,0.00681,0.18,1777926623
All Pools,HUSKY - JOE,0.3,False,2.715,179.95,0.00679,1.38,1777926623
All Pools,BTC.b - IMPACT2,0.3,False,2.594,1280.73,0.00649,0.18,1777926623
All Pools,AVAX - FRAX,0.3,False,2.594,274.42,0.00648,0.86,1777926623
All Pools,AVAX - TIME,0.3,False,2.534,1221.25,0.00634,0.19,1777926623
All Pools,USDT.e - ONION,0.3,False,2.53,774.92,0.00633,0.3,1777926623
All Pools,APOW - USDC,0.3,False,2.436,170.28,0.00609,1.31,1777926623
All Pools,Gravity - AVAX,0.3,False,2.42,339.9,0.00605,0.65,1777926623
All Pools,APOW - USDt,0.3,False,2.386,170.01,0.00597,1.28,1777926623
All Pools,AVAX - AMI,0.3,False,2.384,543.11,0.00596,0.4,1777926623
All Pools,BLSEYE🎯 - BEAM,0.3,False,2.356,343.83,0.00589,0.63,1777926623
All Pools,pAVAX - AVAX,0.3,False,2.305,1716.84,0.00576,0.12,1777926623
All Pools,HOST - DAI.e,0.3,False,2.243,2616.47,0.00561,0.08,1777926623
All Pools,LF - AVAX,0.3,False,2.243,294.82,0.00561,0.69,1777926623
All Pools,MIM - LF,0.3,False,2.243,912.66,0.00561,0.22,1777926623
All Pools,FollowTheWhiteRabbit - BLACK,0.3,False,2.129,1176.98,0.00532,0.17,1777926623
All Pools,SHOE - AVAX,0.3,False,2.125,665.72,0.00531,0.29,1777926623
All Pools,USDC.e - MU,0.3,False,2.118,13490.0,0.0053,0.01,1777926623
All Pools,LORD - AVAX,0.3,False,2.109,1961.75,0.00527,0.1,1777926623
All Pools,67 - AVAX,0.3,False,2.022,0.0035,0.00505,52680.4,1777926623
All Pools,NOCHILL - OX,0.3,False,1.994,12476.0,0.00498,0.01,1777926623
All Pools,AVAX - SPELL,0.3,False,1.97,2793.59,0.00493,0.06,1777926623
All Pools,Trinity - AVAX,0.3,False,1.951,1039.56,0.00488,0.17,1777926623
All Pools,GENI - AVAX,0.3,False,1.922,74.83,0.0048,2.34,1777926623
All Pools,XAUt0 - Now,0.3,False,1.903,707.7,0.00476,0.25,1777926623
All Pools,USDC.e - AVVO,0.3,False,1.9,252.73,0.00475,0.69,1777926623
All Pools,UST - USDT.e,0.3,False,1.894,45.41,0.00473,3.81,1777926623
All Pools,USDC - SHRAP,0.3,False,1.868,27.81,0.00467,6.13,1777926623
All Pools,AVAX - NaughtiusMaximus,0.3,False,1.81,444.14,0.00453,0.37,1777926623
All Pools,XAUt0 - NaughtiusMaximus,0.3,False,1.809,1044.4,0.00452,0.16,1777926623
All Pools,DCAU - USDC,0.3,False,1.806,151.63,0.00452,1.09,1777926623
All Pools,DON - AVAX,0.3,False,1.801,4898.87,0.0045,0.03,1777926623
All Pools,XAUt0 - Gravity,0.3,False,1.755,396.19,0.00439,0.4,1777926623
All Pools,USDt - USDT.e,0.3,False,1.731,20407.0,0.00433,0.01,1777926623
All Pools,PIZZA - AVAX,0.3,False,1.684,514.77,0.00421,0.3,1777926623
All Pools,TRESR - AVAX,0.3,False,1.658,14983.0,0.00414,0.01,1777926623
All Pools,COQ - OX,0.3,False,1.636,12656.0,0.00409,0.01,1777926623
All Pools,Gravity - BLACK,0.3,False,1.633,1066.68,0.00408,0.14,1777926623
All Pools,BEAR - AVAX,0.3,False,1.619,7327.54,0.00405,0.02,1777926623
All Pools,MIM - PEFI,0.3,False,1.601,205.25,0.004,0.71,1777926623
All Pools,KIWI - AVAX,0.3,False,1.6,117.01,0.004,1.25,1777926623
All Pools,KIWI - USDC,0.3,False,1.581,312.09,0.00395,0.46,1777926623
All Pools,COQ - BLSEYE🎯,0.3,False,1.559,215.67,0.0039,0.66,1777926623
All Pools,AVAX - ELK,0.3,False,1.556,69.08,0.00389,2.06,1777926623
All Pools,JOE - USDT,0.3,False,1.545,364.22,0.00386,0.39,1777926623
All Pools,FollowTheWhiteRabbit - AVAX,0.3,False,1.52,165.68,0.0038,0.84,1777926623
All Pools,SMRTr - AVAX,0.3,False,1.504,37047.0,0.00376,0.0,1777926623
All Pools,SMRTr - USDC.e,0.3,False,1.5,126.57,0.00375,1.08,1777926623
All Pools,DAI.e - ONION,0.3,False,1.482,354.34,0.0037,0.38,1777926623
All Pools,AVAX - LUCKY,0.3,False,1.463,4115.94,0.00366,0.03,1777926623
All Pools,BANKSY - USDT.e,0.3,False,1.399,1563.04,0.0035,0.08,1777926623
All Pools,BANKSY - AVAX,0.3,False,1.399,174.33,0.0035,0.73,1777926623
All Pools,USDC - NXUSD,0.3,False,1.39,3.517,0.00348,36.07,1777926623
All Pools,SHOE - BTC.b,0.3,False,1.385,849.47,0.00346,0.15,1777926623
All Pools,CRA - AVAX,0.3,False,1.381,10161.0,0.00345,0.01,1777926623
All Pools,DREGG - AVAX,0.3,False,1.374,181.56,0.00344,0.69,1777926623
All Pools,DREGG - USDT.e,0.3,False,1.372,548.88,0.00343,0.23,1777926623
All Pools,Psychic - BLACK,0.3,False,1.361,464.2,0.0034,0.27,1777926623
All Pools,AVAX - ChristMark,0.3,False,1.335,358.58,0.00334,0.34,1777926623
All Pools,AVAX - USDT,0.3,False,1.315,2014.85,0.00329,0.06,1777926623
All Pools,AVAX - TUS,0.3,False,1.268,8193.15,0.00317,0.01,1777926623
All Pools,AVAX - MU,0.3,False,1.26,89.42,0.00315,1.29,1777926623
All Pools,COQ - NOCHILL,0.3,False,1.244,14.42,0.00311,7.87,1777926623
All Pools,BLSEYE🎯 - MEOW,0.3,False,1.17,674.82,0.00292,0.16,1777926623
All Pools,XAUt0 - ChristMark,0.3,False,1.128,688.56,0.00282,0.15,1777926623
All Pools,AVAX - SMRT,0.3,False,1.117,2370.37,0.00279,0.04,1777926623
All Pools,Trinity - BLACK,0.3,False,1.107,563.83,0.00277,0.18,1777926623
All Pools,VPND - AVAX,0.3,False,1.092,25947.0,0.00273,0.0,1777926623
All Pools,BUSD - AVAX,0.3,False,1.076,422.42,0.00269,0.23,1777926623
All Pools,NOCHILL - KET,0.3,False,1.058,15.43,0.00265,6.26,1777926623
All Pools,USDC - LODE,0.3,False,1.053,883.23,0.00263,0.11,1777926623
All Pools,USDT.e - SMRT,0.3,False,1.046,107.46,0.00261,0.89,1777926623
All Pools,SWIFT - AVAX,0.3,False,1.028,311.05,0.00257,0.3,1777926623
All Pools,MM - USDC,0.3,False,1.023,84.77,0.00256,1.1,1777926623
All Pools,MM - AVAX,0.3,False,1.021,135.65,0.00255,0.69,1777926623
All Pools,AVAX - AVVO,0.3,False,1.006,306.06,0.00252,0.3,1777926623
All Pools,MONEY - AVAX,0.3,False,0.99821,636.4,0.0025,0.14,1777926623
All Pools,rloop - AVAX,0.3,False,0.99178,6314.47,0.00248,0.01,1777926623
All Pools,LUEEGI - AVAX,0.3,False,0.98903,1599.36,0.00247,0.06,1777926623
All Pools,KALM - AVAX,0.3,False,0.96892,128.05,0.00242,0.69,1777926623
All Pools,KALM - USDC,0.3,False,0.96887,85.48,0.00242,1.03,1777926623
All Pools,HUSKY - AMI,0.3,False,0.96075,84.87,0.0024,1.03,1777926623
All Pools,Now - BLACK,0.3,False,0.9394,442.5,0.00235,0.19,1777926623
All Pools,HOST - AVAX,0.3,False,0.92061,107.59,0.0023,0.78,1777926623
All Pools,STATIK - AVAX,0.3,False,0.91582,44.64,0.00229,1.87,1777926623
All Pools,MIM - TIME,0.3,False,0.91334,122.91,0.00228,0.68,1777926623
All Pools,JOE - EXP,0.3,False,0.90657,13399272.0,0.00227,,1777926623
All Pools,PTOP1100 - TOPIA,0.3,False,0.90456,151.7,0.00226,0.54,1777926623
All Pools,Psychic - Now,0.3,False,0.8783,631.24,0.0022,0.13,1777926623
All Pools,MAXI - DAI.e,0.3,False,0.86788,236.76,0.00217,0.33,1777926623
All Pools,AVAX - GME,0.3,False,0.85858,711.98,0.00215,0.11,1777926623
All Pools,USDC - SPT,0.3,False,0.82482,41.02,0.00206,1.83,1777926623
All Pools,Trinity - Psychic,0.3,False,0.81884,545.04,0.00205,0.14,1777926623
All Pools,50 - AVAX,0.3,False,0.80187,76.79,0.002,0.95,1777926623
All Pools,50 - USDC,0.3,False,0.80186,120.91,0.002,0.61,1777926623
All Pools,FollowTheWhiteRabbit - LuciferMorningstar,0.3,False,0.78563,3639.52,0.00196,0.02,1777926623
All Pools,MaryMagdalene - AVAX,0.3,False,0.76572,225.28,0.00191,0.31,1777926623
All Pools,AVAX - ZUBAX,0.3,False,0.76008,117.54,0.0019,0.59,1777926623
All Pools,AAVE.e - REDWOLF,0.3,False,0.7513,162.21,0.00188,0.42,1777926623
All Pools,ZUBAX - USDT.e,0.3,False,0.73735,185.09,0.00184,0.36,1777926623
All Pools,WBTC.e - REDWOLF,0.3,False,0.7369,59.62,0.00184,1.13,1777926623
All Pools,SYMBIOT - AVAX,0.3,False,0.73236,92.6,0.00183,0.72,1777926623
All Pools,LadyMary - AVAX,0.3,False,0.72707,366.25,0.00182,0.18,1777926623
All Pools,AVAX - SHRAP,0.3,False,0.72661,17.54,0.00182,3.78,1777926623
All Pools,JEWEL - USDC,0.3,False,0.72588,4520.97,0.00181,0.01,1777926623
All Pools,COQ - OSAK,0.3,False,0.71765,35.71,0.00179,1.83,1777926623
All Pools,SYMBIOT - DAI.e,0.3,False,0.71684,472.13,0.00179,0.14,1777926623
All Pools,GUN - AMI,0.3,False,0.71319,22.61,0.00178,2.88,1777926623
All Pools,Trinity - LuciferMorningstar,0.3,False,0.71242,351724543.0,0.00178,,1777926623
All Pools,AVAX - KONG,0.3,False,0.68798,7503.35,0.00172,0.01,1777926623
All Pools,WETH.e - USDC,0.3,False,0.68205,22.82,0.00171,2.73,1777926623
All Pools,Orange - AVAX,0.3,False,0.68015,87.56,0.0017,0.71,1777926623
All Pools,Gladiator - AVAX,0.3,False,0.66445,3.725,0.00166,16.28,1777926623
All Pools,LINK.e - REDWOLF,0.3,False,0.66363,82.17,0.00166,0.74,1777926623
All Pools,MaryMagdalene - XAUt0,0.3,False,0.66236,1924.2,0.00166,0.03,1777926623
All Pools,COQ - COQAI,0.3,False,0.66105,28364.0,0.00165,0.0,1777926623
All Pools,USDT.e - MU,0.3,False,0.657,255.28,0.00164,0.23,1777926623
All Pools,bCASH - NOCHILL,0.3,False,0.62623,19.26,0.00157,2.97,1777926623
All Pools,MU - DAI.e,0.3,False,0.60459,245.9,0.00151,0.22,1777926623
All Pools,AVAX - mYAK,0.3,False,0.58834,58.45,0.00147,0.92,1777926623
All Pools,SOL - USDC,0.3,False,0.58557,24.12,0.00146,2.22,1777926623
All Pools,AVAX - APE - X,0.3,False,0.57386,664.12,0.00143,0.08,1777926623
All Pools,BTC.b - SPT,0.3,False,0.54652,40.16,0.00137,1.24,1777926623
All Pools,USDC - aXEN,0.3,False,0.54154,9.538,0.00135,5.18,1777926623
All Pools,Gladiator - USDC,0.3,False,0.5385,565.29,0.00135,0.09,1777926623
All Pools,AVAX - PENDLE,0.3,False,0.53102,7796.96,0.00133,0.01,1777926623
All Pools,MIM - wsOHM,0.3,False,0.5274,1101.65,0.00132,0.04,1777926623
All Pools,USDt - RUX,0.3,False,0.50999,16116.0,0.00127,0.0,1777926623
All Pools,RUX - AVAX,0.3,False,0.50994,30.47,0.00127,1.53,1777926623
All Pools,WETH.e - REDWOLF,0.3,False,0.49884,102.9,0.00125,0.44,1777926623
All Pools,Gladiator - AMI,0.3,False,0.49803,372.15,0.00125,0.12,1777926623
All Pools,Orange - DivineFeminine,0.3,False,0.49709,1100.74,0.00124,0.04,1777926623
All Pools,YEEHAW - BTC.b,0.3,False,0.49037,129.22,0.00123,0.35,1777926623
All Pools,WETH.e - SURE,0.3,False,0.47959,1100.75,0.0012,0.04,1777926623
All Pools,UNI.e - REDWOLF,0.3,False,0.47421,10.74,0.00119,4.03,1777926623
All Pools,COQ - JUICE,0.3,False,0.47217,48.84,0.00118,0.88,1777926623
All Pools,MIM - MU,0.3,False,0.4483,253.98,0.00112,0.16,1777926623
All Pools,LUNA - LUNA,0.3,False,0.44644,3.04,0.00112,13.4,1777926623
All Pools,CQK - AVAX,0.3,False,0.44562,132.43,0.00111,0.31,1777926623
All Pools,CQK - USDC,0.3,False,0.44553,35.32,0.00111,1.15,1777926623
All Pools,USDC - CHAM,0.3,False,0.44397,50.3,0.00111,0.81,1777926623
All Pools,IMPACT2 - EURC,0.3,False,0.43904,47.15,0.0011,0.85,1777926623
All Pools,gOHM - wsOHM,0.3,False,0.43241,37.63,0.00108,1.05,1777926623
All Pools,AVAX - ARENA,0.3,False,0.43054,81.33,0.00108,0.48,1777926623
All Pools,Trinity - LadyMary,0.3,False,0.42494,11196.0,0.00106,0.0,1777926623
All Pools,TECH - OX,0.3,False,0.41895,5029.32,0.00105,0.01,1777926623
All Pools,AftermathsKobe - AVAX,0.3,False,0.41445,295.42,0.00104,0.13,1777926623
All Pools,Psychic - AftermathsKobe,0.3,False,0.41359,324.64,0.00103,0.12,1777926623
All Pools,AVAX - TOPIA,0.3,False,0.41352,528.87,0.00103,0.07,1777926623
All Pools,BLS - USDt,0.3,False,0.41297,120.2,0.00103,0.31,1777926623
All Pools,ZRO - USDC,0.3,False,0.41145,5.707,0.00103,6.58,1777926623
All Pools,ABC - AVAX,0.3,False,0.40611,1093.38,0.00102,0.03,1777926623
All Pools,NOCHILL - AMI,0.3,False,0.40582,5.712,0.00101,6.48,1777926623
All Pools,BLS - SHRAP,0.3,False,0.4055,9.871,0.00101,3.75,1777926623
All Pools,USDC - yyAVAX,0.3,False,0.40251,14.31,0.00101,2.57,1777926623
All Pools,FERT - AVAX,0.3,False,0.40094,812.42,0.001,0.05,1777926623
All Pools,USDC - USD+,0.3,False,0.39995,33.07,,1.1,1777926623
All Pools,COQ - BOOTY,0.3,False,0.39426,10.95,,3.29,1777926623
All Pools,CommieSukey - AVAX,0.3,False,0.38855,290.9,,0.12,1777926623
All Pools,Psychic - CommieSukey,0.3,False,0.38803,318.75,,0.11,1777926623
All Pools,MIM - USDC.e,0.3,False,0.38349,1997.22,,0.02,1777926623
All Pools,CGS - USDC.e,0.3,False,0.38148,159.43,,0.22,1777926623
All Pools,CGS - AVAX,0.3,False,0.38141,66.72,,0.52,1777926623
All Pools,TRACTOR - AVAX,0.3,False,0.36915,14954.0,,0.0,1777926623
All Pools,Meaning - AVAX,0.3,False,0.36869,455.19,,0.07,1777926623
All Pools,Psychic - Meaning,0.3,False,0.36797,313.25,,0.11,1777926623
All Pools,Trinity - Gravity,0.3,False,0.36777,2463.62,,0.01,1777926623
All Pools,VEE - USDC,0.3,False,0.36684,32.49,,1.03,1777926623
All Pools,DivineFeminine - Gravity,0.3,False,0.36582,2323.04,,0.01,1777926623
All Pools,CANS - AVAX,0.3,False,0.36409,13.02,,2.55,1777926623
All Pools,sAVAX - COQ,0.3,False,0.35424,94.86,,0.34,1777926623
All Pools,SURE - DAI.e,0.3,False,0.34316,28.21,,1.11,1777926623
All Pools,Jjj - AVAX,0.3,False,0.34225,291.26,,0.11,1777926623
All Pools,DFIAT - USDT.e,0.3,False,0.34203,28.3,,1.1,1777926623
All Pools,APIX - LAMBO,0.3,False,0.34158,565.8,,0.06,1777926623
All Pools,Psychic - Jjj,0.3,False,0.34155,319.86,,0.1,1777926623
All Pools,BLUB - AVAX,0.3,False,0.33939,17092.0,,0.0,1777926623
All Pools,TSD - AVAX,0.3,False,0.33705,322.79,,0.1,1777926623
All Pools,Anon - AVAX,0.3,False,0.33602,14.35,,2.14,1777926623
All Pools,oXAUT - AVAX,0.3,False,0.32834,525.86,,0.06,1777926623
All Pools,AVAX - XPOW,0.3,False,0.32825,40.19,,0.75,1777926623
All Pools,BTC.b - oXAUT,0.3,False,0.32821,380.19,,0.08,1777926623
All Pools,USDT.e - DUO,0.3,False,0.32255,57.58,,0.51,1777926623
All Pools,AVAX - DUO,0.3,False,0.32251,71.28,,0.41,1777926623
All Pools,BENIS - NOCHILL,0.3,False,0.32067,4.586,,6.38,1777926623
All Pools,AVAX - MeaningOfNumbers,0.3,False,0.31637,291.08,,0.1,1777926623
All Pools,Psychic - MeaningOfNumbers,0.3,False,0.31575,319.99,,0.09,1777926623
All Pools,AVAX - BlackAndGold,0.3,False,0.31431,292.61,,0.1,1777926623
All Pools,Psychic - BlackAndGold,0.3,False,0.31385,319.47,,0.09,1777926623
All Pools,AVAX - APOW,0.3,False,0.31276,39.74,,0.72,1777926623
All Pools,USDt - REDWOLF,0.3,False,0.30889,15.0,,1.88,1777926623
All Pools,HUSKY - MUG,0.3,False,0.30625,23.88,,1.17,1777926623
All Pools,USDC.e - WISE,0.3,False,0.30411,46.19,,0.6,1777926623
All Pools,AVAX - WISE,0.3,False,0.30406,79.09,,0.35,1777926623
All Pools,AVAX - BLACK,0.3,False,0.30372,6.057,,4.58,1777926623
All Pools,DFIAT - AVAX,0.3,False,0.30351,7572.16,,0.0,1777926623
All Pools,LadyMary - FollowTheWhiteRabbit,0.3,False,0.30285,649.6,,0.04,1777926623
All Pools,AVAT - USDC,0.3,False,0.3026,40.67,,0.68,1777926623
All Pools,BRO - COQ,0.3,False,0.30254,209.0,,0.13,1777926623
All Pools,SLUSH - USDT.e,0.3,False,0.30167,60.28,,0.46,1777926623
All Pools,SLUSH - AVAX,0.3,False,0.30164,59.09,,0.47,1777926623
All Pools,BRO - AVAX,0.3,False,0.30091,140655.0,,,1777926623
All Pools,USDC.e - WXT,0.3,False,0.29996,291.08,,0.09,1777926623
All Pools,Ducks - AVAX,0.3,False,0.29984,291.05,,0.09,1777926623
All Pools,Psychic - Ducks,0.3,False,0.29929,319.88,,0.09,1777926623
All Pools,AVAI - AVAX,0.3,False,0.29783,29.45,,0.92,1777926623
All Pools,BTC.b - HOWDY,0.3,False,0.29609,186.9,,0.14,1777926623
All Pools,AVVO - DAI.e,0.3,False,0.29096,39.76,,0.67,1777926623
All Pools,PTOP900 - TOPIA,0.3,False,0.29008,104.51,,0.25,1777926623
All Pools,GAINS - AVAX,0.3,False,0.28783,41.23,,0.64,1777926623
All Pools,AVAX - MILO,0.3,False,0.28167,1158.35,,0.02,1777926623
All Pools,AI - AVAX,0.3,False,0.28167,4355.2,,0.01,1777926623
All Pools,USDt - MILO,0.3,False,0.28165,17.24,,1.49,1777926623
All Pools,HOWDY - AVAX,0.3,False,0.28057,21278.0,,0.0,1777926623
All Pools,miMatic - USDC.e,0.3,False,0.27753,23.39,,1.08,1777926623
All Pools,MIM - FORT,0.3,False,0.27181,18155.0,,0.0,1777926623
All Pools,AVAX - FORT,0.3,False,0.27181,39.3,,0.63,1777926623
All Pools,AVAX - MUG,0.3,False,0.27109,353.62,,0.07,1777926623
All Pools,BOI - MU,0.3,False,0.26989,1.274,,19.34,1777926623
All Pools,NOCHILL - REDWOLF,0.3,False,0.26931,3.306,,7.43,1777926623
All Pools,KRW - AVAX,0.3,False,0.26908,458.65,,0.05,1777926623
All Pools,JOE - KRW,0.3,False,0.26894,238.18,,0.1,1777926623
All Pools,Psychic - Xmas,0.3,False,0.26872,300.55,,0.08,1777926623
All Pools,wsOHM - AVAX,0.3,False,0.26741,22.2,,1.1,1777926623
All Pools,Hopi - AVAX,0.3,False,0.26539,216.81,,0.11,1777926623
All Pools,Hopi - Now,0.3,False,0.26518,714.21,,0.03,1777926623
All Pools,WBTC.e - USDC.e,0.3,False,0.26506,9.04,,2.68,1777926623
All Pools,AVAX - CHAM,0.3,False,0.26155,33.15,,0.72,1777926623
All Pools,YEEHAW - AVAX,0.3,False,0.25523,32.0,,0.73,1777926623
All Pools,USDT - ETH,0.3,False,0.25384,216.93,,0.11,1777926623
All Pools,AVAX - Prometheus,0.3,False,0.25297,284.23,,0.08,1777926623
All Pools,Psychic - Prometheus,0.3,False,0.25245,311.02,,0.07,1777926623
All Pools,Psychic - Sinterklaas,0.3,False,0.24977,317.09,,0.07,1777926623
All Pools,AVAX - Wej,0.3,False,0.24802,291.78,,0.08,1777926623
All Pools,AVAX - BJOE,0.3,False,0.24783,1398.92,,0.02,1777926623
All Pools,Psychic - Wej,0.3,False,0.2475,319.69,,0.07,1777926623
All Pools,ArniStitch - AVAX,0.3,False,0.24154,291.06,,0.08,1777926623
All Pools,$Crazy - AVAX,0.3,False,0.24153,1013.3,,0.02,1777926623
All Pools,Psychic - ArniStitch,0.3,False,0.24107,319.88,,0.07,1777926623
All Pools,avax0 - AVAX,0.3,False,0.2402,6.975,,3.14,1777926623
All Pools,Xmas - AVAX,0.3,False,0.23784,274.12,,0.08,1777926623
All Pools,AVAX - SPT,0.3,False,0.2371,16.57,,1.31,1777926623
All Pools,TOPIA - PTOP800,0.3,False,0.23296,147.43,,0.14,1777926623
All Pools,GLOBA - AVAX,0.3,False,0.2313,51.66,,0.41,1777926623
All Pools,HEFE - GAINS,0.3,False,0.22749,6.375,,3.26,1777926623
All Pools,BOI - AMI,0.3,False,0.22653,1.085,,19.04,1777926623
All Pools,AVAX - All,0.3,False,0.2253,292.96,,0.07,1777926623
All Pools,Psychic - All,0.3,False,0.22487,319.65,,0.06,1777926623
All Pools,AVAX - RedFolder,0.3,False,0.22326,291.59,,0.07,1777926623
All Pools,DéjàVu - Gravity,0.3,False,0.22288,208.16,,0.1,1777926623
All Pools,Psychic - RedFolder,0.3,False,0.2228,319.75,,0.06,1777926623
All Pools,SUB - USDC,0.3,False,0.22215,13.43,,1.51,1777926623
All Pools,GLOBA - DAI.e,0.3,False,0.22145,52.73,,0.38,1777926623
All Pools,Serpentarius - AVAX,0.3,False,0.22139,296.09,,0.07,1777926623
All Pools,USDC.e - SOL,0.3,False,0.22092,41.99,,0.48,1777926623
All Pools,Psychic - Serpentarius,0.3,False,0.2209,324.2,,0.06,1777926623
All Pools,USDT.e - ZABU,0.3,False,0.21792,48.45,,0.41,1777926623
All Pools,MIM - PAPA,0.3,False,0.21641,415.51,,0.05,1777926623
All Pools,PAPA - AVAX,0.3,False,0.21638,30.78,,0.64,1777926623
All Pools,MIM - USDC,0.3,False,0.21572,76.76,,0.26,1777926623
All Pools,AVAX - SNOB,0.3,False,0.21219,978.22,,0.02,1777926623
All Pools,METAG - AVAX,0.3,False,0.21136,24.55,,0.79,1777926623
All Pools,MerryXmas - AVAX,0.3,False,0.2106,268.54,,0.07,1777926623
All Pools,USDC - BVAX,0.3,False,0.2076,30.96,,0.61,1777926623
All Pools,EGG - AVAX,0.3,False,0.20728,23377.0,,,1777926623
All Pools,NeatestQuackery - AVAX,0.3,False,0.20029,290.75,,0.06,1777926623
All Pools,Psychic - NeatestQuackery,0.3,False,0.19993,319.95,,0.06,1777926623
All Pools,USDt - DXN,0.3,False,0.19218,216.23,,0.08,1777926623
All Pools,DiamondbackGall - AVAX,0.3,False,0.1902,293.01,,0.06,1777926623
All Pools,Psychic - DiamondbackGall,0.3,False,0.18984,319.92,,0.05,1777926623
All Pools,FollowTheWhiteRabbit - TheGospelOfMary,0.3,False,0.18673,157.24,,0.11,1777926623
All Pools,AVAX - TheGospelOfMary,0.3,False,0.18655,158.87,,0.11,1777926623
All Pools,HEFE - CANS,0.3,False,0.18639,4.619,,3.68,1777926623
All Pools,AVAT - AVAX,0.3,False,0.18295,21.61,,0.77,1777926623
All Pools,BrideOfChrist - AVAX,0.3,False,0.18235,89.51,,0.19,1777926623
All Pools,UST - USDC,0.3,False,0.18128,4.638,,3.57,1777926623
All Pools,KIMBO - CANS,0.3,False,0.17951,394.6,,0.04,1777926623
All Pools,Psychic - MerryXmas,0.3,False,0.17869,294.28,,0.06,1777926623
All Pools,DogL - AVAX,0.3,False,0.17868,292.99,,0.06,1777926623
All Pools,Psychic - DogL,0.3,False,0.17834,319.93,,0.05,1777926623
All Pools,USDt - XPOW,0.3,False,0.17549,20.33,,0.79,1777926623
All Pools,DCAU - MIM,0.3,False,0.17214,312.09,,0.05,1777926623
All Pools,BrideOfChrist - FollowTheWhiteRabbit,0.3,False,0.17065,728.06,,0.02,1777926623
All Pools,AMI - TOPIA,0.3,False,0.1697,223.95,,0.07,1777926623
All Pools,AVAX - ZABU,0.3,False,0.16842,30.42,,0.51,1777926623
All Pools,MELT - AVAX,0.3,False,0.16548,25.01,,0.6,1777926623
All Pools,SURE - USDC.e,0.3,False,0.16389,23.72,,0.63,1777926623
All Pools,Chemistry - AVAX,0.3,False,0.16337,89.53,,0.17,1777926623
All Pools,Matter - AVAX,0.3,False,0.16124,80.37,,0.18,1777926623
All Pools,Orange - Matter,0.3,False,0.16089,8945.02,,0.0,1777926623
All Pools,AVAX - NXUSD,0.3,False,0.16006,0.49112,,29.74,1777926623
All Pools,TickTock - AVAX,0.3,False,0.15722,89.36,,0.16,1777926623
All Pools,USDt - APOW,0.3,False,0.15706,20.32,,0.71,1777926623
All Pools,TickTock - Now,0.3,False,0.15701,904.82,,0.02,1777926623
All Pools,DivineFeminine - AVAX,0.3,False,0.15605,6.232,,2.28,1777926623
All Pools,USDC - APOW,0.3,False,0.15562,20.29,,0.7,1777926623
All Pools,gOHM - SB,0.3,False,0.15289,15.43,,0.9,1777926623
All Pools,USDC - XPOW,0.3,False,0.15272,20.36,,0.68,1777926623
All Pools,USDT.e - EXP,0.3,False,0.15189,44253149.0,,,1777926623
All Pools,Beyond - AVAX,0.3,False,0.15096,89.19,,0.15,1777926623
All Pools,Beyond - Orange,0.3,False,0.15067,4399.74,,0.0,1777926623
All Pools,BTC.b - REDWOLF,0.3,False,0.14961,120.6,,0.11,1777926623
All Pools,Christmas - AVAX,0.3,False,0.14789,248.81,,0.05,1777926623
All Pools,AVAX - SDOG,0.3,False,0.14664,10.24,,1.31,1777926623
All Pools,MIM - BLANC,0.3,False,0.14457,8442.71,,0.0,1777926623
All Pools,AVAX - BLANC,0.3,False,0.14456,22.03,,0.6,1777926623
All Pools,Psychic - Miller,0.3,False,0.14392,436.07,,0.03,1777926623
All Pools,Chemistry - Now,0.3,False,0.14346,905.19,,0.01,1777926623
All Pools,TOMB - USDC,0.3,False,0.14135,10.71,,1.2,1777926623
All Pools,FLAKE - USDT.e,0.3,False,0.14133,51.05,,0.25,1777926623
All Pools,FLAKE - AVAX,0.3,False,0.14131,21.5,,0.6,1777926623
All Pools,USDC - SDOG,0.3,False,0.14104,485.42,,0.03,1777926623
All Pools,miMatic - AVAX,0.3,False,0.13976,37.01,,0.34,1777926623
All Pools,LUNA - USDC,0.3,False,0.13932,1.635,,7.77,1777926623
All Pools,METAG - USDt,0.3,False,0.13814,16.19,,0.78,1777926623
All Pools,NOCHILL - MU,0.3,False,0.13678,2.051,,6.08,1777926623
All Pools,WarpSpeed - AVAX,0.3,False,0.13505,139.4,,0.09,1777926623
All Pools,Gravity - WarpSpeed,0.3,False,0.13503,84.89,,0.15,1777926623
All Pools,AVAX - GAU,0.3,False,0.13082,9.2,,1.3,1777926623
All Pools,Light - AVAX,0.3,False,0.12672,89.47,,0.13,1777926623
All Pools,Light - Now,0.3,False,0.12649,905.72,,0.01,1777926623
All Pools,Sanskrit - AVAX,0.3,False,0.12596,89.5,,0.13,1777926623
All Pools,BTC.b - USDC,0.3,False,0.12581,4.71,,2.44,1777926623
All Pools,Sanskrit - Now,0.3,False,0.12567,906.14,,0.01,1777926623
All Pools,AVAX - Strength,0.3,False,0.12529,141.13,,0.08,1777926623
All Pools,FollowTheWhiteRabbit - DivineFeminine,0.3,False,0.12508,677.85,,0.02,1777926623
All Pools,AVAX - Mentor,0.3,False,0.12424,89.11,,0.13,1777926623
All Pools,Now - Mentor,0.3,False,0.1241,902.64,,0.01,1777926623
All Pools,GURS - NOCHILL,0.3,False,0.12274,1.854,,6.04,1777926623
All Pools,YETI - AVAX,0.3,False,0.12008,3309.66,,0.0,1777926623
All Pools,LUNA - USDt,0.3,False,0.11917,1.551,,7.01,1777926623
All Pools,ALOT - USDC.e,0.3,False,0.11815,9.31,,1.16,1777926623
All Pools,LIBRE - USDC.e,0.3,False,0.11688,14.92,,0.71,1777926623
All Pools,Silver - AVAX,0.3,False,0.11351,88.02,,0.12,1777926623
All Pools,Silver - Now,0.3,False,0.11331,907.16,,0.01,1777926623
All Pools,YEEHAW - USDC,0.3,False,0.11154,12.77,,0.8,1777926623
All Pools,MELT - USDT.e,0.3,False,0.1108,30.97,,0.33,1777926623
All Pools,Solar - AVAX,0.3,False,0.10994,89.73,,0.11,1777926623
All Pools,Solar - Now,0.3,False,0.10987,908.37,,0.01,1777926623
All Pools,SOB - LUNA,0.3,False,0.10958,1.385,,7.22,1777926623
All Pools,CNR - USDC,0.3,False,0.10919,4.868,,2.05,1777926623
All Pools,Go - AVAX,0.3,False,0.10838,140.18,,0.07,1777926623
All Pools,UST - UST,0.3,False,0.10733,2.031,,4.82,1777926623
All Pools,Psychic - DéjàVu,0.3,False,0.1071,196.9,,0.05,1777926623
All Pools,KLO - USDT.e,0.3,False,0.10602,5.628,,1.72,1777926623
All Pools,Yellow - AVAX,0.3,False,0.10584,265.35,,0.04,1777926623
All Pools,Blue - AVAX,0.3,False,0.10544,263.16,,0.04,1777926623
All Pools,WINK - NOCHILL,0.3,False,0.10496,0.8321,,11.51,1777926623
All Pools,FollowTheWhiteRabbit - Priory,0.3,False,0.10475,926.26,,0.01,1777926623
All Pools,NineHundred - AVAX,0.3,False,0.10473,140.17,,0.07,1777926623
All Pools,Priory - AVAX,0.3,False,0.10465,76.97,,0.12,1777926623
All Pools,ACS - USDC.e,0.3,False,0.10379,5.512,,1.72,1777926623
All Pools,3QF - D - AVAX,0.3,False,0.10164,1793.54,,0.01,1777926623
All Pools,Uncontractable - AVAX,0.3,False,0.10154,87.94,,0.11,1777926623
All Pools,Uncontractable - Now,0.3,False,0.10137,885.59,,0.01,1777926623
All Pools,3QF - D - WETH.e,0.3,False,0.10135,3176.95,,0.0,1777926623
All Pools,Gold - AVAX,0.3,False,0.10079,89.54,,0.1,1777926623
All Pools,Gold - Now,0.3,False,0.10064,906.43,,0.01,1777926623
All Pools,wsOHM - USDC.e,0.3,False,0.10059,42.54,,0.22,1777926623
All Pools,MAJIN - REDWOLF,0.3,False,0.0999,7.078,,1.29,1777926623
All Pools,JPYC - USDC.e,0.3,False,0.09987,4.802,,1.9,1777926623
All Pools,Hydrogen - AVAX,0.3,False,0.09942,263.11,,0.03,1777926623
All Pools,SLIME - AVAX,0.3,False,0.09841,21828.0,,,1777926623
All Pools,SLIME - USDt,0.3,False,0.09838,7.406,,1.21,1777926623
All Pools,GAS - AVAX,0.3,False,0.09827,231.77,,0.04,1777926623
All Pools,AVAX - Propriety,0.3,False,0.09779,89.19,,0.1,1777926623
All Pools,Now - Propriety,0.3,False,0.09758,904.83,,0.01,1777926623
All Pools,USDC.e - NXUSD,0.3,False,0.09721,1.653,,5.37,1777926623
All Pools,Christmas - Merovingian,0.3,False,0.09712,117.34,,0.08,1777926623
All Pools,Now - Merovingian,0.3,False,0.09665,69.85,,0.13,1777926623
All Pools,Necromancer - AVAX,0.3,False,0.09662,89.31,,0.1,1777926623
All Pools,AVAX - √Root,0.3,False,0.09657,89.21,,0.1,1777926623
All Pools,Now - √Root,0.3,False,0.09645,903.1,,0.01,1777926623
All Pools,Now - Necromancer,0.3,False,0.09644,904.21,,0.01,1777926623
All Pools,AVAX - LuciferMorningstar,0.3,False,0.09639,14.61,,0.6,1777926623
All Pools,ORNG - JUICE,0.3,False,0.09615,2.782,,3.15,1777926623
All Pools,MAJIN - MU,0.3,False,0.09607,4.449,,1.97,1777926623
All Pools,AVAX - NEMO,0.3,False,0.09502,7.833,,1.11,1777926623
All Pools,USDt - NEMO,0.3,False,0.09501,97.16,,0.09,1777926623
All Pools,RUGPULL - MUG,0.3,False,0.09406,186.13,,0.05,1777926623
All Pools,MIM - AUSD,0.3,False,0.09353,35.34,,0.24,1777926623
All Pools,AVAX - STRAW,0.3,False,0.09191,15.71,,0.53,1777926623
All Pools,Psychic - Blue,0.3,False,0.09182,82.29,,0.1,1777926623
All Pools,AVAX - Teste,0.3,False,0.09065,88.51,,0.09,1777926623
All Pools,Now - Teste,0.3,False,0.09051,907.42,,0.01,1777926623
All Pools,Slope - AVAX,0.3,False,0.09039,89.49,,0.09,1777926623
All Pools,JOE - ZABU,0.3,False,0.09038,18.56,,0.44,1777926623
All Pools,Slope - Now,0.3,False,0.0902,904.03,,0.01,1777926623
All Pools,NOCHILL - WAIFU,0.3,False,0.08923,149.92,,0.05,1777926623
All Pools,AVAX - Sinterklaas,0.3,False,0.0884,139.27,,0.06,1777926623
All Pools,DAI.e - STRAW,0.3,False,0.08796,34.1,,0.24,1777926623
All Pools,Strength - Sinterklaas,0.3,False,0.0871,1666.99,,0.0,1777926623
All Pools,Gil - AVAX,0.3,False,0.08705,17.07,,0.47,1777926623
All Pools,aAvaLINK - AVAX,0.3,False,0.08596,9.624,,0.82,1777926623
All Pools,Psychic - Hydrogen,0.3,False,0.08576,82.63,,0.09,1777926623
All Pools,LINK.e - MU,0.3,False,0.08572,7.535,,1.04,1777926623
All Pools,BUSD - USDC,0.3,False,0.08533,7.744,,1.01,1777926623
All Pools,Void - AVAX,0.3,False,0.08497,87.65,,0.09,1777926623
All Pools,Void - Now,0.3,False,0.0848,907.24,,0.01,1777926623
All Pools,BANKSY - USDC.e,0.3,False,0.08457,31.26,,0.25,1777926623
All Pools,BANKSY - AVAX,0.3,False,0.08454,23.32,,0.33,1777926623
All Pools,Gil - DAI.e,0.3,False,0.08329,28.35,,0.27,1777926623
All Pools,AVAX - Nala,0.3,False,0.08269,25.79,,0.29,1777926623
All Pools,PTOP1300 - TOPIA,0.3,False,0.08188,97.29,,0.08,1777926623
All Pools,H2O - AVAX,0.3,False,0.0808,22.58,,0.33,1777926623
All Pools,HEFE - AMI,0.3,False,0.0803,1.898,,3.86,1777926623
All Pools,ZUM - NOCHILL,0.3,False,0.07681,1.176,,5.96,1777926623
All Pools,Psychic - Stolen,0.3,False,0.07658,85.74,,0.08,1777926623
All Pools,BTC.b - MU,0.3,False,0.07421,11.45,,0.59,1777926623
All Pools,WDAO - MIM,0.3,False,0.07373,23.6,,0.29,1777926623
All Pools,WDAO - AVAX,0.3,False,0.07371,19.8,,0.34,1777926623
All Pools,Psychic - Yellow,0.3,False,0.07345,82.88,,0.08,1777926623
All Pools,Miller - AVAX,0.3,False,0.07343,90.95,,0.07,1777926623
All Pools,METAG - USDT.e,0.3,False,0.07317,49.66,,0.13,1777926623
All Pools,RoselineBloodline - AVAX,0.3,False,0.07038,44.37,,0.14,1777926623
All Pools,FollowTheWhiteRabbit - RoselineBloodline,0.3,False,0.07038,41.44,,0.15,1777926623
All Pools,Who - AVAX,0.3,False,0.06981,139.88,,0.05,1777926623
All Pools,NotBrideOfChrist - AVAX,0.3,False,0.06965,68.89,,0.09,1777926623
All Pools,AVAX - Blessing,0.3,False,0.06954,80.23,,0.08,1777926623
All Pools,Now - Blessing,0.3,False,0.0694,807.72,,0.01,1777926623
All Pools,Mungo - AVAX,0.3,False,0.06843,41.27,,0.15,1777926623
All Pools,DéjàVu - Mungo,0.3,False,0.06835,183.44,,0.03,1777926623
All Pools,CNR - USDt,0.3,False,0.06754,4.892,,1.26,1777926623
All Pools,bECH - AVAX,0.3,False,0.06724,21.57,,0.28,1777926623
All Pools,LoveYou - AVAX,0.3,False,0.06682,61.59,,0.1,1777926623
All Pools,LoveYou - Gravity,0.3,False,0.06675,56.78,,0.11,1777926623
All Pools,MIM - GG,0.3,False,0.06542,294.26,,0.02,1777926623
All Pools,AVAX - GG,0.3,False,0.06541,9.522,,0.63,1777926623
All Pools,UNIQOC - AVAX,0.3,False,0.06448,1140.36,,0.01,1777926623
All Pools,UNIQOC - COQ,0.3,False,0.0641,54.69,,0.11,1777926623
All Pools,CHAMP - AMI,0.3,False,0.06366,38.52,,0.15,1777926623
All Pools,MIM - SPELL,0.3,False,0.06293,7.64,,0.75,1777926623
All Pools,ElvisJackpot - BLACK,0.3,False,0.06289,17.72,,0.32,1777926623
All Pools,NotBrideOfChrist - Miller,0.3,False,0.06268,21877.0,,,1777926623
All Pools,MIM - GG,0.3,False,0.06169,23.55,,0.24,1777926623
All Pools,GG - AVAX,0.3,False,0.06169,12.44,,0.45,1777926623
All Pools,wMEMO - AVAX,0.3,False,0.06121,13.84,,0.4,1777926623
All Pools,AVAX - SantaGospel,0.3,False,0.06054,134.04,,0.04,1777926623
All Pools,BrideOfChrist - BLACK,0.3,False,0.06046,33.1,,0.17,1777926623
All Pools,Vaccine - AVAX,0.3,False,0.06022,87.92,,0.06,1777926623
All Pools,Vaccine - Now,0.3,False,0.06018,896.94,,0.01,1777926623
All Pools,FINANCE - NOCHILL,0.3,False,0.05996,445.76,,0.01,1777926623
All Pools,USDR - USDC,0.3,False,0.059,41.05,,0.13,1777926623
All Pools,COQ - AMI,0.3,False,0.0586,14.15,,0.38,1777926623
All Pools,Go - Sinterklaas,0.3,False,0.05835,1660.08,,0.0,1777926623
All Pools,meGNX - AVAX,0.3,False,0.05776,17.67,,0.3,1777926623
All Pools,Stolen - AVAX,0.3,False,0.05757,17.69,,0.3,1777926623
All Pools,wMEMO - MIM,0.3,False,0.05757,20.72,,0.25,1777926623
All Pools,Psychic - Who,0.3,False,0.05636,74.47,,0.07,1777926623
All Pools,MELT - USDC.e,0.3,False,0.05469,31.31,,0.16,1777926623
All Pools,USDC - USDT.e,0.3,False,0.05448,154.46,,0.03,1777926623
All Pools,MPL - USDt,0.3,False,0.05372,30.82,,0.16,1777926623
All Pools,MPL - AVAX,0.3,False,0.0537,6.194,,0.79,1777926623
All Pools,FITFI - USDC,0.3,False,0.0532,0.45139,,10.75,1777926623
All Pools,Apollyon - AVAX,0.3,False,0.05313,36.6,,0.13,1777926623
All Pools,Apollyon - LuciferMorningstar,0.3,False,0.05307,235003480.0,,,1777926623
All Pools,MaryMagdalene - Gravity,0.3,False,0.05279,131.48,,0.04,1777926623
All Pools,SOB - AVAX,0.3,False,0.05099,553.45,,0.01,1777926623
All Pools,FollowTheWhiteRabbit - StatueOfLiberty,0.3,False,0.05092,510.93,,0.01,1777926623
All Pools,StatueOfLiberty - AVAX,0.3,False,0.05089,14.81,,0.31,1777926623
All Pools,DUO - USDT.e,0.3,False,0.0507,7.267,,0.64,1777926623
All Pools,GOLD - AVAX,0.3,False,0.04973,0.00688,,659.92,1777926623
All Pools,Psychic - NineHundred,0.3,False,0.04951,73.64,,0.06,1777926623
All Pools,JOE - ZUBAX,0.3,False,0.04876,9.108,,0.49,1777926623
All Pools,MaryMagdalene - BrideOfChrist,0.3,False,0.04866,119.35,,0.04,1777926623
All Pools,TruthClosure - BLACK,0.3,False,0.0479,25.83,,0.17,1777926623
All Pools,USDT.e - XAVA,0.3,False,0.04783,11.29,,0.39,1777926623
All Pools,DéjàVu - AVAX,0.3,False,0.0476,44.54,,0.1,1777926623
All Pools,MIM - SBR,0.3,False,0.04757,39.99,,0.11,1777926623
All Pools,SBR - AVAX,0.3,False,0.04756,7.374,,0.59,1777926623
All Pools,USDC.e - WOLF,0.3,False,0.04738,8.761,,0.49,1777926623
All Pools,AVAX - WOLF,0.3,False,0.04737,73.98,,0.06,1777926623
All Pools,TrumpTower - AVAX,0.3,False,0.04615,160.66,,0.03,1777926623
All Pools,TrumpTower - Gravity,0.3,False,0.04612,76.22,,0.06,1777926623
All Pools,MIM - NADO,0.3,False,0.04556,1161.81,,0.0,1777926623
All Pools,AVAX - NADO,0.3,False,0.04555,7.76,,0.54,1777926623
All Pools,REDWOLF - SOL,0.3,False,0.04551,75.2,,0.06,1777926623
All Pools,Chrism - ChristMark,0.3,False,0.04539,179.29,,0.02,1777926623
All Pools,Psychic - SantaGospel,0.3,False,0.04497,73.68,,0.06,1777926623
All Pools,USDC.e - UST,0.3,False,0.04487,1.799,,2.28,1777926623
All Pools,MELT - AVAX,0.3,False,0.04478,1140.64,,0.0,1777926623
All Pools,XAUt0 - ElvisJackpot,0.3,False,0.04393,324.76,,0.01,1777926623
All Pools,Trinity - Nala,0.3,False,0.04388,41.0,,0.1,1777926623
All Pools,MIM - LIFE,0.3,False,0.04345,66.81,,0.06,1777926623
All Pools,LIFE - AVAX,0.3,False,0.04345,7.235,,0.55,1777926623
All Pools,USDT.e - TMT,0.3,False,0.04322,25.97,,0.15,1777926623
All Pools,AVAX - TMT,0.3,False,0.04321,7.094,,0.56,1777926623
All Pools,USDC - WSPP,0.3,False,0.04317,44.04,,0.09,1777926623
All Pools,AVAX - WSPP,0.3,False,0.04317,2.991,,1.32,1777926623
All Pools,AVAX - LYLY,0.3,False,0.04317,72.63,,0.05,1777926623
All Pools,WORM - AVAX,0.3,False,0.04314,393.78,,0.01,1777926623
All Pools,MELT - USDC.e,0.3,False,0.04269,7.056,,0.55,1777926623
All Pools,NineHundred - Sinterklaas,0.3,False,0.04268,1659.54,,0.0,1777926623
All Pools,KrisKringle - AVAX,0.3,False,0.04254,26.16,,0.15,1777926623
All Pools,KrisKringle - Gravity,0.3,False,0.04252,77.71,,0.05,1777926623
All Pools,SURE - AVAX,0.3,False,0.04214,7.2,,0.53,1777926623
All Pools,REDWOLF - SHRAP,0.3,False,0.04172,1.136,,3.35,1777926623
All Pools,BENSI - AMI,0.3,False,0.04163,3.35,,1.13,1777926623
All Pools,USDT.e - BOREA,0.3,False,0.04145,26.69,,0.14,1777926623
All Pools,AVAX - BOREA,0.3,False,0.04144,6.733,,0.56,1777926623
All Pools,HIGHER - AVAX,0.3,False,0.04124,1.869,,2.01,1777926623
All Pools,Trinity - Stolen,0.3,False,0.04098,29.77,,0.13,1777926623
All Pools,ICUBE - USDT.e,0.3,False,0.04063,107.83,,0.03,1777926623
All Pools,ICUBE - AVAX,0.3,False,0.04061,6.356,,0.58,1777926623
All Pools,BNB - AVAX,0.3,False,0.04007,4097.9,,,1777926623
All Pools,ELE - AVAX,0.3,False,0.03992,124.38,,0.03,1777926623
All Pools,aAvaLINK - meGNX,0.3,False,0.03978,10.66,,0.34,1777926623
All Pools,PNG - REDWOLF,0.3,False,0.03926,4.255,,0.84,1777926623
All Pools,TEDDY - AVAX,0.3,False,0.03907,16.83,,0.21,1777926623
All Pools,Psychic - Nala,0.3,False,0.03884,269.8,,0.01,1777926623
All Pools,HOWDY - NOCHILL,0.3,False,0.03829,1.08,,3.24,1777926623
All Pools,Psychic - Christmas,0.3,False,0.03786,43.97,,0.08,1777926623
All Pools,USDC - MXNB,0.3,False,0.03766,27.43,,0.13,1777926623
All Pools,MIM - DAI.e,0.3,False,0.03737,52.21,,0.07,1777926623
All Pools,HEFE - HIGHER,0.3,False,0.0371,0.95975,,3.53,1777926623
All Pools,RACEX - MUG,0.3,False,0.03645,179.2,,0.02,1777926623
All Pools,Psychic - Go,0.3,False,0.03616,73.92,,0.04,1777926623
All Pools,BTC.b - yyAVAX,0.3,False,0.03597,5.601,,0.59,1777926623
All Pools,Four - AVAX,0.3,False,0.03542,74.54,,0.04,1777926623
All Pools,TRYB - USDC.e,0.3,False,0.03523,31.37,,0.1,1777926623
All Pools,wALGO - AVAX,0.3,False,0.03482,163.28,,0.02,1777926623
All Pools,wALGO - USDC,0.3,False,0.03481,2.838,,1.12,1777926623
All Pools,WLRS - USDC.e,0.3,False,0.03471,4521.9,,,1777926623
All Pools,gOHM - JOE,0.3,False,0.03465,3.887,,0.81,1777926623
All Pools,DrainTheSwamp - AVAX,0.3,False,0.03457,37.59,,0.08,1777926623
All Pools,LOST - AVAX,0.3,False,0.03381,1659.22,,0.0,1777926623
All Pools,OH - AVAX,0.3,False,0.03315,93.73,,0.03,1777926623
All Pools,Satoshi - AVAX,0.3,False,0.03258,19.16,,0.16,1777926623
All Pools,Satoshi - Gravity,0.3,False,0.03255,54.97,,0.05,1777926623
All Pools,3ULL - AVAX,0.3,False,0.03253,47.74,,0.06,1777926623
All Pools,AVAX - HustleTappers,0.3,False,0.03198,55.61,,0.05,1777926623
All Pools,Gravity - HustleTappers,0.3,False,0.03197,24.02,,0.12,1777926623
All Pools,ChristMark - ChristIAmYou,0.3,False,0.03168,26.11,,0.11,1777926623
All Pools,SHERPA - AVAX,0.3,False,0.03168,130.59,,0.02,1777926623
All Pools,WETH.e - USDR,0.3,False,0.03153,2.808,,1.02,1777926623
All Pools,MerryXmas - ChristMark,0.3,False,0.03151,80.08,,0.04,1777926623
All Pools,Christmas - Xmas,0.3,False,0.03149,74.28,,0.04,1777926623
All Pools,RUG - USDT.e,0.3,False,0.03129,14.73,,0.19,1777926623
All Pools,FatherChristmas - AVAX,0.3,False,0.03088,53.41,,0.05,1777926623
All Pools,FatherChristmas - Gravity,0.3,False,0.03082,21.71,,0.13,1777926623
All Pools,LoveIsTheKey - AVAX,0.3,False,0.02975,14.98,,0.18,1777926623
All Pools,Milk - USDT.e,0.3,False,0.02966,14.42,,0.19,1777926623
All Pools,Milk - AVAX,0.3,False,0.02964,6.635,,0.41,1777926623
All Pools,WhollySphere - AVAX,0.3,False,0.02957,50.82,,0.05,1777926623
All Pools,WhollySphere - Gravity,0.3,False,0.02957,22.91,,0.12,1777926623
All Pools,GMX - USDC,0.3,False,0.02887,0.91722,,2.87,1777926623
All Pools,AVAX - Vaccinations,0.3,False,0.02865,18.4,,0.14,1777926623
All Pools,Gravity - Vaccinations,0.3,False,0.02863,61.67,,0.04,1777926623
All Pools,FITFI - USDC.e,0.3,False,0.02855,0.24314,,10.71,1777926623
All Pools,BTC.b - GMX,0.3,False,0.02849,1.584,,1.64,1777926623
All Pools,WINK - MU,0.3,False,0.02809,0.46278,,5.54,1777926623
All Pools,USDT.e - GOT,0.3,False,0.02805,12.82,,0.2,1777926623
All Pools,AVAX - GOT,0.3,False,0.02804,5.251,,0.49,1777926623
All Pools,Nakamoto - AVAX,0.3,False,0.02779,18.41,,0.14,1777926623
All Pools,Gravity - Nakamoto,0.3,False,0.02778,61.84,,0.04,1777926623
All Pools,MerryChristmas - AVAX,0.3,False,0.02774,18.44,,0.14,1777926623
All Pools,MerryChristmas - Gravity,0.3,False,0.02772,61.89,,0.04,1777926623
All Pools,AVAX - IMPACT,0.3,False,0.02771,6.287,,0.4,1777926623
All Pools,USDt - IMPACT,0.3,False,0.0277,3.363,,0.75,1777926623
All Pools,XIO - AVAX,0.3,False,0.02739,2.82,,0.89,1777926623
All Pools,XIO - USDC,0.3,False,0.02739,24.52,,0.1,1777926623
All Pools,WETH.e - yyAVAX,0.3,False,0.02716,19.4,,0.13,1777926623
All Pools,WOLF - USDT.e,0.3,False,0.02658,4.101,,0.59,1777926623
All Pools,WOLF - AVAX,0.3,False,0.02657,71.26,,0.03,1777926623
All Pools,USDC.e - SPADE,0.3,False,0.02656,16.13,,0.15,1777926623
All Pools,AVAX - SPADE,0.3,False,0.02655,6.055,,0.4,1777926623
All Pools,3ULL - USDt,0.3,False,0.02632,2.541,,0.95,1777926623
All Pools,HEFE - Always,0.3,False,0.02619,0.95499,,2.5,1777926623
All Pools,Trinity - Sinterklaas,0.3,False,0.02607,26.05,,0.09,1777926623
All Pools,CodexKennyMin - AVAX,0.3,False,0.02584,24.99,,0.09,1777926623
All Pools,AVAX - USDR,0.3,False,0.02575,2.986,,0.79,1777926623
All Pools,BSGG - AVAX,0.3,False,0.02566,3.864,,0.61,1777926623
All Pools,USDT.e - AVVO,0.3,False,0.02518,4.063,,0.57,1777926623
All Pools,QI - LYLY,0.3,False,0.02514,2.704,,0.85,1777926623
All Pools,BNZ - WINK,0.3,False,0.02506,0.42404,,5.39,1777926623
All Pools,TruthClosure - AVAX,0.3,False,0.02478,11.59,,0.2,1777926623
All Pools,NOCHILL - ARENA,0.3,False,0.02471,0.41434,,5.44,1777926623
All Pools,Psychic - Strength,0.3,False,0.02436,74.63,,0.03,1777926623
All Pools,WalkTheWalkNowJesus - AVAX,0.3,False,0.02426,24.88,,0.09,1777926623
All Pools,WalkTheWalkNowJesus - Gravity,0.3,False,0.02425,25.38,,0.09,1777926623
All Pools,AAVE.e - USDT.e,0.3,False,0.02414,2.587,,0.85,1777926623
All Pools,AVAX - Ouroboros,0.3,False,0.02387,21.71,,0.1,1777926623
All Pools,ARENA - MU,0.3,False,0.02386,3.334,,0.65,1777926623
All Pools,AVAX - LookingGlass,0.3,False,0.02345,16.15,,0.13,1777926623
All Pools,Gravity - McdonaldTrouped,0.3,False,0.02344,22.85,,0.09,1777926623
All Pools,McdonaldTrouped - AVAX,0.3,False,0.02343,50.67,,0.04,1777926623
All Pools,Gravity - LookingGlass,0.3,False,0.02339,182.57,,0.01,1777926623
All Pools,Wingdings - Gravity,0.3,False,0.02318,21.84,,0.1,1777926623
All Pools,Wingdings - AVAX,0.3,False,0.02318,50.81,,0.04,1777926623
All Pools,FollowTheWhiteRabbit - TruthClosure,0.3,False,0.02314,45.61,,0.05,1777926623
All Pools,DrainTheSwamp - Gravity,0.3,False,0.02254,22.52,,0.09,1777926623
All Pools,USDC.e - RUG,0.3,False,0.02228,24.84,,0.08,1777926623
All Pools,SMRT - XAVA,0.3,False,0.02228,2.895,,0.7,1777926623
All Pools,YAK - JOE,0.3,False,0.02227,1.222,,1.66,1777926623
All Pools,MU - WAIFU,0.3,False,0.02155,100.09,,0.02,1777926623
All Pools,KOKSAL - AVAX,0.3,False,0.02125,3.545,,0.55,1777926623
All Pools,KOKSAL - USDC,0.3,False,0.02124,4.784,,0.41,1777926623
All Pools,Gravity - ChristMark,0.3,False,0.02123,15.42,,0.13,1777926623
All Pools,AVAX - EROL,0.0,False,0.02116,75.14,0.0,0.0,1777926623
All Pools,$AVA - AVAX,0.3,False,0.02112,536.78,,0.0,1777926623
All Pools,bCASH - LINK.e,0.3,False,0.0209,381.23,,0.01,1777926623
All Pools,HIGHER - NOCHILL,0.3,False,0.02039,0.32647,,5.7,1777926623
All Pools,XOMB - USDT.e,0.3,False,0.02023,2.412,,0.77,1777926623
All Pools,CodexKennyMin - FollowTheWhiteRabbit,0.3,False,0.02023,21.86,,0.08,1777926623
All Pools,XOMB - AVAX,0.3,False,0.02022,21.45,,0.09,1777926623
All Pools,ARA - AVAX,0.3,False,0.02021,2.841,,0.65,1777926623
All Pools,BGLD - USDT.e,0.3,False,0.02019,16.91,,0.11,1777926623
All Pools,BGLD - AVAX,0.3,False,0.02019,4.37,,0.42,1777926623
All Pools,WOLF - MU,0.3,False,0.02016,5.168,,0.36,1777926623
All Pools,AVAX - SwiftTaylor,0.3,False,0.01992,14.67,,0.12,1777926623
All Pools,CNR - AVAX,0.3,False,0.01989,62.09,,0.03,1777926623
All Pools,MUMO - USDC,0.3,False,0.01967,8.281,,0.22,1777926623
All Pools,HCT - AVAX,0.3,False,0.01957,3.382,,0.53,1777926623
All Pools,COQ - REDWOLF,0.3,False,0.01948,12.39,,0.14,1777926623
All Pools,COQ - KOVIN,0.3,False,0.01937,13.04,,0.14,1777926623
All Pools,KOVIN - AVAX,0.3,False,0.01932,3197.01,,,1777926623
All Pools,AVAX - TT,0.3,False,0.01921,1.93,,0.91,1777926623
All Pools,ACS - USDt,0.3,False,0.0191,0.99763,,1.75,1777926623
All Pools,BTC.b - MUMO,0.3,False,0.0191,4.856,,0.36,1777926623
All Pools,Christmas - Yellow,0.3,False,0.01863,965.09,,0.0,1777926623
All Pools,KIWI - USDt,0.3,False,0.01819,20.57,,0.08,1777926623
All Pools,COQ - LYLY,0.3,False,0.01807,15.37,,0.11,1777926623
All Pools,QI - REDWOLF,0.3,False,0.0179,1.565,,1.04,1777926623
All Pools,Four - Found,0.3,False,0.01773,1847.7,,,1777926623
All Pools,AVAX - DUA,0.3,False,0.01747,2.079,,0.77,1777926623
All Pools,DUA - USDC,0.3,False,0.01746,11.62,,0.14,1777926623
All Pools,USDT.e - iBONE,0.3,False,0.01746,4.81,,0.33,1777926623
All Pools,AVAX - iBONE,0.3,False,0.01746,5.423,,0.29,1777926623
All Pools,ILoveYouWordSpell - AVAX,0.3,False,0.01745,18.24,,0.09,1777926623
All Pools,ILoveYouWordSpell - Gravity,0.3,False,0.01744,101.84,,0.02,1777926623
All Pools,JOE - CRA,0.3,False,0.01742,11.03,,0.14,1777926623
All Pools,SodomAndGomorrah - AVAX,0.3,False,0.01741,19.24,,0.08,1777926623
All Pools,Trinity - SodomAndGomorrah,0.3,False,0.0174,22.66,,0.07,1777926623
All Pools,COQ - MU,0.3,False,0.01711,4.583,,0.34,1777926623
All Pools,GRELF[ava] - AVAX,0.3,False,0.01701,1155.38,,0.0,1777926623
All Pools,AVAX - LAST,0.3,False,0.017,1046.83,,0.0,1777926623
All Pools,aDXN - aXEN,0.3,False,0.01677,0.63818,,2.4,1777926623
All Pools,MU - COQAI,0.3,False,0.01654,6.549,,0.23,1777926623
All Pools,ZH - JOE,0.3,False,0.01619,2.812,,0.53,1777926623
All Pools,ZH - USDC.e,0.3,False,0.01619,22.91,,0.06,1777926623
All Pools,LoveIsTheKey - BLACK,0.3,False,0.01585,7.908,,0.18,1777926623
All Pools,Trinity - Yeshua,0.3,False,0.01563,34.56,,0.04,1777926623
All Pools,AVAX - Yeshua,0.3,False,0.01562,29.37,,0.05,1777926623
All Pools,BLACK - SantaGospel,0.3,False,0.01547,4.779,,0.3,1777926623
All Pools,FTOMB - AVAX,0.3,False,0.01534,10227.0,,,1777926623
All Pools,ValentinMidwifes - Gravity,0.3,False,0.01531,38.62,,0.04,1777926623
All Pools,WETH.e - MU,0.3,False,0.01524,2.07,,0.67,1777926623
All Pools,AVAX - GematrixDotOrg,0.3,False,0.01479,16.61,,0.08,1777926623
All Pools,Gravity - GematrixDotOrg,0.3,False,0.01476,12.91,,0.1,1777926623
All Pools,TokenZ - USDC,0.3,False,0.01466,3.799,,0.35,1777926623
All Pools,TokenZ - AVAX,0.3,False,0.01465,2.412,,0.55,1777926623
All Pools,RUGG - AVAX,0.3,False,0.01454,350.46,,0.0,1777926623
All Pools,GOOD - GAINS,0.3,False,0.01432,3.784,,0.35,1777926623
All Pools,BTC.b - SOB,0.3,False,0.01431,1.133,,1.15,1777926623
All Pools,GOOD - AVAX,0.3,False,0.01427,152.22,,0.01,1777926623
All Pools,SUB - AVAX,0.3,False,0.01422,20.98,,0.06,1777926623
All Pools,AUSD - HUSKY,0.3,False,0.01412,0.74769,,1.72,1777926623
All Pools,USDC - COSMIC,0.3,False,0.01409,54.57,,0.02,1777926623
All Pools,AVAX - COSMIC,0.3,False,0.01408,1.256,,1.02,1777926623
All Pools,LoveIsTheKey - FollowTheWhiteRabbit,0.3,False,0.01391,64.38,,0.02,1777926623
All Pools,Strength - BLACK,0.3,False,0.01388,4.812,,0.26,1777926623
All Pools,Go - BLACK,0.3,False,0.01385,4.808,,0.26,1777926623
All Pools,AVAX - Wormwood,0.3,False,0.0138,17.07,,0.07,1777926623
All Pools,Gravity - Wormwood,0.3,False,0.0138,15.34,,0.08,1777926623
All Pools,AVAX - WOHM,0.3,False,0.01376,3.375,,0.37,1777926623
All Pools,MIM - WOHM,0.3,False,0.01375,85.91,,0.01,1777926623
All Pools,AVAX - SantaClaus,0.3,False,0.01372,24.72,,0.05,1777926623
All Pools,Gravity - SantaClaus,0.3,False,0.01371,11.85,,0.11,1777926623
All Pools,USDV - REDWOLF,0.3,False,0.01367,18.16,,0.07,1777926623
All Pools,Yellow - BLACK,0.3,False,0.01364,4.842,,0.26,1777926623
All Pools,AVAX - LoveWins,0.3,False,0.01352,7.795,,0.16,1777926623
All Pools,FollowTheWhiteRabbit - LoveWins,0.3,False,0.01352,151.25,,0.01,1777926623
All Pools,AVAX - LODE,0.3,False,0.01352,1.028,,1.2,1777926623
All Pools,Hydrogen - BLACK,0.3,False,0.01349,4.857,,0.25,1777926623
All Pools,USDC - AMI,0.3,False,0.01348,0.66797,,1.84,1777926623
All Pools,Blue - BLACK,0.3,False,0.01342,4.86,,0.25,1777926623
All Pools,QI - USDC.e,0.3,False,0.0134,0.80301,,1.52,1777926623
All Pools,UST - WINE,0.3,False,0.01336,0.91165,,1.34,1777926623
All Pools,XAVA - HON,0.3,False,0.01336,1.877,,0.65,1777926623
All Pools,Who - BLACK,0.3,False,0.01335,4.806,,0.25,1777926623
All Pools,MIM - RUG,0.3,False,0.01335,22.85,,0.05,1777926623
All Pools,3AC - NOCHILL,0.3,False,0.01329,0.17383,,6.98,1777926623
All Pools,Gravity - Ouroboros,0.3,False,0.01324,30.34,,0.04,1777926623
All Pools,Stolen - BLACK,0.3,False,0.01323,5.399,,0.22,1777926623
All Pools,AVAX - ETH,0.3,False,0.01321,16.7,,0.07,1777926623
All Pools,AVAX - Always,0.3,False,0.01314,0.60786,,1.97,1777926623
All Pools,aAvaLINK - LINK.e,0.3,False,0.01313,1.878,,0.64,1777926623
All Pools,aDXN - AVAX,0.3,False,0.0131,3.658,,0.33,1777926623
All Pools,AAVE.e - meGNX,0.3,False,0.0131,4.06,,0.29,1777926623
All Pools,Trinity - SwiftTaylor,0.3,False,0.01292,17.7,,0.07,1777926623
All Pools,CAI - AMI,0.3,False,0.01268,0.51543,,2.25,1777926623
All Pools,AVAX - GrinchKidAfflict,0.3,False,0.01267,43.34,,0.03,1777926623
All Pools,Gravity - GrinchKidAfflict,0.3,False,0.01266,9.099,,0.13,1777926623
All Pools,MIM - WINE,0.3,False,0.01263,3094.21,,,1777926623
All Pools,ARENA - AMI,0.3,False,0.01256,1.394,,0.82,1777926623
All Pools,NineHundred - BLACK,0.3,False,0.01246,4.82,,0.24,1777926623
All Pools,AVAX - MUG,0.3,False,0.01231,1.211,,0.93,1777926623
All Pools,DrainTheSwamp - FollowTheWhiteRabbit,0.3,False,0.01203,10.98,,0.1,1777926623
All Pools,AVAX - WINE,0.3,False,0.012,0.66877,,1.64,1777926623
All Pools,AVAX - BAVA,0.3,False,0.01171,11.39,,0.09,1777926623
All Pools,WETH.e - STATIK,0.3,False,0.0115,1.37,,0.77,1777926623
All Pools,Anon - USDC,0.3,False,0.01142,1.044,,1.0,1777926623
All Pools,Orange - BLACK,0.3,False,0.01116,4.081,,0.25,1777926623
All Pools,Wormhole - AVAX,0.3,False,0.01116,103.9,,0.01,1777926623
All Pools,Trinity - Wormhole,0.3,False,0.01115,6.182,,0.16,1777926623
All Pools,AVAX - EROL,0.3,False,0.01112,39.67,,0.03,1777926623
All Pools,Orem - AVAX,0.3,False,0.01095,104.0,,0.01,1777926623
All Pools,Trinity - Orem,0.3,False,0.01094,6.187,,0.16,1777926623
All Pools,COQ - MCV,0.3,False,0.01085,9.79,,0.1,1777926623
All Pools,MCV - AVAX,0.3,False,0.01082,400.59,,0.0,1777926623
All Pools,JOE - USDt,0.3,False,0.01076,0.84036,,1.17,1777926623
All Pools,HIGHER - HOWDY,0.3,False,0.01071,1.532,,0.64,1777926623
All Pools,BNZ - AVAX,0.3,False,0.01045,62.12,,0.02,1777926623
All Pools,Psychic - Turtle,0.3,False,0.01041,61.39,,0.02,1777926623
All Pools,AVAX - EDG,0.3,False,0.0104,3.13,,0.3,1777926623
All Pools,MIM - EDG,0.3,False,0.01039,7.843,,0.12,1777926623
All Pools,Chrism - BLACK,0.3,False,0.01038,2.381,,0.4,1777926623
All Pools,JOE - aXEN,0.3,False,0.01016,0.24716,,3.75,1777926623
All Pools,AVAX - OK,0.3,False,0.01014,1.954,,0.47,1777926623
All Pools,AVAX - NORTH,0.3,False,0.01013,2.114,,0.44,1777926623
All Pools,USDT.e - NORTH,0.3,False,0.01011,26.67,,0.03,1777926623
All Pools,DivineFeminine - ValentinMidwifes,0.3,False,0.00987,40.75,,0.02,1777926623
All Pools,CATWIF - MAJIN,0.3,False,0.00979,0.85655,,1.04,1777926623
All Pools,XETA - AVAX,0.3,False,0.0096,0.24773,,3.54,1777926623
All Pools,TRACTOR - USDT.e,0.3,False,0.00958,1.979,,0.44,1777926623
All Pools,LUNA - USDC,0.3,False,0.00952,0.13712,,6.34,1777926623
All Pools,Psychic - Mirror,0.3,False,0.00949,61.36,,0.01,1777926623
All Pools,APOW - MU,0.3,False,0.00934,3.532,,0.24,1777926623
All Pools,wsOHM - OTWO,0.3,False,0.00919,3.65,,0.23,1777926623
All Pools,gOHM - OTWO,0.3,False,0.0091,88789.0,,,1777926623
All Pools,Evergreen - AVAX,0.3,False,0.00905,25.28,,0.03,1777926623
All Pools,AVAX - VYBE,0.3,False,0.00904,3.269,,0.25,1777926623
All Pools,MIM - VYBE,0.3,False,0.00903,3.727,,0.22,1777926623
All Pools,Evergreen - Gravity,0.3,False,0.00902,4.741,,0.17,1777926623
All Pools,LUNA - UST,0.3,False,0.00902,0.09479,,8.68,1777926623
All Pools,YAK - SPORE,0.3,False,0.00891,6.239,,0.13,1777926623
All Pools,MU - SOL,0.3,False,0.0089,1.331,,0.61,1777926623
All Pools,HIGHER - AMI,0.3,False,0.00889,3.313,,0.24,1777926623
All Pools,AVAX - TUSK,0.3,False,0.0088,2.489,,0.32,1777926623
All Pools,USDC.e - TUSK,0.3,False,0.00879,9.711,,0.08,1777926623
All Pools,USDC.e - BAVA,0.3,False,0.00858,2.941,,0.27,1777926623
All Pools,GAINS - Degen,0.3,False,0.00856,2.057,,0.38,1777926623
All Pools,COQ - SNP,0.3,False,0.00855,26.65,,0.03,1777926623
All Pools,SYN - USDC.e,0.3,False,0.00854,1.218,,0.64,1777926623
All Pools,SNP - AVAX,0.3,False,0.00853,11.58,,0.07,1777926623
All Pools,Degen - AVAX,0.3,False,0.00853,2014.57,,,1777926623
All Pools,AVAX - HOST,0.3,False,0.00845,1.943,,0.4,1777926623
All Pools,VSO - AVAX,0.3,False,0.00834,97.44,,0.01,1777926623
All Pools,KOVIN - MU,0.3,False,0.00822,3.076,,0.24,1777926623
All Pools,XPOW - AVAX,0.3,False,0.00818,119.23,,0.01,1777926623
All Pools,XPOW - USDt,0.3,False,0.00817,1.394,,0.53,1777926623
All Pools,BENIS - AVAX,0.3,False,0.00811,15.56,,0.05,1777926623
All Pools,HOST - DAI.e,0.3,False,0.00808,2.991,,0.25,1777926623
All Pools,AVAX - Kryptonite,0.3,False,0.00795,103.67,,0.01,1777926623
All Pools,Trinity - Kryptonite,0.3,False,0.00793,6.194,,0.12,1777926623
All Pools,WBTC.e - USDC,0.3,False,0.00791,0.2103,,3.43,1777926623
All Pools,Psychic - Oracle,0.3,False,0.00791,61.39,,0.01,1777926623
All Pools,AAVE.e - USDC.e,0.3,False,0.00789,1.254,,0.57,1777926623
All Pools,JOE - QI,0.3,False,0.00784,0.93297,,0.77,1777926623
All Pools,AI9000 - AVAX,0.3,False,0.00782,303.45,,0.0,1777926623
All Pools,Psychic - Penny,0.3,False,0.00771,61.39,,0.01,1777926623
All Pools,AprilFoolsDay - AVAX,0.3,False,0.00768,103.84,,0.01,1777926623
All Pools,Trinity - AprilFoolsDay,0.3,False,0.00767,6.208,,0.11,1777926623
All Pools,MU - MUG,0.3,False,0.00765,2431.34,,,1777926623
All Pools,AVAX - AXIAL,0.3,False,0.00764,1036.08,,,1777926623
All Pools,AKA - AVAX,0.3,False,0.00754,2.263,,0.3,1777926623
All Pools,AKA - USDt,0.3,False,0.00754,2.922,,0.24,1777926623
All Pools,WITCH - AVAX,0.3,False,0.00728,2.765,,0.24,1777926623
All Pools,WITCH - USDC,0.3,False,0.00728,1.718,,0.39,1777926623
All Pools,GAINS - BOBS,0.3,False,0.00724,2.273,,0.29,1777926623
All Pools,AVAX - BOBS,0.3,False,0.00722,5506.34,,,1777926623
All Pools,Psychic - daVinci,0.3,False,0.00714,61.39,,0.01,1777926623
All Pools,Psychic - Gematria,0.3,False,0.00713,61.39,,0.01,1777926623
All Pools,Psychic - RefZip,0.3,False,0.00712,61.39,,0.01,1777926623
All Pools,Psychic - Qubit,0.3,False,0.0071,61.35,,0.01,1777926623
All Pools,Psychic - Blessings,0.3,False,0.00708,61.35,,0.01,1777926623
All Pools,NotBrideOfChrist - SwiftTaylor,0.3,False,0.00701,51.8,,0.01,1777926623
All Pools,Psychic - TrumpCard,0.3,False,0.00699,61.4,,0.01,1777926623
All Pools,Choice - Psychic,0.3,False,0.00698,61.36,,0.01,1777926623
All Pools,DCAR - AVAX,0.3,False,0.00689,1.095,,0.57,1777926623
All Pools,DCAR - USDC,0.3,False,0.00688,55.81,,0.01,1777926623
All Pools,STOMB - AVAX,0.3,False,0.00683,7922.42,,,1777926623
All Pools,KIMBO - GAINS,0.3,False,0.00683,1.377,,0.45,1777926623
All Pools,Psychic - TheArcher,0.3,False,0.00681,61.39,,0.01,1777926623
All Pools,Psychic - Artemis,0.3,False,0.00678,61.34,,0.01,1777926623
All Pools,Trinity - FourFourFour,0.3,False,0.00671,4.958,,0.12,1777926623
All Pools,USDC - MU,0.3,False,0.00665,0.34371,,1.76,1777926623
All Pools,LYD - REDWOLF,0.3,False,0.00661,4.782,,0.13,1777926623
All Pools,YAK - USDT.e,0.3,False,0.00659,0.54944,,1.09,1777926623
All Pools,Psychic - Six,0.3,False,0.00657,61.39,,0.01,1777926623
All Pools,Psychic - Nine,0.3,False,0.00654,61.37,,0.01,1777926623
All Pools,Psychic - ElmoSunkGematria,0.3,False,0.00652,61.4,,0.01,1777926623
All Pools,Spider - Psychic,0.3,False,0.0065,61.35,,0.01,1777926623
All Pools,Psychic - Zero,0.3,False,0.00648,61.37,,0.01,1777926623
All Pools,NXPC - USDC,0.3,False,0.00643,0.72007,,0.81,1777926623
All Pools,USV - AVAX,0.3,False,0.0064,1.152,,0.51,1777926623
All Pools,gOHM - USDT.e,0.3,False,0.00632,0.60098,,0.96,1777926623
All Pools,Psychic - Lock,0.3,False,0.00631,61.37,,0.01,1777926623
All Pools,MIM - SMRT,0.3,False,0.0063,1.672,,0.34,1777926623
All Pools,COQ - ARENA,0.3,False,0.0063,1.24,,0.46,1777926623
All Pools,SNTA - MIM,0.3,False,0.00622,0.99301,,0.57,1777926623
All Pools,Psychic - KekiusMaximus,0.3,False,0.0062,61.39,,0.01,1777926623
All Pools,GMX - USDt,0.3,False,0.00618,0.38038,,1.48,1777926623
All Pools,Psychic - SevenSevenSeven,0.3,False,0.00617,61.4,,0.01,1777926623
All Pools,Psychic - BirthingCode,0.3,False,0.0061,61.4,,0.01,1777926623
All Pools,Flection - Psychic,0.3,False,0.00607,61.4,,0.01,1777926623
All Pools,Psychic - LordJesusChrist,0.3,False,0.00602,58.81,,0.01,1777926623
All Pools,Psychic - Diamonds,0.3,False,0.006,61.39,,0.01,1777926623
All Pools,HATCHY - AMI,0.3,False,0.00596,4.411,,0.12,1777926623
All Pools,Psychic - Numbers,0.3,False,0.00595,61.39,,0.01,1777926623
All Pools,SYN - REDWOLF,0.3,False,0.00594,2.609,,0.21,1777926623
All Pools,Psychic - Crypt,0.3,False,0.00591,61.34,,0.01,1777926623
All Pools,USDC - OK,0.3,False,0.0059,1.187,,0.45,1777926623
All Pools,Psychic - Luck,0.3,False,0.00589,61.4,,0.01,1777926623
All Pools,GMX - JOE,0.3,False,0.00588,0.42845,,1.25,1777926623
All Pools,Psychic - Thick,0.3,False,0.00587,61.37,,0.01,1777926623
All Pools,Psychic - Bonfire,0.3,False,0.00587,61.39,,0.01,1777926623
All Pools,Psychic - PennyTrinity,0.3,False,0.00585,61.41,,0.01,1777926623
All Pools,AVAX - Gaza,0.3,False,0.0058,3.19,,0.17,1777926623
All Pools,Trinity - Gaza,0.3,False,0.00579,3.767,,0.14,1777926623
All Pools,Psychic - WhoWhoWho,0.3,False,0.00577,61.36,,0.01,1777926623
All Pools,USDt - USDC.e,0.3,False,0.00574,14.21,,0.04,1777926623
All Pools,Psychic - Alphabet,0.3,False,0.00568,61.4,,0.01,1777926623
All Pools,SatoshiNakamoto - Psychic,0.3,False,0.00566,61.39,,0.01,1777926623
All Pools,AVAI - USDC.e,0.3,False,0.00561,33.62,,0.02,1777926623
All Pools,MIM - SDOG,0.3,False,0.00561,318.43,,0.0,1777926623
All Pools,CodexKennyMin - Gravity,0.3,False,0.0056,21.35,,0.02,1777926623
All Pools,WINK - AMI,0.3,False,0.00558,0.10539,,4.83,1777926623
All Pools,AVAX - DWC,0.3,False,0.00555,6036.79,,,1777926623
All Pools,USDC.e - SMRT,0.3,False,0.00554,2.219,,0.23,1777926623
All Pools,DWC - MU,0.3,False,0.00554,3.478,,0.15,1777926623
All Pools,Psychic - Codes,0.3,False,0.00554,61.4,,0.01,1777926623
All Pools,CATWIF - MU,0.3,False,0.00552,3.609,,0.14,1777926623
All Pools,AVAX - QUASI,0.3,False,0.00547,591.38,,,1777926623
All Pools,ValentinMidwifes - AVAX,0.3,False,0.00547,2.365,,0.21,1777926623
All Pools,Psychic - Architect,0.3,False,0.00546,61.39,,0.01,1777926623
All Pools,TEMPO - AVAX,0.3,False,0.00545,1.067,,0.47,1777926623
All Pools,GAINS - QUASI,0.3,False,0.00544,1.423,,0.35,1777926623
All Pools,MIM - TEMPO,0.3,False,0.00544,6.666,,0.07,1777926623
All Pools,AVAX - WISE,0.3,False,0.00544,2.809,,0.18,1777926623
All Pools,Psychic - OneOneOne,0.3,False,0.00543,61.39,,0.01,1777926623
All Pools,USDC.e - WISE,0.3,False,0.00543,7.128,,0.07,1777926623
All Pools,Psychic - Gematria,0.3,False,0.00539,61.39,,0.01,1777926623
All Pools,Psychic - TwinFlames,0.3,False,0.00538,62.09,,0.01,1777926623
All Pools,Psychic - Verse,0.3,False,0.00537,61.36,,0.01,1777926623
All Pools,Psychic - Solved,0.3,False,0.00532,61.39,,0.01,1777926623
All Pools,Eye - Psychic,0.3,False,0.00532,61.39,,0.01,1777926623
All Pools,Hollywood - Ouroboros,0.3,False,0.00531,13.04,,0.04,1777926623
All Pools,3ULL - USDC,0.3,False,0.00529,0.65659,,0.74,1777926623
All Pools,Psychic - Finish,0.3,False,0.00527,61.35,,0.01,1777926623
All Pools,Psychic - Confusion,0.3,False,0.00527,61.39,,0.01,1777926623
All Pools,Psychic - Line,0.3,False,0.00524,62.16,,0.01,1777926623
All Pools,Psychic - BiTonic,0.3,False,0.00524,61.4,,0.01,1777926623
All Pools,Loyalty - Psychic,0.3,False,0.00524,61.35,,0.01,1777926623
All Pools,Psychic - IAmThatIAm,0.3,False,0.00523,61.39,,0.01,1777926623
All Pools,MEOW - MU,0.3,False,0.00521,1.586,,0.3,1777926623
All Pools,FiveTwelveThirteen - AVAX,0.3,False,0.00521,5.199,,0.09,1777926623
All Pools,ElkeNevusRome - AVAX,0.3,False,0.00521,13.04,,0.04,1777926623
All Pools,Psychic - YouAndI,0.3,False,0.00521,61.39,,0.01,1777926623
All Pools,COQ - MICRO,0.3,False,0.0052,3.768,,0.13,1777926623
All Pools,ElkeNevusRome - Gravity,0.3,False,0.00519,4.935,,0.1,1777926623
All Pools,FiveTwelveThirteen - Gravity,0.3,False,0.00519,6.852,,0.07,1777926623
All Pools,ETHM - AVAX,0.3,False,0.00518,27.31,,0.02,1777926623
All Pools,AVAX - MICRO,0.3,False,0.00518,23.81,,0.02,1777926623
All Pools,GAINS - COQ,0.3,False,0.0051,2.047,,0.23,1777926623
All Pools,WLRS - USDC,0.3,False,0.00501,4.01,,0.11,1777926623
All Pools,COQ - JUICY,0.3,False,0.00487,0.71518,,0.62,1777926623
All Pools,TrueLove - AVAX,0.3,False,0.0048,12.9,,0.03,1777926623
All Pools,TrueLove - Gravity,0.3,False,0.00479,4.88,,0.09,1777926623
All Pools,WernherVonBraun - AVAX,0.3,False,0.00474,2.084,,0.21,1777926623
All Pools,Trinity - WernherVonBraun,0.3,False,0.00473,18397.0,,,1777926623
All Pools,BEAM - MU,0.3,False,0.0047,1.074,,0.4,1777926623
All Pools,AI9000 - USDt,0.3,False,0.00469,0.90005,,0.48,1777926623
All Pools,JOE - REDWOLF,0.3,False,0.00467,3.949,,0.11,1777926623
All Pools,RGOGLZ - AVAX,0.3,False,0.00464,4.122,,0.1,1777926623
All Pools,JPYC - AVAX,0.3,False,0.00461,0.27572,,1.53,1777926623
All Pools,AMI - MU,0.3,False,0.00453,1.706,,0.24,1777926623
All Pools,ETHM - DAI.e,0.3,False,0.00447,0.67321,,0.61,1777926623
All Pools,KR - AVAX,0.3,False,0.00442,1.701,,0.24,1777926623
All Pools,AVAX - ChristmasTree,0.3,False,0.00441,6.152,,0.07,1777926623
All Pools,KR - USDC.e,0.3,False,0.0044,11.46,,0.04,1777926623
All Pools,Gravity - ChristmasTree,0.3,False,0.0044,4.651,,0.09,1777926623
All Pools,KIMBO - AMI,0.3,False,0.00436,4.304,,0.09,1777926623
All Pools,COQ - SNOWY,0.3,False,0.00434,2.247,,0.18,1777926623
All Pools,REDWOLF - GEC,0.3,False,0.00431,3.964,,0.1,1777926623
All Pools,TT - DAI.e,0.3,False,0.0043,1.913,,0.21,1777926623
All Pools,MIM - YAK,0.3,False,0.00428,0.42555,,0.92,1777926623
All Pools,HUSKY - SNOWY,0.3,False,0.00427,0.43272,,0.9,1777926623
All Pools,SYN - USDT.e,0.3,False,0.00399,0.65117,,0.56,1777926623
All Pools,Psychic - TrueStory,0.3,False,0.00397,61.4,,0.01,1777926623
All Pools,AVAX - PAR,0.3,False,0.00396,2.393,,0.15,1777926623
All Pools,MIM - PAR,0.3,False,0.00395,1.919,,0.19,1777926623
All Pools,Lightworker - AVAX,0.3,False,0.00395,2.739,,0.13,1777926623
All Pools,GRAPE - AVAX,0.3,False,0.00394,0.88024,,0.41,1777926623
All Pools,Gravity - Lightworker,0.3,False,0.00394,53.16,,0.01,1777926623
All Pools,Psychic - Seminole,0.3,False,0.00389,61.35,,0.01,1777926623
All Pools,YEEHAW - ARENA,0.3,False,0.00389,2.357,,0.15,1777926623
All Pools,Psychic - PoPo,0.3,False,0.00386,61.4,,0.01,1777926623
All Pools,Psychic - James,0.3,False,0.00382,61.41,,0.01,1777926623
All Pools,LUNA - JOE,0.3,False,0.00381,0.05133,,6.78,1777926623
All Pools,Psychic - FinityFinity,0.3,False,0.0038,61.41,,0.01,1777926623
All Pools,gOHM - USDC.e,0.3,False,0.00379,0.30615,,1.13,1777926623
All Pools,COQ - ZUM,0.3,False,0.00379,1.124,,0.31,1777926623
All Pools,SaintGermain - BLACK,0.3,False,0.00376,2.491,,0.14,1777926623
All Pools,SYN - WETH.e,0.3,False,0.00373,0.67748,,0.5,1777926623
All Pools,Psychic - QuetzalCoatl,0.3,False,0.00373,61.4,,0.01,1777926623
All Pools,Trinity - IfYouKnowYouKnow,0.3,False,0.00371,5.013,,0.07,1777926623
All Pools,KIMBO - COQ,0.3,False,0.00371,1.703,,0.2,1777926623
All Pools,WETH.e - meGNX,0.3,False,0.00367,6.693,,0.05,1777926623
All Pools,YETI - WINE,0.3,False,0.00362,1.456,,0.23,1777926623
All Pools,YETI - AVAX,0.3,False,0.00361,944.34,,,1777926623
All Pools,SMRTr - USDT.e,0.3,False,0.00358,1.314,,0.25,1777926623
All Pools,Psychic - Checkmate,0.3,False,0.00351,61.54,,0.01,1777926623
All Pools,Psychic - Equal,0.3,False,0.00347,61.4,,0.01,1777926623
All Pools,Psychic - Abracadabra,0.3,False,0.00345,61.37,,0.01,1777926623
All Pools,GAINS - DWC,0.3,False,0.00345,0.98447,,0.32,1777926623
All Pools,WETH.e - HOWDY,0.3,False,0.00344,1.059,,0.3,1777926623
All Pools,MIM - DUNEV3,0.3,False,0.00343,66822.0,,,1777926623
All Pools,Psychic - PlotTwist,0.3,False,0.00341,62.76,,0.0,1777926623
All Pools,Psychic - WhoWho,0.3,False,0.00334,61.39,,0.0,1777926623
All Pools,MIM - ICE,0.3,False,0.0033,0.99781,,0.3,1777926623
All Pools,STG - JOE,0.3,False,0.00326,0.16983,,1.75,1777926623
All Pools,EGG - AVAX,0.3,False,0.00326,1.702,,0.17,1777926623
All Pools,GAINS - BAWLS,0.3,False,0.00325,0.93202,,0.32,1777926623
All Pools,Psychic - KatzJoel,0.3,False,0.00325,61.37,,0.0,1777926623
All Pools,EGG - USDT.e,0.3,False,0.00324,1.986,,0.15,1777926623
All Pools,BAWLS - AVAX,0.3,False,0.00324,16.49,,0.02,1777926623
All Pools,ELXR - USDC.e,0.3,False,0.00321,1094.84,,,1777926623
All Pools,Psychic - Hexagon,0.3,False,0.00318,61.39,,0.0,1777926623
All Pools,RUGPULL - AVAX,0.3,False,0.00316,2.981,,0.1,1777926623
All Pools,COQWIF - AVAX,0.3,False,0.00313,6487.63,,,1777926623
All Pools,WBTC.e - MU,0.3,False,0.00312,0.72661,,0.39,1777926623
All Pools,AI9000 - MU,0.3,False,0.00312,1.277,,0.22,1777926623
All Pools,Wizard - AVAX,0.3,False,0.00311,4.47,,0.06,1777926623
All Pools,CRAFT - USDC.e,0.3,False,0.00309,0.86707,,0.33,1777926623
All Pools,Wizard - Gravity,0.3,False,0.00309,0.8571,,0.33,1777926623
All Pools,HUSKY - aXEN,0.3,False,0.00302,0.07321,,3.76,1777926623
All Pools,JOE - aDXN,0.3,False,0.00301,0.83109,,0.33,1777926623
All Pools,CATWIF - REDWOLF,0.3,False,0.00299,0.97156,,0.28,1777926623
All Pools,Sovereignty - AVAX,0.3,False,0.00295,4.487,,0.06,1777926623
All Pools,Sovereignty - Gravity,0.3,False,0.00293,0.85954,,0.31,1777926623
All Pools,EagleToken - AVAX,0.3,False,0.00293,2.12,,0.13,1777926623
All Pools,EagleToken - USDC.e,0.3,False,0.00292,2.215,,0.12,1777926623
All Pools,SNO Token - AVAX,0.3,False,0.00291,1.754,,0.15,1777926623
All Pools,AVXT - AVAX,0.3,False,0.00291,52.73,,0.01,1777926623
All Pools,SNO Token - JOE,0.3,False,0.0029,86.33,,0.0,1777926623
All Pools,AVAX - NoThing,0.3,False,0.00289,4.42,,0.06,1777926623
All Pools,GAINS - TECH,0.3,False,0.00288,0.62436,,0.42,1777926623
All Pools,Gravity - NoThing,0.3,False,0.00287,0.84987,,0.31,1777926623
All Pools,USDC - TT,0.3,False,0.00276,2.002,,0.13,1777926623
All Pools,XPOW - USDC,0.3,False,0.00276,0.03727,,6.75,1777926623
All Pools,AMI - JUICY,0.3,False,0.00272,0.92852,,0.27,1777926623
All Pools,MU - KET,0.3,False,0.00269,1.327,,0.19,1777926623
All Pools,AVAX - SAGE,0.3,False,0.00265,0.89153,,0.27,1777926623
All Pools,LIBRE - AVAX,0.3,False,0.00264,1.849,,0.13,1777926623
All Pools,USDC.e - SAGE,0.3,False,0.00264,2.178,,0.11,1777926623
All Pools,TEDDY - USDC,0.3,False,0.00263,0.42789,,0.56,1777926623
All Pools,PNG - USDT.e,0.3,False,0.00259,0.88537,,0.27,1777926623
All Pools,BLUB - AVAX,0.0,False,0.00257,47.84,0.0,0.0,1777926623
All Pools,HATCHY - WTHT,0.3,False,0.00255,0.52818,,0.44,1777926623
All Pools,WTHT - SNOB,0.3,False,0.00254,1.421,,0.16,1777926623
All Pools,DREGG - USDC.e,0.3,False,0.00253,3.087,,0.07,1777926623
All Pools,AVAX - CAKE,0.3,False,0.00249,0.72179,,0.31,1777926623
All Pools,USDT.e - CAKE,0.3,False,0.00248,48.54,,0.0,1777926623
All Pools,GATOR - AMI,0.3,False,0.00246,4.482,,0.05,1777926623
All Pools,KIMBO - UNIQOC,0.3,False,0.00246,0.73219,,0.31,1777926623
All Pools,JOE - AVE,0.3,False,0.00243,1.794,,0.12,1777926623
All Pools,UNIQOC - MAJIN,0.3,False,0.00243,0.25522,,0.87,1777926623
All Pools,XPOW - USDt,0.3,False,0.00241,0.03356,,6.56,1777926623
All Pools,BTC.b - MUG,0.3,False,0.00241,0.89712,,0.25,1777926623
All Pools,AVAX - LastChristmas,0.3,False,0.00241,1.908,,0.12,1777926623
All Pools,Gravity - LastChristmas,0.3,False,0.0024,10.03,,0.02,1777926623
All Pools,AVAX - WARP,0.3,False,0.0024,1.479,,0.15,1777926623
All Pools,EUROS - AVAX,0.3,False,0.00236,1.191,,0.18,1777926623
All Pools,REDWOLF - ODDZ,0.3,False,0.00235,1.54,,0.14,1777926623
All Pools,GAINS - KONG,0.3,False,0.00233,0.76117,,0.28,1777926623
All Pools,Psychic - Vampire,0.3,False,0.00229,61.4,,0.0,1777926623
All Pools,LUNA - MIM,0.3,False,0.00227,0.0179,,11.59,1777926623
All Pools,MAXI - AVAX,0.3,False,0.00227,0.79613,,0.26,1777926623
All Pools,Psychic - Aquarius,0.3,False,0.00226,61.36,,0.0,1777926623
All Pools,LINK.e - MUG,0.3,False,0.00222,0.25061,,0.81,1777926623
All Pools,Psychic - Number,0.3,False,0.00221,61.41,,0.0,1777926623
All Pools,- AMI,0.3,False,0.00219,13.19,,0.02,1777926623
All Pools,COQ - COFI,0.3,False,0.00217,1.864,,0.11,1777926623
All Pools,AVAX - COFI,0.3,False,0.00217,614.85,,,1777926623
All Pools,GURS - ARENA,0.3,False,0.00211,7.447,,0.03,1777926623
All Pools,sAVAX - USDC,0.3,False,0.00205,0.53304,,0.35,1777926623
All Pools,TT - USDT.e,0.3,False,0.00202,2.0,,0.09,1777926623
All Pools,USDt - TT,0.3,False,0.00201,2.007,,0.09,1777926623
All Pools,USDC.e - CHAM,0.3,False,0.00195,0.83215,,0.21,1777926623
All Pools,aAvaWAVAX - AVAX,0.3,False,0.00194,0.25935,,0.68,1777926623
All Pools,BEE - AVAX,0.3,False,0.00192,0.80653,,0.22,1777926623
All Pools,BEE - USDT.e,0.3,False,0.00192,32.34,,0.01,1777926623
All Pools,CRAFT - AVAX,0.3,False,0.00189,408.81,,,1777926623
All Pools,TECH - REDWOLF,0.3,False,0.00183,0.86263,,0.19,1777926623
All Pools,GAINS - MEAT,0.3,False,0.0018,0.99005,,0.17,1777926623
All Pools,toi - AVAX,0.3,False,0.00178,0.94046,,0.17,1777926623
All Pools,MIM - toi,0.3,False,0.00178,3.437,,0.05,1777926623
All Pools,AVAX - DREX,0.3,False,0.00177,0.59876,,0.27,1777926623
All Pools,MIM - DREX,0.3,False,0.00176,37.53,,0.0,1777926623
All Pools,GG - AVAX,0.3,False,0.00173,0.16449,,0.96,1777926623
All Pools,WETH.e - LINK.e,0.3,False,0.00172,0.14951,,1.05,1777926623
All Pools,GAINS - KOVIN,0.3,False,0.00169,0.6519,,0.24,1777926623
All Pools,MM - USDC.e,0.3,False,0.00168,0.60659,,0.25,1777926623
All Pools,JOE - USDR,0.3,False,0.00167,0.72865,,0.21,1777926623
All Pools,LIFE - AVAX,0.3,False,0.00162,1.343,,0.11,1777926623
All Pools,MIM - LIFE,0.3,False,0.00162,0.94201,,0.16,1777926623
All Pools,DEGEN - AVAX,0.3,False,0.0016,0.00354,,41.23,1777926623
All Pools,AMI - EROL,0.3,False,0.0016,0.681,,0.21,1777926623
All Pools,AVAX - sSB,0.3,False,0.00156,0.50463,,0.28,1777926623
All Pools,AVAX - MTB,0.3,False,0.00156,0.9608,,0.15,1777926623
All Pools,REDEEMER - AMI,0.3,False,0.00156,0.01448,,9.81,1777926623
All Pools,USDC.e - sSB,0.3,False,0.00155,836.82,,,1777926623
All Pools,MIM - MTB,0.3,False,0.00155,2.212,,0.06,1777926623
All Pools,AVAX - RUG,0.3,False,0.00155,0.53155,,0.27,1777926623
All Pools,AVAX - ICE,0.3,False,0.00151,151.03,,,1777926623
All Pools,USDC.e - WARP,0.3,False,0.00149,0.86312,,0.16,1777926623
All Pools,MUMO - AVAX,0.3,False,0.00148,0.18016,,0.75,1777926623
All Pools,UNI.e - AVAX,0.3,False,0.00146,0.03461,,3.85,1777926623
All Pools,DB - AVAX,0.3,False,0.0014,2.209,,0.06,1777926623
All Pools,MIM - DB,0.3,False,0.0014,0.66989,,0.19,1777926623
All Pools,AVAX - PSI,0.3,False,0.00139,189.66,,,1777926623
All Pools,WETH.e - ETHM,0.3,False,0.00138,0.50125,,0.25,1777926623
All Pools,ETHM - USDC.e,0.3,False,0.00138,0.47758,,0.26,1777926623
All Pools,USDt - APOW,0.3,False,0.00137,0.15567,,0.8,1777926623
All Pools,STICK - AMI,0.3,False,0.00136,0.31194,,0.4,1777926623
All Pools,SLUSH - AVAX,0.3,False,0.00134,0.70192,,0.17,1777926623
All Pools,SLUSH - USDT.e,0.3,False,0.00133,1.324,,0.09,1777926623
All Pools,MEAT - MU,0.3,False,0.00131,0.49634,,0.24,1777926623
All Pools,LYD - AVAX,0.3,False,0.00129,0.82033,,0.14,1777926623
All Pools,HUSKY - SMRTr,0.3,False,0.00128,0.06886,,1.69,1777926623
All Pools,KANA - AVAX,0.3,False,0.00127,1136.78,,,1777926623
All Pools,KANA - USDC,0.3,False,0.00127,0.51195,,0.23,1777926623
All Pools,Trinity - IngersollLockwood,0.3,False,0.00127,1.122,,0.1,1777926623
All Pools,ALPHAZERO - USDT.e,0.3,False,0.00127,2.161,,0.05,1777926623
All Pools,MAJIN - AMI,0.3,False,0.00124,0.15523,,0.73,1777926623
All Pools,CRA - USDC.e,0.3,False,0.00123,0.56525,,0.2,1777926623
All Pools,YUSD - LUNA,0.3,False,0.00123,0.01783,,6.3,1777926623
All Pools,ABOB - AVAX,0.3,False,0.00122,830.77,,,1777926623
All Pools,aAvaWAVAX - meGNX,0.3,False,0.0012,4.05,,0.03,1777926623
All Pools,COQ - HOWDY,0.3,False,0.00119,0.56939,,0.19,1777926623
All Pools,NOCHILL - ABOB,0.3,False,0.00117,0.02157,,4.96,1777926623
All Pools,tst1 - AVAX,0.3,False,0.00117,0.57981,,0.18,1777926623
All Pools,tst1 - USDT.e,0.3,False,0.00117,2.697,,0.04,1777926623
All Pools,weETH - AVAX,0.3,False,0.00117,0.38778,,0.27,1777926623
All Pools,HOOP - ROCO,0.3,False,0.00116,0.14688,,0.72,1777926623
All Pools,SUB - AVAX,0.3,False,0.00113,0.50838,,0.2,1777926623
All Pools,SUB - USDC,0.3,False,0.00113,69.79,,0.0,1777926623
All Pools,Psychic - Self,0.3,False,0.00113,63.41,,0.0,1777926623
All Pools,GRAPE - WINE,0.3,False,0.00111,7.647,,0.01,1777926623
All Pools,POPS - AVAX,0.3,False,0.00111,0.11819,,0.86,1777926623
All Pools,GAINS - MEOW,0.3,False,0.00111,0.21722,,0.46,1777926623
All Pools,AUX - AVAX,0.3,False,0.00109,0.39366,,0.25,1777926623
All Pools,TIME - SPELL,0.3,False,0.00109,0.8386,,0.12,1777926623
All Pools,AUX - USDC,0.3,False,0.00109,688.53,,,1777926623
All Pools,GAINS - Always,0.3,False,0.00108,0.10932,,0.91,1777926623
All Pools,AVAX - SYMBIOT,0.3,False,0.00107,0.32348,,0.3,1777926623
All Pools,NUG - AVAX,0.3,False,0.00105,0.38263,,0.25,1777926623
All Pools,SLOT - AVAX,0.3,False,0.00105,3944.36,,,1777926623
All Pools,NUG - USDC,0.3,False,0.00105,2.375,,0.04,1777926623
All Pools,SLOT - USDC.e,0.3,False,0.00105,0.48424,,0.2,1777926623
All Pools,DAI.e - SYMBIOT,0.3,False,0.00102,1.413,,0.07,1777926623
All Pools,xJOE - AVAX,0.3,False,0.00102,2.794,,0.03,1777926623
All Pools,xJOE - wsOHM,0.3,False,0.00101,0.54609,,0.17,1777926623
All Pools,WET - AVAX,0.3,False,0.001,16.92,,0.01,1777926623
All Pools,WET - USDT.e,0.3,False,,0.44222,,0.21,1777926623
All Pools,PB - AVAX,0.3,False,,0.49033,,0.19,1777926623
All Pools,PB - MIM,0.3,False,,39.77,,0.0,1777926623
All Pools,AVAX - FTEST,0.3,False,,0.39894,,0.23,1777926623
All Pools,USDT.e - FTEST,0.3,False,,1.314,,0.07,1777926623
All Pools,BRO - OSAK,0.3,False,,0.09111,,0.99,1777926623
All Pools,WETH - AVAX,0.3,False,,1.354,,0.07,1777926623
All Pools,SYMBIOT - AVAX,0.3,False,,1.446,,0.06,1777926623
All Pools,AVAX - AKITA,0.3,False,,2522.74,,,1777926623
All Pools,MIM - AKITA,0.3,False,,0.25454,,0.35,1777926623
All Pools,WETH.e - SPELL,0.3,False,,0.29422,,0.29,1777926623
All Pools,SYMBIOT - DAI.e,0.3,False,,0.45815,,0.18,1777926623
All Pools,OH - USDC.e,0.3,False,,0.3881,,0.21,1777926623
All Pools,3ULL - USDT.e,0.3,False,,0.65568,,0.13,1777926623
All Pools,USDT.e - WARP,0.3,False,,0.90297,,0.09,1777926623
All Pools,ROCO - USDT.e,0.3,False,,0.08466,,0.96,1777926623
All Pools,ARABBIT - AVAX,0.3,False,,0.56664,,0.14,1777926623
All Pools,MIM - ARABBIT,0.3,False,,1.293,,0.06,1777926623
All Pools,SolarDAO - AVAX,0.3,False,,0.39863,,0.2,1777926623
All Pools,SolarDAO - USDT.e,0.3,False,,2.068,,0.04,1777926623
All Pools,SMOKA - AVAX,0.3,False,,0.54776,,0.14,1777926623
All Pools,MIM - SMOKA,0.3,False,,1.137,,0.07,1777926623
All Pools,USDC - DAI.e,0.3,False,,2.015,,0.04,1777926623
All Pools,PUSH - AVAX,0.3,False,,0.57085,,0.14,1777926623
All Pools,HUSKY - MU,0.3,False,,0.05395,,1.43,1777926623
All Pools,AUSD - USDC,0.01,False,15284892.0,4686697.0,1528.57,11.9,1777930222
All Pools,AUSD - USDt,0.01,False,15007038.0,3419409.0,1500.79,16.02,1777930222
All Pools,AVAX - USDC,0.05,False,9629178.0,3920444.0,5130.27,47.76,1777930222
All Pools,BTC.b - USDC,0.05,False,517460.0,813219.0,272.22,12.22,1777930222
All Pools,USDt - USDC,0.005,False,468135.0,695057.0,33.17,1.74,1777930222
All Pools,USDC.e - O3,0.3,False,430911.0,343742449.0,1077.28,0.11,1777930222
All Pools,AVAX - USDC,0.2,False,151842.0,207628.0,308.32,54.2,1777930222
All Pools,sAVAX - AVAX,0.01,False,97473.0,188246.0,9.957,1.93,1777930222
All Pools,AVAX - BTC.b,0.05,False,54192.0,585796.0,29.15,1.82,1777930222
All Pools,XAUt0 - USDt,0.04,False,50725.0,37691.0,23.71,22.96,1777930222
All Pools,ARENA - AVAX,0.01,False,47187.0,153964.0,4.715,1.12,1777930222
All Pools,DAI.e - USDC,0.02,False,44178.0,31975.0,11.44,13.06,1777930222
All Pools,GUN - AVAX,0.1,False,37376.0,40147.0,38.6,35.09,1777930222
All Pools,GUN - AVAX,0.25,False,35829.0,128946.0,90.44,25.6,1777930222
All Pools,AVAX - USDt,0.2,False,33852.0,131379.0,68.5,19.03,1777930222
All Pools,USDT.e - USDC,0.02,False,32549.0,48843.0,6.67,4.98,1777930222
All Pools,USDC - XAVA,0.3,False,31995.0,614834.0,79.99,4.75,1777930222
All Pools,AVAX - USDT.e,0.3,False,26003.0,555260.0,65.01,4.27,1777930222
All Pools,USDT.e - USDt,0.02,False,24403.0,44300.0,4.944,4.07,1777930222
All Pools,WBTC - BTC.b,0.03,False,23822.0,84217.0,7.552,3.27,1777930222
All Pools,AVAX - USDC,0.3,False,22395.0,407759.0,55.99,5.01,1777930222
All Pools,WBTC.e - BTC.b,0.03,False,21853.0,334380.0,8.738,0.95,1777930222
All Pools,MIM - AVAX,0.3,False,21594.0,565284.0,53.98,3.49,1777930222
All Pools,NXPC - AVAX,0.3,False,21315.0,240977.0,53.29,8.07,1777930222
All Pools,USDC.e - AVAX,0.3,False,20989.0,432346.0,52.47,4.43,1777930222
All Pools,WBTC.e - AVAX,0.3,False,16664.0,173980.0,41.66,8.74,1777930222
All Pools,USDt - USDC,0.01,False,14933.0,181728.0,1.196,0.24,1777930222
All Pools,FOLKS - AVAX,0.25,False,13392.0,34204.0,33.97,36.25,1777930222
All Pools,JOE - AVAX,0.3,False,12946.0,525671.0,32.36,2.25,1777930222
All Pools,JOE - USDC.e,0.3,False,11591.0,338951.0,28.98,3.12,1777930222
All Pools,COQ - AVAX,0.3,False,11410.0,615275.0,28.53,1.69,1777930222
All Pools,QI - AVAX,0.3,False,10377.0,240291.0,25.94,3.94,1777930222
All Pools,USDT.e - USDC,0.02,False,8637.08,887.36,1.027,42.23,1777930222
All Pools,NOCHILL - AVAX,0.3,False,7202.32,83739.0,18.01,7.85,1777930222
All Pools,ORNG - AVAX,0.3,False,4793.91,28002.0,11.98,15.62,1777930222
All Pools,EURC - USDC,0.03,False,4320.35,12010.0,1.315,4.0,1777930222
All Pools,SolvBTC - BTC.b,0.04,False,4156.75,252813.0,2.052,0.3,1777930222
All Pools,USDC.e - USDC,0.3,False,4016.69,484528.0,10.04,0.76,1777930222
All Pools,DAI.e - USDC,0.02,False,3891.8,2642.45,1.08,14.92,1777930222
All Pools,JPYC - USDC,0.04,False,3567.07,4468.38,1.782,14.55,1777930222
All Pools,AAVE.e - AVAX,0.3,False,3520.12,302597.0,8.8,1.06,1777930222
All Pools,WETH.e - AVAX,0.3,False,3344.96,501303.0,8.362,0.61,1777930222
All Pools,FLD - AVAX,0.3,False,3299.29,51946.0,8.248,5.8,1777930222
All Pools,AUSD - AVAX,0.1,False,2819.18,39769.0,2.929,2.69,1777930222
All Pools,USDt - AVAX,0.3,False,2578.64,45291.0,6.447,5.2,1777930222
All Pools,AVAX - avUSD,0.25,False,2564.83,2349.34,6.453,100.26,1777930222
All Pools,JOE - USDT.e,0.3,False,2551.57,67894.0,6.379,3.43,1777930222
All Pools,BEAM - AVAX,0.25,False,2420.33,20123.0,6.088,11.04,1777930222
All Pools,BTC.b - AVAX,0.3,False,2394.22,143626.0,5.986,1.52,1777930222
All Pools,BEAM - USDC,0.3,False,2309.77,72381.0,5.774,2.91,1777930222
All Pools,ALOT - AVAX,0.3,False,2110.27,228654.0,5.276,0.84,1777930222
All Pools,gOHM - AVAX,0.3,False,1956.28,137614.0,4.891,1.3,1777930222
All Pools,XAVA - AVAX,0.8,False,1845.2,228291.0,14.84,2.37,1777930222
All Pools,BEAM - AVAX,0.3,False,1741.3,94454.0,4.353,1.68,1777930222
All Pools,JOE - USDC,0.3,False,1688.56,40328.0,4.221,3.82,1777930222
All Pools,XAVA - AVAX,0.25,False,1679.25,3193.8,4.374,49.98,1777930222
All Pools,LINK.e - AVAX,0.3,False,1654.96,49111.0,4.137,3.07,1777930222
All Pools,AVAX - DAI.e,0.3,False,1637.24,34389.0,4.093,4.34,1777930222
All Pools,ZRO - AVAX,0.25,False,1592.84,2301.87,11.91,188.89,1777930222
All Pools,HUNDRED - USDC,0.3,False,1513.3,520178.0,3.783,0.27,1777930222
All Pools,WBTC.e - BTC.b,0.03,False,1350.35,696.16,0.59294,31.09,1777930222
All Pools,w3ULL - AVAX,0.3,False,1327.17,64640.0,3.318,1.87,1777930222
All Pools,USDt - USDC,0.02,False,1305.82,2235.55,0.28926,4.72,1777930222
All Pools,YAK - AVAX,0.3,False,1125.92,109921.0,2.815,0.93,1777930222
All Pools,WETH.e - USDC,0.15,False,1085.11,10053.0,1.659,6.02,1777930222
All Pools,SOL - AVAX,0.3,False,1040.78,435556.0,2.602,0.22,1777930222
All Pools,HEFE - AVAX,0.3,False,1012.52,22990.0,2.531,4.02,1777930222
All Pools,LCPEDU - USDt,0.8,False,1002.83,9626335.0,16.08,0.06,1777930222
All Pools,AVAX - JUICE,0.3,False,912.56,15931.0,2.281,5.23,1777930222
All Pools,SHRAP - AVAX,0.8,False,824.32,12762.0,7.367,21.07,1777930222
All Pools,SIERRA - USDC,0.1,False,659.05,40194.0,0.65911,0.6,1777930222
All Pools,AVAX - ALVA,0.3,False,643.34,1261.27,1.608,46.54,1777930222
All Pools,AVAX - XAVA,0.3,False,606.64,16109.0,1.517,3.44,1777930222
All Pools,JOE - AVAX,0.25,False,582.13,10713.0,1.466,4.99,1777930222
All Pools,XSEED - AVAX,0.3,False,573.49,13102.0,1.434,3.99,1777930222
All Pools,AVAX - UST,0.3,False,573.47,9351.35,1.434,5.6,1777930222
All Pools,UST - AVAX,0.3,False,522.95,8239.26,1.307,5.79,1777930222
All Pools,GMX - AVAX,0.3,False,519.46,5047.38,1.299,9.39,1777930222
All Pools,AARB - AVAX,0.3,False,439.33,0.18266,1.098,219467.83,1777930222
All Pools,ARC - AVAX,0.3,False,439.02,0.1826,1.098,219389.28,1777930222
All Pools,KLO - AVAX,0.3,False,332.29,14822.0,0.83073,2.05,1777930222
All Pools,WETH.e - USDC.e,0.3,False,327.6,12444.0,0.819,2.4,1777930222
All Pools,MUON - AVAX,0.3,False,313.36,47280.0,0.78341,0.6,1777930222
All Pools,sAVAX - AVAX,0.3,False,305.82,242284.0,0.76455,0.12,1777930222
All Pools,HERESY - AVAX,0.3,False,304.22,21873.0,0.76054,1.27,1777930222
All Pools,PTOP800 - USDC,0.1,False,281.36,656.21,0.28397,15.8,1777930222
All Pools,STG - USDC,0.3,False,272.56,1474.94,0.68139,16.86,1777930222
All Pools,PTOP800 - AVAX,0.1,False,240.67,604.3,0.24205,14.62,1777930222
All Pools,YUSD - USDC,0.02,False,240.61,122000.0,0.04812,0.01,1777930222
All Pools,SWORLD - AVAX,0.3,False,226.45,7060.82,0.56612,2.93,1777930222
All Pools,PTOP1100 - USDC,0.1,False,202.41,665.3,0.20359,11.17,1777930222
All Pools,PTOP1100 - AVAX,0.1,False,201.59,362.94,0.20459,20.57,1777930222
All Pools,sAVAX - JACK,0.3,False,199.41,290966.0,0.49852,0.06,1777930222
All Pools,XETA - USDC,0.3,False,196.95,6456.89,0.49236,2.78,1777930222
All Pools,PTOP1300 - AVAX,0.1,False,171.35,575.64,0.17195,10.9,1777930222
All Pools,PTOP1300 - USDC,0.1,False,171.04,345.81,0.17222,18.18,1777930222
All Pools,AVAX - GEC,0.3,False,169.84,35951.0,0.42461,0.43,1777930222
All Pools,APIX - ID,0.3,False,164.33,25226.0,0.41083,0.59,1777930222
All Pools,STG - AVAX,0.3,False,151.93,1473.75,0.37983,9.41,1777930222
All Pools,BOOTY - AVAX,0.3,False,137.38,2254.26,0.34345,5.56,1777930222
All Pools,QI - AVAX,0.25,False,134.43,14877.0,0.33585,0.82,1777930222
All Pools,XPOW - AVAX,0.3,False,133.51,373.95,0.33377,32.58,1777930222
All Pools,PTOP1200 - AVAX,0.1,False,132.62,682.97,0.13281,7.1,1777930222
All Pools,PTOP1200 - USDC,0.1,False,132.05,197.09,0.13483,24.97,1777930222
All Pools,OSAK - AVAX,0.3,False,130.81,5976.19,0.32704,2.0,1777930222
All Pools,CAPY - ARENA,0.3,False,120.06,31864.0,0.30016,0.34,1777930222
All Pools,MIM - USDt,0.03,False,117.21,9.68,0.03936,148.43,1777930222
All Pools,LUNA - USDC.e,0.3,False,116.62,958.45,0.29154,11.1,1777930222
All Pools,APIX - USDt,0.3,False,114.02,6926.19,0.28504,1.5,1777930222
All Pools,GGP - AVAX,0.3,False,112.4,93649.0,0.281,0.11,1777930222
All Pools,gOHM - FRAX,0.3,False,93.37,3518.33,0.23342,2.42,1777930222
All Pools,JOE - AVAX,0.15,False,86.98,68978.0,0.13381,0.07,1777930222
All Pools,TECH - AVAX,0.3,False,81.98,14262.0,0.20496,0.52,1777930222
All Pools,SOL - AVAX,0.1,False,79.42,1087.92,0.07954,2.67,1777930222
All Pools,AVAX - APOW,0.3,False,70.34,25831.0,0.17586,0.25,1777930222
All Pools,MAJIN - AVAX,0.3,False,65.34,4264.17,0.16336,1.4,1777930222
All Pools,XPOW - APOW,0.3,False,63.69,931.69,0.15921,6.24,1777930222
All Pools,PNG - AVAX,0.3,False,62.46,1063.97,0.15615,5.36,1777930222
All Pools,PRIME - AVAX,0.4,False,61.42,108687.0,0.82606,0.28,1777930222
All Pools,BLUB - AVAX,0.3,False,60.22,16907.0,0.15055,0.33,1777930222
All Pools,CAI - AVAX,0.3,False,56.94,1812.68,0.14235,2.87,1777930222
All Pools,KIMBO - AVAX,0.3,False,51.81,64795.0,0.12952,0.07,1777930222
All Pools,APIX - USDC,0.3,False,50.66,3455.57,0.12665,1.34,1777930222
All Pools,FITFI - USDT.e,0.3,False,50.62,373.33,0.12655,12.37,1777930222
All Pools,HUSKY - AVAX,0.3,False,47.02,3627.48,0.11754,1.18,1777930222
All Pools,SB - AVAX,0.3,False,46.43,7011.1,0.11607,0.6,1777930222
All Pools,PTOP800 - BTC.b,0.1,False,46.17,1004.37,0.05347,1.94,1777930222
All Pools,KITTY - AVAX,0.3,False,45.75,11.17,0.11437,373.62,1777930222
All Pools,LUNA - USDC.e,0.3,False,39.54,382.48,0.09884,9.43,1777930222
All Pools,UST - USDC.e,0.3,False,37.77,803.42,0.09442,4.29,1777930222
All Pools,FTR - AVAX,0.3,False,37.34,1293.92,0.09334,2.63,1777930222
All Pools,AVAX - FRAX,0.3,False,36.58,1025.01,0.09145,3.26,1777930222
All Pools,MIM - SB,0.3,False,36.08,5778.13,0.0902,0.57,1777930222
All Pools,Balln - AVAX,0.3,False,36.01,4238.52,0.09003,0.78,1777930222
All Pools,AVAX - HON,0.3,False,35.53,91390.0,0.08882,0.04,1777930222
All Pools,MIM - WETH.e,0.3,False,34.8,1474.95,0.08699,2.15,1777930222
All Pools,MEOW - AVAX,0.3,False,34.38,10670.0,0.08595,0.29,1777930222
All Pools,ggAVAX - AVAX,0.04,False,33.63,371.99,0.00357,0.35,1777930222
All Pools,UST - USDC,0.3,False,32.04,500.23,0.0801,5.84,1777930222
All Pools,APIX - ARENA,0.3,False,31.51,2351.26,0.07878,1.22,1777930222
All Pools,USDC.e - USDC,0.02,False,30.21,17000.0,0.00343,0.01,1777930222
All Pools,SECOND - AVAX,0.3,False,29.72,1776.55,0.07431,1.53,1777930222
All Pools,SECOND - USDC,0.3,False,29.72,7212.2,0.0743,0.38,1777930222
All Pools,RGOGLZ - USDC,0.3,False,27.91,1589.4,0.06977,1.6,1777930222
All Pools,AVAX - SOLNIC,0.3,False,27.78,4741.41,0.06946,0.53,1777930222
All Pools,CAT - AVAX,0.3,False,27.75,1972.52,0.06938,1.28,1777930222
All Pools,Psychic - AVAX,0.3,False,26.95,1186.69,0.06739,2.07,1777930222
All Pools,WOLF - AVAX,0.3,False,26.26,43372.0,0.06566,0.06,1777930222
All Pools,CATCH - AVAX,0.3,False,24.42,307.22,0.06105,7.25,1777930222
All Pools,ROCO - AVAX,0.3,False,23.13,1295.64,0.05784,1.63,1777930222
All Pools,BLSEYE🎯 - AVAX,0.3,False,22.95,6040.95,0.05738,0.35,1777930222
All Pools,DCAU - AVAX,0.3,False,21.91,1273.78,0.05478,1.57,1777930222
All Pools,GUN - BLSEYE🎯,0.3,False,21.55,965.76,0.05387,2.04,1777930222
All Pools,BOI - AVAX,0.3,False,21.37,80.83,0.05343,24.13,1777930222
All Pools,USDt - ncash,0.3,False,20.46,1137.48,0.05114,1.64,1777930222
All Pools,DCAU - USDT.e,0.3,False,20.4,5330.51,0.051,0.35,1777930222
All Pools,GENI - USDC,0.3,False,19.9,1479.01,0.04976,1.23,1777930222
All Pools,HATCHY - AVAX,0.3,False,19.32,9801.0,0.0483,0.18,1777930222
All Pools,HOWDY - USDC,0.3,False,19.22,8068.04,0.04806,0.22,1777930222
All Pools,USDC.e - DAI.e,0.3,False,19.07,22866.0,0.04767,0.08,1777930222
All Pools,MEAT - AVAX,0.3,False,18.45,5381.62,0.04613,0.31,1777930222
All Pools,Psychic - XAUt0,0.3,False,18.27,6953.37,0.04567,0.24,1777930222
All Pools,XROSS - ORNG,0.3,False,17.94,495.2,0.04485,3.31,1777930222
All Pools,HAREM - AVAX,0.3,False,16.84,128.12,0.0421,11.99,1777930222
All Pools,USDC.e - USDT.e,0.3,False,16.45,40520.0,0.04112,0.04,1777930222
All Pools,DAI.e - USDt,0.25,False,16.38,21060.0,0.03914,0.07,1777930222
All Pools,USDV - AVAX,0.25,False,16.2,1830.18,0.06335,1.26,1777930222
All Pools,GUN - AVAX,0.3,False,15.79,453.51,0.03948,3.18,1777930222
All Pools,WOM - AVAX,0.3,False,15.65,843.6,0.03913,1.69,1777930222
All Pools,AVAX - CLY,0.3,False,15.38,60128.0,0.03845,0.02,1777930222
All Pools,DATCM - ORNG,0.3,False,15.31,492.76,0.03826,2.83,1777930222
All Pools,ORNG - FLUX,0.3,False,15.23,366.29,0.03807,3.79,1777930222
All Pools,YUSD - AVAX,0.3,False,15.04,134.83,0.0376,10.18,1777930222
All Pools,AVAX - DOMI,0.3,False,14.55,17432.0,0.03637,0.08,1777930222
All Pools,GURS - AVAX,0.3,False,14.55,7744.27,0.03637,0.17,1777930222
All Pools,COQ - AVAX,0.8,False,14.51,4797.63,0.11839,0.9,1777930222
All Pools,AVAX - STICK,0.3,False,14.34,2158.81,0.03586,0.61,1777930222
All Pools,LUNA - AVAX,0.3,False,14.34,167.86,0.03585,7.79,1777930222
All Pools,MAI - AVAX,0.3,False,14.18,1825.75,0.03544,0.71,1777930222
All Pools,AVAX - PEFI,0.3,False,13.79,4541.63,0.03448,0.28,1777930222
All Pools,ORNG - MOOM,0.3,False,13.3,405.39,0.03325,2.99,1777930222
All Pools,SHRAP - DOMI,0.3,False,12.98,289.32,0.03246,4.09,1777930222
All Pools,SVETA - AVAX,0.3,False,12.39,1398.74,0.03098,0.81,1777930222
All Pools,SYN - AVAX,0.3,False,11.74,2775.46,0.02936,0.39,1777930222
All Pools,ZRO - AVAX,0.3,False,11.2,203.22,0.02801,5.03,1777930222
All Pools,Ush - AVAX,0.3,False,10.84,2843.17,0.02709,0.35,1777930222
All Pools,PTOP1000 - AVAX,0.1,False,10.55,637.42,0.01056,0.6,1777930222
All Pools,WINK - AVAX,0.3,False,10.16,78.83,0.02541,11.77,1777930222
All Pools,ORNG - SAI,0.3,False,10.15,293.15,0.02536,3.16,1777930222
All Pools,YOU - ORNG,0.3,False,10.13,3276.32,0.02532,0.28,1777930222
All Pools,JPYC - USDC,0.3,False,9.866,351.68,0.02466,2.56,1777930222
All Pools,ORNG - JUCI,0.3,False,9.777,501.87,0.02444,1.78,1777930222
All Pools,AVAXAI - USDC,0.3,False,9.737,1726.12,0.02434,0.51,1777930222
All Pools,AVAX - JUICY,0.3,False,9.479,3055.11,0.0237,0.28,1777930222
All Pools,MMTH - AVAX,0.3,False,9.214,0.02371,0.02303,35466.47,1777930222
All Pools,ACS - AVAX,0.3,False,9.069,224.49,0.02267,3.69,1777930222
All Pools,avUSD - sAVAX,0.3,False,8.737,265.66,0.02184,3.0,1777930222
All Pools,AVAX - SQRCAT,0.3,False,8.594,5980.54,0.02148,0.13,1777930222
All Pools,MDG - USDT.e,0.3,False,8.547,18085.0,0.02137,0.04,1777930222
All Pools,MDG - USDC.e,0.3,False,8.547,9807.06,0.02137,0.08,1777930222
All Pools,AVAX - ELK,0.3,False,8.125,1732.22,0.02031,0.43,1777930222
All Pools,USDC - GAU,0.3,False,7.818,12235.0,0.01955,0.06,1777930222
All Pools,LINK.e - USDT.e,0.3,False,7.237,236.25,0.01809,2.8,1777930222
All Pools,CATWIF - AVAX,0.3,False,7.006,3291.96,0.01752,0.19,1777930222
All Pools,USV - DAI.e,0.3,False,6.89,4279.69,0.01723,0.15,1777930222
All Pools,WBTC.e - USDT.e,0.3,False,6.793,174.77,0.01698,3.55,1777930222
All Pools,WETH - USDC.e,0.3,False,6.745,231.1,0.01686,2.66,1777930222
All Pools,CHAMP - ARENA,0.3,False,6.419,17.29,0.01605,33.87,1777930222
All Pools,WBTC.e - ONION,0.3,False,6.156,411.32,0.01539,1.37,1777930222
All Pools,BLSEYE🎯 - ARENA,0.3,False,5.935,1175.29,0.01484,0.46,1777930222
All Pools,MYST - AVAX,0.3,False,5.787,914.22,0.01447,0.58,1777930222
All Pools,SWIFT - USDC.e,0.3,False,5.602,544.48,0.014,0.94,1777930222
All Pools,FITFI - AVAX,0.3,False,5.469,39.51,0.01367,12.63,1777930222
All Pools,agEUR - USDC,0.3,False,5.38,63.95,0.01345,7.68,1777930222
All Pools,PNG - JOE,0.3,False,5.372,172.66,0.01343,2.84,1777930222
All Pools,WETH.e - ONION,0.3,False,5.302,275.93,0.01325,1.75,1777930222
All Pools,LINK.e - USDC.e,0.3,False,5.058,197.07,0.01264,2.34,1777930222
All Pools,RPEPE - AVAX,0.3,False,4.965,6390.53,0.01241,0.07,1777930222
All Pools,SWIFT - WETH.e,0.3,False,4.814,1652.94,0.01204,0.27,1777930222
All Pools,APOW - AVAX,0.3,False,4.71,1086.11,0.01178,0.4,1777930222
All Pools,YAK - USDC.e,0.3,False,4.56,218.36,0.0114,1.91,1777930222
All Pools,LUNA - AVAX,0.3,False,4.264,24.14,0.01066,16.12,1777930222
All Pools,ISA - USDC.e,0.3,False,4.089,493.82,0.01022,0.76,1777930222
All Pools,WETH.e - USDT.e,0.3,False,3.958,169.09,0.00989,2.14,1777930222
All Pools,DPS - AVAX,0.3,False,3.884,223.37,0.00971,1.59,1777930222
All Pools,DPS - USDC,0.3,False,3.883,1940.46,0.00971,0.18,1777930222
All Pools,REDWOLF - AVAX,0.3,False,3.866,504.35,0.00966,0.7,1777930222
All Pools,AVAX - IMPACT2,0.3,False,3.85,171.05,0.00962,2.05,1777930222
All Pools,ISA - AVAX,0.3,False,3.779,1478.95,0.00945,0.23,1777930222
All Pools,AVAX - aXEN,0.3,False,3.704,80.75,0.00926,4.19,1777930222
All Pools,REDWOLF - USDC,0.3,False,3.615,203.16,0.00904,1.62,1777930222
All Pools,MYST - USDC,0.3,False,3.576,256.34,0.00894,1.27,1777930222
All Pools,USDC.e - ONION,0.3,False,3.459,387.87,0.00865,0.81,1777930222
All Pools,LIQR - AVAX,0.3,False,3.413,52163.0,0.00853,0.01,1777930222
All Pools,USDT.e - CLY,0.3,False,3.31,264.5,0.00828,1.14,1777930222
All Pools,AVAX - ONION,0.3,False,3.264,183.2,0.00816,1.63,1777930222
All Pools,FXS - AVAX,0.3,False,3.216,445.73,0.00804,0.66,1777930222
All Pools,YEEHAW - CHAMP,0.3,False,3.152,2385.06,0.00788,0.12,1777930222
All Pools,USDT.e - DAI.e,0.3,False,3.137,7358.16,0.00784,0.04,1777930222
All Pools,BTC.b - TOPIA,0.3,False,3.088,313.44,0.00772,0.9,1777930222
All Pools,USDt - IMPACT2,0.3,False,2.957,71.98,0.00739,3.75,1777930222
All Pools,AVAX - SOCK,0.3,False,2.811,3348.87,0.00703,0.08,1777930222
All Pools,USDC - SOCK,0.3,False,2.792,487.81,0.00698,0.52,1777930222
All Pools,Now - AVAX,0.3,False,2.756,268.63,0.00689,0.94,1777930222
All Pools,MAGICK - AVAX,0.3,False,2.728,356.82,0.00682,0.7,1777930222
All Pools,MAGICK - USDC,0.3,False,2.727,240.64,0.00682,1.03,1777930222
All Pools,TINU - AVAX,0.3,False,2.724,1360.0,0.00681,0.18,1777930222
All Pools,BTC.b - IMPACT2,0.3,False,2.716,1283.65,0.00679,0.19,1777930222
All Pools,HUSKY - JOE,0.3,False,2.715,180.52,0.00679,1.37,1777930222
All Pools,AVAX - FRAX,0.3,False,2.594,275.01,0.00648,0.86,1777930222
All Pools,AVAX - TIME,0.3,False,2.534,1223.91,0.00634,0.19,1777930222
All Pools,USDT.e - ONION,0.3,False,2.53,773.94,0.00633,0.3,1777930222
All Pools,APOW - USDt,0.3,False,2.423,168.79,0.00606,1.31,1777930222
All Pools,AVAX - AMI,0.3,False,2.407,542.38,0.00602,0.4,1777930222
All Pools,Gravity - AVAX,0.3,False,2.363,340.64,0.00591,0.63,1777930222
All Pools,BLSEYE🎯 - BEAM,0.3,False,2.356,344.44,0.00589,0.62,1777930222
All Pools,pAVAX - AVAX,0.3,False,2.305,1720.57,0.00576,0.12,1777930222
All Pools,APOW - USDC,0.3,False,2.29,169.03,0.00573,1.24,1777930222
All Pools,HOST - DAI.e,0.3,False,2.243,2623.91,0.00561,0.08,1777930222
All Pools,LF - AVAX,0.3,False,2.243,295.47,0.00561,0.69,1777930222
All Pools,MIM - LF,0.3,False,2.243,915.32,0.00561,0.22,1777930222
All Pools,LORD - AVAX,0.3,False,2.109,1966.1,0.00527,0.1,1777930222
All Pools,SHOE - AVAX,0.3,False,2.029,667.2,0.00507,0.28,1777930222
All Pools,67 - AVAX,0.3,False,2.022,0.0035,0.00505,52649.1,1777930222
All Pools,USDC.e - MU,0.3,False,2.005,13530.0,0.00501,0.01,1777930222
All Pools,NOCHILL - OX,0.3,False,1.994,12475.0,0.00498,0.01,1777930222
All Pools,FollowTheWhiteRabbit - BLACK,0.3,False,1.972,1176.98,0.00493,0.15,1777930222
All Pools,AVAX - SPELL,0.3,False,1.97,2799.76,0.00493,0.06,1777930222
All Pools,XAUt0 - Now,0.3,False,1.903,710.72,0.00476,0.24,1777930222
All Pools,GENI - AVAX,0.3,False,1.899,74.44,0.00475,2.33,1777930222
All Pools,UST - USDT.e,0.3,False,1.894,45.53,0.00473,3.8,1777930222
All Pools,USDC - SHRAP,0.3,False,1.856,27.76,0.00464,6.1,1777930222
All Pools,AVAX - NaughtiusMaximus,0.3,False,1.81,445.12,0.00453,0.37,1777930222
All Pools,XAUt0 - NaughtiusMaximus,0.3,False,1.809,1048.85,0.00452,0.16,1777930222
All Pools,DCAU - USDC,0.3,False,1.805,151.46,0.00451,1.09,1777930222
All Pools,DON - AVAX,0.3,False,1.801,4909.72,0.0045,0.03,1777930222
All Pools,USDC.e - AVVO,0.3,False,1.776,253.48,0.00444,0.64,1777930222
All Pools,XAUt0 - Gravity,0.3,False,1.755,397.88,0.00439,0.4,1777930222
All Pools,Trinity - AVAX,0.3,False,1.742,1041.86,0.00435,0.15,1777930222
All Pools,USDt - USDT.e,0.3,False,1.731,20463.0,0.00433,0.01,1777930222
All Pools,PIZZA - AVAX,0.3,False,1.684,515.92,0.00421,0.3,1777930222
All Pools,TRESR - AVAX,0.3,False,1.658,15016.0,0.00414,0.01,1777930222
All Pools,COQ - OX,0.3,False,1.636,12655.0,0.00409,0.01,1777930222
All Pools,BEAR - AVAX,0.3,False,1.619,7343.68,0.00405,0.02,1777930222
All Pools,MIM - PEFI,0.3,False,1.601,205.85,0.004,0.71,1777930222
All Pools,Gravity - BLACK,0.3,False,1.575,1066.68,0.00394,0.13,1777930222
All Pools,AVAX - ELK,0.3,False,1.55,69.23,0.00387,2.04,1777930222
All Pools,KIWI - AVAX,0.3,False,1.537,117.27,0.00384,1.2,1777930222
All Pools,KIWI - USDC,0.3,False,1.519,312.09,0.0038,0.44,1777930222
All Pools,AVAX - LUCKY,0.3,False,1.463,4125.11,0.00366,0.03,1777930222
All Pools,BANKSY - USDT.e,0.3,False,1.399,1567.08,0.0035,0.08,1777930222
All Pools,BANKSY - AVAX,0.3,False,1.399,174.72,0.0035,0.73,1777930222
All Pools,SMRTr - AVAX,0.3,False,1.396,37129.0,0.00349,0.0,1777930222
All Pools,SMRTr - USDC.e,0.3,False,1.392,126.94,0.00348,1.0,1777930222
All Pools,USDC - NXUSD,0.3,False,1.39,3.517,0.00348,36.07,1777930222
All Pools,CRA - AVAX,0.3,False,1.381,10184.0,0.00345,0.01,1777930222
All Pools,DREGG - AVAX,0.3,False,1.374,181.96,0.00344,0.69,1777930222
All Pools,DREGG - USDT.e,0.3,False,1.372,550.3,0.00343,0.23,1777930222
All Pools,JOE - USDT,0.3,False,1.336,365.36,0.00334,0.33,1777930222
All Pools,AVAX - ChristMark,0.3,False,1.335,359.37,0.00334,0.34,1777930222
All Pools,DAI.e - ONION,0.3,False,1.324,353.92,0.00331,0.34,1777930222
All Pools,AVAX - USDT,0.3,False,1.315,2019.31,0.00329,0.06,1777930222
All Pools,COQ - BLSEYE🎯,0.3,False,1.295,214.67,0.00324,0.55,1777930222
All Pools,SHOE - BTC.b,0.3,False,1.29,851.35,0.00322,0.14,1777930222
All Pools,FollowTheWhiteRabbit - AVAX,0.3,False,1.29,166.05,0.00322,0.71,1777930222
All Pools,AVAX - TUS,0.3,False,1.268,8211.27,0.00317,0.01,1777930222
All Pools,COQ - NOCHILL,0.3,False,1.244,14.3,0.00311,7.94,1777930222
All Pools,AVAX - MU,0.3,False,1.231,89.62,0.00308,1.25,1777930222
All Pools,Psychic - BLACK,0.3,False,1.173,464.2,0.00293,0.23,1777930222
All Pools,VPND - AVAX,0.3,False,1.171,25921.0,0.00293,0.0,1777930222
All Pools,XAUt0 - ChristMark,0.3,False,1.128,691.49,0.00282,0.15,1777930222
All Pools,AVAX - SMRT,0.3,False,1.117,2375.6,0.00279,0.04,1777930222
All Pools,BUSD - AVAX,0.3,False,1.117,422.27,0.00279,0.24,1777930222
All Pools,NOCHILL - KET,0.3,False,1.058,15.47,0.00265,6.24,1777930222
All Pools,USDC - LODE,0.3,False,1.053,883.23,0.00263,0.11,1777930222
All Pools,USDT.e - SMRT,0.3,False,1.046,107.73,0.00261,0.89,1777930222
All Pools,MM - USDC,0.3,False,1.024,84.11,0.00256,1.11,1777930222
All Pools,MM - AVAX,0.3,False,1.021,134.9,0.00255,0.69,1777930222
All Pools,MONEY - AVAX,0.3,False,0.99821,637.81,0.0025,0.14,1777930222
All Pools,rloop - AVAX,0.3,False,0.99178,6328.55,0.00248,0.01,1777930222
All Pools,Trinity - BLACK,0.3,False,0.9917,563.83,0.00248,0.16,1777930222
All Pools,LUEEGI - AVAX,0.3,False,0.98903,1602.88,0.00247,0.06,1777930222
All Pools,HUSKY - AMI,0.3,False,0.96075,84.57,0.0024,1.04,1777930222
All Pools,AVAX - AVVO,0.3,False,0.95487,306.73,0.00239,0.28,1777930222
All Pools,KALM - USDC,0.3,False,0.95389,84.83,0.00238,1.03,1777930222
All Pools,KALM - AVAX,0.3,False,0.95387,127.36,0.00238,0.68,1777930222
All Pools,SWIFT - AVAX,0.3,False,0.92194,311.74,0.0023,0.27,1777930222
All Pools,HOST - AVAX,0.3,False,0.92061,107.83,0.0023,0.78,1777930222
All Pools,MIM - TIME,0.3,False,0.91334,123.26,0.00228,0.68,1777930222
All Pools,JOE - EXP,0.3,False,0.90657,13399273.0,0.00227,,1777930222
All Pools,PTOP1100 - TOPIA,0.3,False,0.90456,152.03,0.00226,0.54,1777930222
All Pools,STATIK - AVAX,0.3,False,0.90277,44.74,0.00226,1.84,1777930222
All Pools,Now - BLACK,0.3,False,0.89013,442.5,0.00223,0.18,1777930222
All Pools,Psychic - Now,0.3,False,0.8783,631.24,0.0022,0.13,1777930222
All Pools,ABC - AVAX,0.3,False,0.87789,1087.2,0.00219,0.07,1777930222
All Pools,MAXI - DAI.e,0.3,False,0.86788,237.44,0.00217,0.33,1777930222
All Pools,AVAX - GME,0.3,False,0.85858,713.56,0.00215,0.11,1777930222
All Pools,Trinity - Psychic,0.3,False,0.81884,545.04,0.00205,0.14,1777930222
All Pools,USDC - SPT,0.3,False,0.78155,41.02,0.00195,1.74,1777930222
All Pools,MaryMagdalene - AVAX,0.3,False,0.76572,225.78,0.00191,0.31,1777930222
All Pools,50 - USDC,0.3,False,0.76245,120.91,0.00191,0.58,1777930222
All Pools,50 - AVAX,0.3,False,0.76245,76.96,0.00191,0.9,1777930222
All Pools,AVAX - ZUBAX,0.3,False,0.76008,117.8,0.0019,0.59,1777930222
All Pools,AAVE.e - REDWOLF,0.3,False,0.7513,161.99,0.00188,0.42,1777930222
All Pools,ZUBAX - USDT.e,0.3,False,0.73735,185.57,0.00184,0.36,1777930222
All Pools,WBTC.e - REDWOLF,0.3,False,0.7369,59.63,0.00184,1.13,1777930222
All Pools,SYMBIOT - AVAX,0.3,False,0.73236,92.81,0.00183,0.72,1777930222
All Pools,LadyMary - AVAX,0.3,False,0.72707,367.06,0.00182,0.18,1777930222
All Pools,AVAX - SHRAP,0.3,False,0.72661,17.55,0.00182,3.78,1777930222
All Pools,COQ - OSAK,0.3,False,0.71765,35.58,0.00179,1.84,1777930222
All Pools,SYMBIOT - DAI.e,0.3,False,0.71684,473.47,0.00179,0.14,1777930222
All Pools,FollowTheWhiteRabbit - LuciferMorningstar,0.3,False,0.69269,3639.52,0.00173,0.02,1777930222
All Pools,JEWEL - USDC,0.3,False,0.69228,4520.97,0.00173,0.01,1777930222
All Pools,LINK.e - REDWOLF,0.3,False,0.69175,81.84,0.00173,0.77,1777930222
All Pools,WETH.e - USDC,0.3,False,0.69146,22.89,0.00173,2.76,1777930222
All Pools,AVAX - KONG,0.3,False,0.68798,7519.99,0.00172,0.01,1777930222
All Pools,Orange - AVAX,0.3,False,0.68015,87.75,0.0017,0.71,1777930222
All Pools,Gladiator - AVAX,0.3,False,0.66445,3.733,0.00166,16.24,1777930222
All Pools,MaryMagdalene - XAUt0,0.3,False,0.66236,1932.4,0.00166,0.03,1777930222
All Pools,COQ - COQAI,0.3,False,0.66105,28302.0,0.00165,0.0,1777930222
All Pools,USDT.e - MU,0.3,False,0.657,255.94,0.00164,0.23,1777930222
All Pools,bCASH - NOCHILL,0.3,False,0.62623,19.18,0.00157,2.98,1777930222
All Pools,Trinity - LuciferMorningstar,0.3,False,0.6192,351724543.0,0.00155,,1777930222
All Pools,AVAX - mYAK,0.3,False,0.58834,58.58,0.00147,0.92,1777930222
All Pools,AVAX - APE - X,0.3,False,0.57386,665.6,0.00143,0.08,1777930222
All Pools,YEEHAW - BTC.b,0.3,False,0.56849,128.92,0.00142,0.4,1777930222
All Pools,SOL - USDC,0.3,False,0.56414,24.12,0.00141,2.13,1777930222
All Pools,MU - DAI.e,0.3,False,0.5544,246.61,0.00139,0.21,1777930222
All Pools,BTC.b - SPT,0.3,False,0.54652,40.23,0.00137,1.24,1777930222
All Pools,USDC - aXEN,0.3,False,0.5396,9.538,0.00135,5.16,1777930222
All Pools,Gladiator - USDC,0.3,False,0.5385,565.29,0.00135,0.09,1777930222
All Pools,AVAX - PENDLE,0.3,False,0.53102,7814.18,0.00133,0.01,1777930222
All Pools,MIM - wsOHM,0.3,False,0.5274,1104.86,0.00132,0.04,1777930222
All Pools,MIM - USDC.e,0.3,False,0.52286,2009.05,0.00131,0.02,1777930222
All Pools,GUN - AMI,0.3,False,0.51276,22.66,0.00128,2.06,1777930222
All Pools,WETH.e - REDWOLF,0.3,False,0.49884,103.09,0.00125,0.44,1777930222
All Pools,USDt - RUX,0.3,False,0.49806,16119.0,0.00125,0.0,1777930222
All Pools,Gladiator - AMI,0.3,False,0.49803,370.83,0.00125,0.12,1777930222
All Pools,RUX - AVAX,0.3,False,0.49801,30.53,0.00125,1.49,1777930222
All Pools,Orange - DivineFeminine,0.3,False,0.49709,1100.74,0.00124,0.04,1777930222
All Pools,WETH.e - SURE,0.3,False,0.47959,1104.3,0.0012,0.04,1777930222
All Pools,UNI.e - REDWOLF,0.3,False,0.47421,10.72,0.00119,4.04,1777930222
All Pools,COQ - BOOTY,0.3,False,0.47045,11.01,0.00118,3.9,1777930222
All Pools,COQ - JUICE,0.3,False,0.46056,48.66,0.00115,0.86,1777930222
All Pools,LUNA - LUNA,0.3,False,0.45142,3.131,0.00113,13.16,1777930222
All Pools,MIM - MU,0.3,False,0.4483,254.72,0.00112,0.16,1777930222
All Pools,IMPACT2 - EURC,0.3,False,0.43904,47.17,0.0011,0.85,1777930222
All Pools,CQK - AVAX,0.3,False,0.434,132.73,0.00109,0.3,1777930222
All Pools,CQK - USDC,0.3,False,0.43393,35.32,0.00108,1.12,1777930222
All Pools,gOHM - wsOHM,0.3,False,0.43241,37.33,0.00108,1.06,1777930222
All Pools,AVAX - ARENA,0.3,False,0.43054,81.69,0.00108,0.48,1777930222
All Pools,USDC - CHAM,0.3,False,0.42728,50.3,0.00107,0.78,1777930222
All Pools,Trinity - LadyMary,0.3,False,0.42494,11196.0,0.00106,0.0,1777930222
All Pools,TECH - OX,0.3,False,0.41895,5029.32,0.00105,0.01,1777930222
All Pools,AftermathsKobe - AVAX,0.3,False,0.41445,296.07,0.00104,0.13,1777930222
All Pools,Psychic - AftermathsKobe,0.3,False,0.41359,324.64,0.00103,0.12,1777930222
All Pools,AVAX - TOPIA,0.3,False,0.41352,530.04,0.00103,0.07,1777930222
All Pools,BLS - USDt,0.3,False,0.41297,120.23,0.00103,0.31,1777930222
All Pools,ZRO - USDC,0.3,False,0.41145,5.707,0.00103,6.58,1777930222
All Pools,USDC - yyAVAX,0.3,False,0.40604,14.24,0.00102,2.6,1777930222
All Pools,NOCHILL - AMI,0.3,False,0.40582,5.667,0.00101,6.53,1777930222
All Pools,BLS - SHRAP,0.3,False,0.4055,9.855,0.00101,3.75,1777930222
All Pools,FERT - AVAX,0.3,False,0.40094,814.22,0.001,0.04,1777930222
All Pools,CommieSukey - AVAX,0.3,False,0.38855,291.55,,0.12,1777930222
All Pools,Psychic - CommieSukey,0.3,False,0.38803,318.75,,0.11,1777930222
All Pools,CGS - USDC.e,0.3,False,0.38148,159.91,,0.22,1777930222
All Pools,CGS - AVAX,0.3,False,0.38141,66.87,,0.52,1777930222
All Pools,USDC - USD+,0.3,False,0.3734,33.07,,1.03,1777930222
All Pools,TRACTOR - AVAX,0.3,False,0.36915,14987.0,,0.0,1777930222
All Pools,Meaning - AVAX,0.3,False,0.36869,456.2,,0.07,1777930222
All Pools,Psychic - Meaning,0.3,False,0.36797,313.25,,0.11,1777930222
All Pools,Trinity - Gravity,0.3,False,0.36777,2463.62,,0.01,1777930222
All Pools,DivineFeminine - Gravity,0.3,False,0.36582,2323.04,,0.01,1777930222
All Pools,CANS - AVAX,0.3,False,0.36409,13.05,,2.55,1777930222
All Pools,VEE - USDC,0.3,False,0.35269,32.49,,0.99,1777930222
All Pools,SURE - DAI.e,0.3,False,0.34316,28.29,,1.11,1777930222
All Pools,Jjj - AVAX,0.3,False,0.34225,291.91,,0.11,1777930222
All Pools,DFIAT - USDT.e,0.3,False,0.34203,28.38,,1.1,1777930222
All Pools,APIX - LAMBO,0.3,False,0.34158,564.69,,0.06,1777930222
All Pools,Psychic - Jjj,0.3,False,0.34155,319.86,,0.1,1777930222
All Pools,TSD - AVAX,0.3,False,0.33705,323.51,,0.1,1777930222
All Pools,sAVAX - COQ,0.3,False,0.33245,94.31,,0.32,1777930222
All Pools,Anon - AVAX,0.3,False,0.33075,14.38,,2.1,1777930222
All Pools,oXAUT - AVAX,0.3,False,0.32834,527.03,,0.06,1777930222
All Pools,AVAX - XPOW,0.3,False,0.32825,40.28,,0.74,1777930222
All Pools,BTC.b - oXAUT,0.3,False,0.32821,380.83,,0.08,1777930222
All Pools,USDT.e - DUO,0.3,False,0.32255,57.72,,0.51,1777930222
All Pools,AVAX - DUO,0.3,False,0.32251,71.44,,0.41,1777930222
All Pools,BENIS - NOCHILL,0.3,False,0.32067,4.565,,6.41,1777930222
All Pools,AVAX - MeaningOfNumbers,0.3,False,0.31637,291.72,,0.1,1777930222
All Pools,Psychic - MeaningOfNumbers,0.3,False,0.31575,319.99,,0.09,1777930222
All Pools,AVAX - BlackAndGold,0.3,False,0.31431,293.25,,0.1,1777930222
All Pools,Psychic - BlackAndGold,0.3,False,0.31385,319.47,,0.09,1777930222
All Pools,USDt - REDWOLF,0.3,False,0.30889,14.98,,1.88,1777930222
All Pools,HUSKY - MUG,0.3,False,0.30625,23.88,,1.17,1777930222
All Pools,AVAX - APOW,0.3,False,0.30581,39.83,,0.7,1777930222
All Pools,DFIAT - AVAX,0.3,False,0.30351,7588.89,,0.0,1777930222
All Pools,LadyMary - FollowTheWhiteRabbit,0.3,False,0.30285,649.6,,0.04,1777930222
All Pools,AVAT - USDC,0.3,False,0.3026,40.67,,0.68,1777930222
All Pools,BRO - COQ,0.3,False,0.30254,208.22,,0.13,1777930222
All Pools,SLUSH - USDT.e,0.3,False,0.30167,60.44,,0.46,1777930222
All Pools,SLUSH - AVAX,0.3,False,0.30164,59.22,,0.46,1777930222
All Pools,BRO - AVAX,0.3,False,0.30091,140968.0,,,1777930222
All Pools,USDC.e - WXT,0.3,False,0.29996,291.95,,0.09,1777930222
All Pools,Ducks - AVAX,0.3,False,0.29984,291.7,,0.09,1777930222
All Pools,Psychic - Ducks,0.3,False,0.29929,319.88,,0.09,1777930222
All Pools,BTC.b - HOWDY,0.3,False,0.29609,187.23,,0.14,1777930222
All Pools,AVAX - BLACK,0.3,False,0.29561,6.07,,4.44,1777930222
All Pools,USDC.e - WISE,0.3,False,0.2933,46.33,,0.58,1777930222
All Pools,AVAX - WISE,0.3,False,0.29326,79.26,,0.34,1777930222
All Pools,AVVO - DAI.e,0.3,False,0.29096,39.88,,0.67,1777930222
All Pools,PTOP900 - TOPIA,0.3,False,0.29008,104.51,,0.25,1777930222
All Pools,AVAI - AVAX,0.3,False,0.28793,29.52,,0.89,1777930222
All Pools,GAINS - AVAX,0.3,False,0.28569,41.33,,0.63,1777930222
All Pools,AVAX - MILO,0.3,False,0.28167,1160.91,,0.02,1777930222
All Pools,AI - AVAX,0.3,False,0.28167,4364.85,,0.01,1777930222
All Pools,USDt - MILO,0.3,False,0.28165,17.25,,1.49,1777930222
All Pools,HOWDY - AVAX,0.3,False,0.28057,21325.0,,0.0,1777930222
All Pools,miMatic - USDC.e,0.3,False,0.27753,23.46,,1.08,1777930222
All Pools,MIM - FORT,0.3,False,0.27181,18208.0,,0.0,1777930222
All Pools,AVAX - FORT,0.3,False,0.27181,39.39,,0.63,1777930222
All Pools,AVAX - MUG,0.3,False,0.27109,354.41,,0.07,1777930222
All Pools,BOI - MU,0.3,False,0.26989,1.274,,19.34,1777930222
All Pools,NOCHILL - REDWOLF,0.3,False,0.26931,3.287,,7.48,1777930222
All Pools,KRW - AVAX,0.3,False,0.26908,459.66,,0.05,1777930222
All Pools,JOE - KRW,0.3,False,0.26894,238.93,,0.1,1777930222
All Pools,Psychic - Xmas,0.3,False,0.26872,300.55,,0.08,1777930222
All Pools,Hopi - AVAX,0.3,False,0.26539,217.29,,0.11,1777930222
All Pools,Hopi - Now,0.3,False,0.26518,714.21,,0.03,1777930222
All Pools,WBTC.e - USDC.e,0.3,False,0.26506,9.075,,2.67,1777930222
All Pools,wsOHM - AVAX,0.3,False,0.26014,22.25,,1.07,1777930222
All Pools,YEEHAW - AVAX,0.3,False,0.25523,31.95,,0.73,1777930222
All Pools,AVAX - CHAM,0.3,False,0.25489,33.22,,0.7,1777930222
All Pools,USDT - ETH,0.3,False,0.25384,216.93,,0.11,1777930222
All Pools,AVAX - Prometheus,0.3,False,0.25297,284.86,,0.08,1777930222
All Pools,Psychic - Prometheus,0.3,False,0.25245,311.02,,0.07,1777930222
All Pools,Psychic - Sinterklaas,0.3,False,0.24977,317.09,,0.07,1777930222
All Pools,AVAX - Wej,0.3,False,0.24802,292.42,,0.08,1777930222
All Pools,AVAX - BJOE,0.3,False,0.24783,1402.03,,0.02,1777930222
All Pools,Psychic - Wej,0.3,False,0.2475,319.69,,0.07,1777930222
All Pools,ArniStitch - AVAX,0.3,False,0.24154,291.71,,0.08,1777930222
All Pools,$Crazy - AVAX,0.3,False,0.24153,1015.55,,0.02,1777930222
All Pools,Psychic - ArniStitch,0.3,False,0.24107,319.88,,0.07,1777930222
All Pools,avax0 - AVAX,0.3,False,0.2402,6.99,,3.14,1777930222
All Pools,Xmas - AVAX,0.3,False,0.23784,274.72,,0.08,1777930222
All Pools,AVAX - SPT,0.3,False,0.2371,16.61,,1.3,1777930222
All Pools,TOPIA - PTOP800,0.3,False,0.23296,147.82,,0.14,1777930222
All Pools,GLOBA - AVAX,0.3,False,0.2313,51.77,,0.41,1777930222
All Pools,HEFE - GAINS,0.3,False,0.22749,6.394,,3.25,1777930222
All Pools,BOI - AMI,0.3,False,0.22653,1.082,,19.11,1777930222
All Pools,AVAX - All,0.3,False,0.2253,293.6,,0.07,1777930222
All Pools,Psychic - All,0.3,False,0.22487,319.65,,0.06,1777930222
All Pools,AVAX - RedFolder,0.3,False,0.22326,292.23,,0.07,1777930222
All Pools,DéjàVu - Gravity,0.3,False,0.22288,208.16,,0.1,1777930222
All Pools,Psychic - RedFolder,0.3,False,0.2228,319.75,,0.06,1777930222
All Pools,GLOBA - DAI.e,0.3,False,0.22145,52.88,,0.38,1777930222
All Pools,Serpentarius - AVAX,0.3,False,0.22139,296.74,,0.07,1777930222
All Pools,ACS - USDC.e,0.3,False,0.22116,5.75,,3.51,1777930222
All Pools,Psychic - Serpentarius,0.3,False,0.2209,324.2,,0.06,1777930222
All Pools,USDT.e - ZABU,0.3,False,0.21792,48.57,,0.41,1777930222
All Pools,MIM - PAPA,0.3,False,0.21641,416.72,,0.05,1777930222
All Pools,PAPA - AVAX,0.3,False,0.21638,30.85,,0.64,1777930222
All Pools,MIM - USDC,0.3,False,0.21572,76.98,,0.26,1777930222
All Pools,SUB - USDC,0.3,False,0.21459,13.43,,1.46,1777930222
All Pools,AVAX - SNOB,0.3,False,0.21219,980.38,,0.02,1777930222
All Pools,MerryXmas - AVAX,0.3,False,0.2106,269.14,,0.07,1777930222
All Pools,METAG - AVAX,0.3,False,0.20954,24.6,,0.78,1777930222
All Pools,USDC - BVAX,0.3,False,0.2076,30.96,,0.61,1777930222
All Pools,EGG - AVAX,0.3,False,0.20728,23429.0,,,1777930222
All Pools,USDC.e - SOL,0.3,False,0.20511,42.12,,0.44,1777930222
All Pools,NeatestQuackery - AVAX,0.3,False,0.20029,291.39,,0.06,1777930222
All Pools,Psychic - NeatestQuackery,0.3,False,0.19993,319.95,,0.06,1777930222
All Pools,USDt - DXN,0.3,False,0.19218,216.27,,0.08,1777930222
All Pools,DiamondbackGall - AVAX,0.3,False,0.1902,293.65,,0.06,1777930222
All Pools,Psychic - DiamondbackGall,0.3,False,0.18984,319.92,,0.05,1777930222
All Pools,FollowTheWhiteRabbit - TheGospelOfMary,0.3,False,0.18673,157.24,,0.11,1777930222
All Pools,AVAX - TheGospelOfMary,0.3,False,0.18655,159.23,,0.11,1777930222
All Pools,HEFE - CANS,0.3,False,0.18639,4.633,,3.67,1777930222
All Pools,BrideOfChrist - AVAX,0.3,False,0.18235,89.71,,0.19,1777930222
All Pools,UST - USDC,0.3,False,0.18128,4.638,,3.57,1777930222
All Pools,KIMBO - CANS,0.3,False,0.17951,394.6,,0.04,1777930222
All Pools,Psychic - MerryXmas,0.3,False,0.17869,294.28,,0.06,1777930222
All Pools,DogL - AVAX,0.3,False,0.17868,293.64,,0.06,1777930222
All Pools,Psychic - DogL,0.3,False,0.17834,319.93,,0.05,1777930222
All Pools,USDt - XPOW,0.3,False,0.17549,20.34,,0.79,1777930222
All Pools,AVAT - AVAX,0.3,False,0.17538,21.65,,0.74,1777930222
All Pools,DCAU - MIM,0.3,False,0.17214,312.67,,0.05,1777930222
All Pools,BrideOfChrist - FollowTheWhiteRabbit,0.3,False,0.17065,728.06,,0.02,1777930222
All Pools,AVAX - ZABU,0.3,False,0.16842,30.48,,0.5,1777930222
All Pools,MELT - AVAX,0.3,False,0.16548,25.06,,0.6,1777930222
All Pools,SURE - USDC.e,0.3,False,0.16389,23.79,,0.63,1777930222
All Pools,Chemistry - AVAX,0.3,False,0.16337,89.73,,0.17,1777930222
All Pools,Matter - AVAX,0.3,False,0.16124,80.55,,0.18,1777930222
All Pools,Orange - Matter,0.3,False,0.16089,8945.02,,0.0,1777930222
All Pools,AVAX - NXUSD,0.3,False,0.16006,0.49254,,29.65,1777930222
All Pools,TickTock - AVAX,0.3,False,0.15722,89.56,,0.16,1777930222
All Pools,USDt - APOW,0.3,False,0.15706,20.32,,0.71,1777930222
All Pools,TickTock - Now,0.3,False,0.15701,904.82,,0.02,1777930222
All Pools,DivineFeminine - AVAX,0.3,False,0.15605,6.246,,2.28,1777930222
All Pools,gOHM - SB,0.3,False,0.15289,15.31,,0.91,1777930222
All Pools,USDC - XPOW,0.3,False,0.15272,20.36,,0.68,1777930222
All Pools,USDT.e - EXP,0.3,False,0.15189,44253151.0,,,1777930222
All Pools,Beyond - AVAX,0.3,False,0.15096,89.39,,0.15,1777930222
All Pools,Beyond - Orange,0.3,False,0.15067,4399.74,,0.0,1777930222
All Pools,BTC.b - REDWOLF,0.3,False,0.14961,120.65,,0.11,1777930222
All Pools,AMI - TOPIA,0.3,False,0.14881,223.17,,0.06,1777930222
All Pools,USDC - APOW,0.3,False,0.14868,20.29,,0.67,1777930222
All Pools,Christmas - AVAX,0.3,False,0.14789,249.36,,0.05,1777930222
All Pools,MIM - BLANC,0.3,False,0.14457,8467.31,,0.0,1777930222
All Pools,AVAX - BLANC,0.3,False,0.14456,22.08,,0.6,1777930222
All Pools,Psychic - Miller,0.3,False,0.14392,436.07,,0.03,1777930222
All Pools,Chemistry - Now,0.3,False,0.14346,905.19,,0.01,1777930222
All Pools,AVAX - SDOG,0.3,False,0.142,10.27,,1.26,1777930222
All Pools,FLAKE - USDT.e,0.3,False,0.14133,51.18,,0.25,1777930222
All Pools,FLAKE - AVAX,0.3,False,0.14131,21.54,,0.6,1777930222
All Pools,miMatic - AVAX,0.3,False,0.13976,37.09,,0.34,1777930222
All Pools,LUNA - USDC,0.3,False,0.13859,1.638,,7.72,1777930222
All Pools,NOCHILL - MU,0.3,False,0.13678,2.042,,6.11,1777930222
All Pools,TOMB - USDC,0.3,False,0.1367,10.71,,1.17,1777930222
All Pools,USDC - SDOG,0.3,False,0.13641,485.42,,0.03,1777930222
All Pools,METAG - USDt,0.3,False,0.13631,16.2,,0.77,1777930222
All Pools,WarpSpeed - AVAX,0.3,False,0.13505,139.71,,0.09,1777930222
All Pools,Gravity - WarpSpeed,0.3,False,0.13503,84.89,,0.15,1777930222
All Pools,Light - AVAX,0.3,False,0.12672,89.67,,0.13,1777930222
All Pools,AVAX - GAU,0.3,False,0.12665,9.22,,1.25,1777930222
All Pools,Light - Now,0.3,False,0.12649,905.72,,0.01,1777930222
All Pools,Sanskrit - AVAX,0.3,False,0.12596,89.7,,0.13,1777930222
All Pools,BTC.b - USDC,0.3,False,0.12581,4.718,,2.43,1777930222
All Pools,Sanskrit - Now,0.3,False,0.12567,906.14,,0.01,1777930222
All Pools,AVAX - Strength,0.3,False,0.12529,141.44,,0.08,1777930222
All Pools,FollowTheWhiteRabbit - DivineFeminine,0.3,False,0.12508,677.85,,0.02,1777930222
All Pools,AVAX - Mentor,0.3,False,0.12424,89.31,,0.13,1777930222
All Pools,Now - Mentor,0.3,False,0.1241,902.64,,0.01,1777930222
All Pools,GURS - NOCHILL,0.3,False,0.12274,1.846,,6.07,1777930222
All Pools,YETI - AVAX,0.3,False,0.12008,3316.97,,0.0,1777930222
All Pools,LUNA - USDt,0.3,False,0.11917,1.553,,7.0,1777930222
All Pools,ALOT - USDC.e,0.3,False,0.11815,9.338,,1.15,1777930222
All Pools,LIBRE - USDC.e,0.3,False,0.11688,14.96,,0.71,1777930222
All Pools,SOB - LUNA,0.3,False,0.11427,1.42,,7.34,1777930222
All Pools,Silver - AVAX,0.3,False,0.11351,88.21,,0.12,1777930222
All Pools,Silver - Now,0.3,False,0.11331,907.16,,0.01,1777930222
All Pools,YEEHAW - USDC,0.3,False,0.11154,12.72,,0.8,1777930222
All Pools,MELT - USDT.e,0.3,False,0.1108,31.05,,0.33,1777930222
All Pools,Solar - AVAX,0.3,False,0.10994,89.93,,0.11,1777930222
All Pools,Solar - Now,0.3,False,0.10987,908.37,,0.01,1777930222
All Pools,Go - AVAX,0.3,False,0.10838,140.49,,0.07,1777930222
All Pools,UST - UST,0.3,False,0.10733,2.031,,4.82,1777930222
All Pools,Psychic - DéjàVu,0.3,False,0.1071,196.9,,0.05,1777930222
All Pools,KLO - USDT.e,0.3,False,0.10602,5.643,,1.71,1777930222
All Pools,Yellow - AVAX,0.3,False,0.10584,265.94,,0.04,1777930222
All Pools,CNR - USDC,0.3,False,0.10572,4.868,,1.98,1777930222
All Pools,Blue - AVAX,0.3,False,0.10544,263.74,,0.04,1777930222
All Pools,WINK - NOCHILL,0.3,False,0.10496,0.82841,,11.56,1777930222
All Pools,FollowTheWhiteRabbit - Priory,0.3,False,0.10475,926.26,,0.01,1777930222
All Pools,NineHundred - AVAX,0.3,False,0.10473,140.47,,0.07,1777930222
All Pools,BLUB - AVAX,0.0,False,0.1047,47.34,0.0,0.0,1777930222
All Pools,Priory - AVAX,0.3,False,0.10465,77.14,,0.12,1777930222
All Pools,3QF - D - AVAX,0.3,False,0.10164,1797.53,,0.01,1777930222
All Pools,Uncontractable - AVAX,0.3,False,0.10154,88.13,,0.11,1777930222
All Pools,Uncontractable - Now,0.3,False,0.10137,885.59,,0.01,1777930222
All Pools,3QF - D - WETH.e,0.3,False,0.10135,3187.26,,0.0,1777930222
All Pools,Gold - AVAX,0.3,False,0.10079,89.74,,0.1,1777930222
All Pools,Gold - Now,0.3,False,0.10064,906.43,,0.01,1777930222
All Pools,MAJIN - REDWOLF,0.3,False,0.0999,7.069,,1.29,1777930222
All Pools,JPYC - USDC.e,0.3,False,0.09987,4.816,,1.89,1777930222
All Pools,Hydrogen - AVAX,0.3,False,0.09942,263.69,,0.03,1777930222
All Pools,SLIME - AVAX,0.3,False,0.09841,21876.0,,,1777930222
All Pools,SLIME - USDt,0.3,False,0.09838,7.408,,1.21,1777930222
All Pools,GAS - AVAX,0.3,False,0.09827,232.28,,0.04,1777930222
All Pools,AVAX - Propriety,0.3,False,0.09779,89.38,,0.1,1777930222
All Pools,Now - Propriety,0.3,False,0.09758,904.83,,0.01,1777930222
All Pools,USDC.e - NXUSD,0.3,False,0.09721,1.659,,5.35,1777930222
All Pools,Christmas - Merovingian,0.3,False,0.09712,117.34,,0.08,1777930222
All Pools,Now - Merovingian,0.3,False,0.09665,69.85,,0.13,1777930222
All Pools,Necromancer - AVAX,0.3,False,0.09662,89.5,,0.1,1777930222
All Pools,AVAX - √Root,0.3,False,0.09657,89.41,,0.1,1777930222
All Pools,Now - √Root,0.3,False,0.09645,903.1,,0.01,1777930222
All Pools,Now - Necromancer,0.3,False,0.09644,904.21,,0.01,1777930222
All Pools,AVAX - LuciferMorningstar,0.3,False,0.09639,14.64,,0.6,1777930222
All Pools,ORNG - JUICE,0.3,False,0.09615,2.788,,3.15,1777930222
All Pools,MAJIN - MU,0.3,False,0.09607,4.449,,1.97,1777930222
All Pools,AVAX - NEMO,0.3,False,0.09502,7.85,,1.1,1777930222
All Pools,USDt - NEMO,0.3,False,0.09501,97.18,,0.09,1777930222
All Pools,USDC - USDT.e,0.3,False,0.09447,154.86,,0.06,1777930222
All Pools,RUGPULL - MUG,0.3,False,0.09406,186.13,,0.05,1777930222
All Pools,MIM - AUSD,0.3,False,0.09353,35.45,,0.24,1777930222
All Pools,wsOHM - USDC.e,0.3,False,0.09331,42.66,,0.2,1777930222
All Pools,AVAX - STRAW,0.3,False,0.09191,15.75,,0.53,1777930222
All Pools,Psychic - Blue,0.3,False,0.09182,82.29,,0.1,1777930222
All Pools,AVAX - Teste,0.3,False,0.09065,88.7,,0.09,1777930222
All Pools,Now - Teste,0.3,False,0.09051,907.42,,0.01,1777930222
All Pools,Slope - AVAX,0.3,False,0.09039,89.69,,0.09,1777930222
All Pools,JOE - ZABU,0.3,False,0.09038,18.61,,0.44,1777930222
All Pools,Slope - Now,0.3,False,0.0902,904.03,,0.01,1777930222
All Pools,NOCHILL - WAIFU,0.3,False,0.08923,149.9,,0.05,1777930222
All Pools,AVAX - Sinterklaas,0.3,False,0.0884,139.58,,0.06,1777930222
All Pools,DAI.e - STRAW,0.3,False,0.08796,34.2,,0.23,1777930222
All Pools,Strength - Sinterklaas,0.3,False,0.0871,1666.99,,0.0,1777930222
All Pools,Gil - AVAX,0.3,False,0.08705,17.11,,0.46,1777930222
All Pools,aAvaLINK - AVAX,0.3,False,0.08596,9.645,,0.81,1777930222
All Pools,Psychic - Hydrogen,0.3,False,0.08576,82.63,,0.09,1777930222
All Pools,LINK.e - MU,0.3,False,0.08572,7.515,,1.04,1777930222
All Pools,BUSD - USDC,0.3,False,0.08533,7.724,,1.01,1777930222
All Pools,Void - AVAX,0.3,False,0.08497,87.85,,0.09,1777930222
All Pools,Void - Now,0.3,False,0.0848,907.24,,0.01,1777930222
All Pools,BANKSY - USDC.e,0.3,False,0.08457,31.35,,0.25,1777930222
All Pools,BANKSY - AVAX,0.3,False,0.08454,23.37,,0.33,1777930222
All Pools,Gil - DAI.e,0.3,False,0.08329,28.43,,0.27,1777930222
All Pools,AVAX - Nala,0.3,False,0.08269,25.85,,0.29,1777930222
All Pools,PTOP1300 - TOPIA,0.3,False,0.08188,97.55,,0.08,1777930222
All Pools,H2O - AVAX,0.3,False,0.0808,22.63,,0.33,1777930222
All Pools,HEFE - AMI,0.3,False,0.0803,1.901,,3.85,1777930222
All Pools,ZUM - NOCHILL,0.3,False,0.07681,1.171,,5.99,1777930222
All Pools,Psychic - Stolen,0.3,False,0.07658,85.74,,0.08,1777930222
All Pools,BTC.b - MU,0.3,False,0.07421,11.47,,0.59,1777930222
All Pools,WDAO - MIM,0.3,False,0.07373,23.67,,0.28,1777930222
All Pools,WDAO - AVAX,0.3,False,0.07371,19.85,,0.34,1777930222
All Pools,Psychic - Yellow,0.3,False,0.07345,82.88,,0.08,1777930222
All Pools,Miller - AVAX,0.3,False,0.07343,91.15,,0.07,1777930222
All Pools,METAG - USDT.e,0.3,False,0.07317,49.79,,0.13,1777930222
All Pools,RoselineBloodline - AVAX,0.3,False,0.07038,44.46,,0.14,1777930222
All Pools,FollowTheWhiteRabbit - RoselineBloodline,0.3,False,0.07038,41.44,,0.15,1777930222
All Pools,Who - AVAX,0.3,False,0.06981,140.19,,0.05,1777930222
All Pools,NotBrideOfChrist - AVAX,0.3,False,0.06965,69.05,,0.09,1777930222
All Pools,AVAX - Blessing,0.3,False,0.06954,80.4,,0.08,1777930222
All Pools,Now - Blessing,0.3,False,0.0694,807.72,,0.01,1777930222
All Pools,Mungo - AVAX,0.3,False,0.06843,41.36,,0.15,1777930222
All Pools,DéjàVu - Mungo,0.3,False,0.06835,183.44,,0.03,1777930222
All Pools,CNR - USDt,0.3,False,0.06754,4.893,,1.26,1777930222
All Pools,bECH - AVAX,0.3,False,0.06724,21.62,,0.28,1777930222
All Pools,LoveYou - AVAX,0.3,False,0.06682,61.73,,0.1,1777930222
All Pools,LoveYou - Gravity,0.3,False,0.06675,56.78,,0.11,1777930222
All Pools,MIM - GG,0.3,False,0.06542,295.12,,0.02,1777930222
All Pools,AVAX - GG,0.3,False,0.06541,9.543,,0.63,1777930222
All Pools,UNIQOC - AVAX,0.3,False,0.06448,1142.9,,0.01,1777930222
All Pools,UNIQOC - COQ,0.3,False,0.0641,54.48,,0.11,1777930222
All Pools,CHAMP - AMI,0.3,False,0.06366,38.51,,0.15,1777930222
All Pools,MIM - SPELL,0.3,False,0.06293,7.663,,0.75,1777930222
All Pools,ElvisJackpot - BLACK,0.3,False,0.06289,17.72,,0.32,1777930222
All Pools,NotBrideOfChrist - Miller,0.3,False,0.06268,21877.0,,,1777930222
All Pools,AVAX - KET,0.3,False,0.06228,37.99,,0.15,1777930222
All Pools,MIM - GG,0.3,False,0.06169,23.62,,0.24,1777930222
All Pools,GG - AVAX,0.3,False,0.06169,12.47,,0.45,1777930222
All Pools,wMEMO - AVAX,0.3,False,0.06121,13.87,,0.4,1777930222
All Pools,AVAX - SantaGospel,0.3,False,0.06054,134.33,,0.04,1777930222
All Pools,BrideOfChrist - BLACK,0.3,False,0.06046,33.1,,0.17,1777930222
All Pools,Vaccine - AVAX,0.3,False,0.06022,88.11,,0.06,1777930222
All Pools,Vaccine - Now,0.3,False,0.06018,896.94,,0.01,1777930222
All Pools,FINANCE - NOCHILL,0.3,False,0.05996,445.75,,0.01,1777930222
All Pools,TRYB - USDC.e,0.3,False,0.05992,31.51,,0.17,1777930222
All Pools,USDR - USDC,0.3,False,0.059,41.05,,0.13,1777930222
All Pools,COQ - AMI,0.3,False,0.0586,14.08,,0.38,1777930222
All Pools,Go - Sinterklaas,0.3,False,0.05835,1660.08,,0.0,1777930222
All Pools,meGNX - AVAX,0.3,False,0.05776,17.71,,0.3,1777930222
All Pools,Stolen - AVAX,0.3,False,0.05757,17.72,,0.3,1777930222
All Pools,wMEMO - MIM,0.3,False,0.05757,20.79,,0.25,1777930222
All Pools,Psychic - Who,0.3,False,0.05636,74.47,,0.07,1777930222
All Pools,SOB - AVAX,0.3,False,0.0554,552.99,,0.01,1777930222
All Pools,MELT - USDC.e,0.3,False,0.05469,31.4,,0.16,1777930222
All Pools,MPL - USDt,0.3,False,0.05372,30.83,,0.16,1777930222
All Pools,MPL - AVAX,0.3,False,0.0537,6.208,,0.79,1777930222
All Pools,FITFI - USDC,0.3,False,0.0532,0.45139,,10.75,1777930222
All Pools,Apollyon - AVAX,0.3,False,0.05313,36.68,,0.13,1777930222
All Pools,Apollyon - LuciferMorningstar,0.3,False,0.05307,235003480.0,,,1777930222
All Pools,MaryMagdalene - Gravity,0.3,False,0.05279,131.48,,0.04,1777930222
All Pools,DUO - USDT.e,0.3,False,0.0507,7.286,,0.64,1777930222
All Pools,GOLD - AVAX,0.3,False,0.04973,0.00689,,658.45,1777930222
All Pools,Psychic - NineHundred,0.3,False,0.04951,73.64,,0.06,1777930222
All Pools,JOE - ZUBAX,0.3,False,0.04876,9.137,,0.49,1777930222
All Pools,MaryMagdalene - BrideOfChrist,0.3,False,0.04866,119.35,,0.04,1777930222
All Pools,USDT.e - XAVA,0.3,False,0.04783,11.34,,0.38,1777930222
All Pools,DéjàVu - AVAX,0.3,False,0.0476,44.64,,0.1,1777930222
All Pools,MIM - SBR,0.3,False,0.04757,40.11,,0.11,1777930222
All Pools,SBR - AVAX,0.3,False,0.04756,7.39,,0.59,1777930222
All Pools,USDC.e - WOLF,0.3,False,0.04738,8.787,,0.49,1777930222
All Pools,AVAX - WOLF,0.3,False,0.04737,74.15,,0.06,1777930222
All Pools,TrumpTower - AVAX,0.3,False,0.04615,161.01,,0.03,1777930222
All Pools,TrumpTower - Gravity,0.3,False,0.04612,76.22,,0.06,1777930222
All Pools,AVAX - EROL,0.3,False,0.04571,39.56,,0.11,1777930222
All Pools,MIM - NADO,0.3,False,0.04556,1165.23,,0.0,1777930222
All Pools,AVAX - NADO,0.3,False,0.04555,7.778,,0.53,1777930222
All Pools,REDWOLF - SOL,0.3,False,0.04551,75.1,,0.06,1777930222
All Pools,Chrism - ChristMark,0.3,False,0.04539,179.29,,0.02,1777930222
All Pools,Psychic - SantaGospel,0.3,False,0.04497,73.68,,0.06,1777930222
All Pools,MELT - AVAX,0.3,False,0.04478,1143.17,,0.0,1777930222
All Pools,XAUt0 - ElvisJackpot,0.3,False,0.04393,327.55,,0.01,1777930222
All Pools,Trinity - Nala,0.3,False,0.04388,41.0,,0.1,1777930222
All Pools,MIM - LIFE,0.3,False,0.04345,67.01,,0.06,1777930222
All Pools,LIFE - AVAX,0.3,False,0.04345,7.251,,0.55,1777930222
All Pools,USDT.e - TMT,0.3,False,0.04322,26.04,,0.15,1777930222
All Pools,AVAX - TMT,0.3,False,0.04321,7.11,,0.55,1777930222
All Pools,USDC - WSPP,0.3,False,0.04317,44.04,,0.09,1777930222
All Pools,AVAX - WSPP,0.3,False,0.04317,2.998,,1.31,1777930222
All Pools,WORM - AVAX,0.3,False,0.04314,394.65,,0.01,1777930222
All Pools,MELT - USDC.e,0.3,False,0.04269,7.077,,0.55,1777930222
All Pools,NineHundred - Sinterklaas,0.3,False,0.04268,1659.54,,0.0,1777930222
All Pools,KrisKringle - AVAX,0.3,False,0.04254,26.22,,0.15,1777930222
All Pools,KrisKringle - Gravity,0.3,False,0.04252,77.71,,0.05,1777930222
All Pools,USDC.e - UST,0.3,False,0.04248,1.804,,2.15,1777930222
All Pools,SURE - AVAX,0.3,False,0.04214,7.216,,0.53,1777930222
All Pools,REDWOLF - SHRAP,0.3,False,0.04172,1.132,,3.36,1777930222
All Pools,BENSI - AMI,0.3,False,0.04163,3.348,,1.13,1777930222
All Pools,TruthClosure - BLACK,0.3,False,0.04163,25.83,,0.15,1777930222
All Pools,USDT.e - BOREA,0.3,False,0.04145,26.76,,0.14,1777930222
All Pools,AVAX - BOREA,0.3,False,0.04144,6.748,,0.56,1777930222
All Pools,HIGHER - AVAX,0.3,False,0.04124,1.873,,2.01,1777930222
All Pools,Trinity - Stolen,0.3,False,0.04098,29.77,,0.13,1777930222
All Pools,ICUBE - USDT.e,0.3,False,0.04063,108.12,,0.03,1777930222
All Pools,ICUBE - AVAX,0.3,False,0.04061,6.37,,0.58,1777930222
All Pools,AVAX - LYLY,0.3,False,0.04025,72.79,,0.05,1777930222
All Pools,BNB - AVAX,0.3,False,0.04007,4107.07,,,1777930222
All Pools,ELE - AVAX,0.3,False,0.03992,124.65,,0.03,1777930222
All Pools,aAvaLINK - meGNX,0.3,False,0.03978,10.66,,0.34,1777930222
All Pools,ACS - USDt,0.3,False,0.03927,1.038,,3.45,1777930222
All Pools,PNG - REDWOLF,0.3,False,0.03926,4.271,,0.84,1777930222
All Pools,TEDDY - AVAX,0.3,False,0.03907,16.87,,0.21,1777930222
All Pools,Psychic - Nala,0.3,False,0.03884,269.8,,0.01,1777930222
All Pools,HOWDY - NOCHILL,0.3,False,0.03829,1.075,,3.25,1777930222
All Pools,Psychic - Christmas,0.3,False,0.03786,43.97,,0.08,1777930222
All Pools,USDC - MXNB,0.3,False,0.03766,27.43,,0.13,1777930222
All Pools,MIM - DAI.e,0.3,False,0.03737,52.52,,0.06,1777930222
All Pools,HEFE - HIGHER,0.3,False,0.0371,0.96262,,3.52,1777930222
All Pools,RACEX - MUG,0.3,False,0.03645,179.2,,0.02,1777930222
All Pools,Psychic - Go,0.3,False,0.03616,73.92,,0.04,1777930222
All Pools,BTC.b - yyAVAX,0.3,False,0.03597,5.584,,0.59,1777930222
All Pools,Four - AVAX,0.3,False,0.03542,74.71,,0.04,1777930222
All Pools,wALGO - AVAX,0.3,False,0.03482,163.65,,0.02,1777930222
All Pools,wALGO - USDC,0.3,False,0.03481,2.838,,1.12,1777930222
All Pools,WLRS - USDC.e,0.3,False,0.03471,4535.43,,,1777930222
All Pools,gOHM - JOE,0.3,False,0.03465,3.868,,0.82,1777930222
All Pools,DrainTheSwamp - AVAX,0.3,False,0.03457,37.67,,0.08,1777930222
All Pools,LOST - AVAX,0.3,False,0.03381,1662.9,,0.0,1777930222
All Pools,OH - AVAX,0.3,False,0.03315,93.94,,0.03,1777930222
All Pools,Satoshi - AVAX,0.3,False,0.03258,19.21,,0.15,1777930222
All Pools,Satoshi - Gravity,0.3,False,0.03255,54.97,,0.05,1777930222
All Pools,3ULL - AVAX,0.3,False,0.03253,47.84,,0.06,1777930222
All Pools,AVAX - HustleTappers,0.3,False,0.03198,55.73,,0.05,1777930222
All Pools,Gravity - HustleTappers,0.3,False,0.03197,24.02,,0.12,1777930222
All Pools,ChristMark - ChristIAmYou,0.3,False,0.03168,26.11,,0.11,1777930222
All Pools,SHERPA - AVAX,0.3,False,0.03168,130.88,,0.02,1777930222
All Pools,WETH.e - USDR,0.3,False,0.03153,2.817,,1.02,1777930222
All Pools,MerryXmas - ChristMark,0.3,False,0.03151,80.08,,0.04,1777930222
All Pools,Christmas - Xmas,0.3,False,0.03149,74.28,,0.04,1777930222
All Pools,RUG - USDT.e,0.3,False,0.03129,14.76,,0.19,1777930222
All Pools,FatherChristmas - AVAX,0.3,False,0.03088,53.52,,0.05,1777930222
All Pools,FatherChristmas - Gravity,0.3,False,0.03082,21.71,,0.13,1777930222
All Pools,LoveIsTheKey - AVAX,0.3,False,0.02975,15.01,,0.18,1777930222
All Pools,Milk - USDT.e,0.3,False,0.02966,14.46,,0.19,1777930222
All Pools,Milk - AVAX,0.3,False,0.02964,6.65,,0.41,1777930222
All Pools,WhollySphere - AVAX,0.3,False,0.02957,50.94,,0.05,1777930222
All Pools,WhollySphere - Gravity,0.3,False,0.02957,22.91,,0.12,1777930222
All Pools,GMX - USDC,0.3,False,0.02887,0.91722,,2.87,1777930222
All Pools,AVAX - Vaccinations,0.3,False,0.02865,18.44,,0.14,1777930222
All Pools,Gravity - Vaccinations,0.3,False,0.02863,61.67,,0.04,1777930222
All Pools,FITFI - USDC.e,0.3,False,0.02855,0.24386,,10.68,1777930222
All Pools,BTC.b - GMX,0.3,False,0.02849,1.587,,1.64,1777930222
All Pools,WINK - MU,0.3,False,0.02809,0.46278,,5.54,1777930222
All Pools,USDT.e - GOT,0.3,False,0.02805,12.85,,0.2,1777930222
All Pools,AVAX - GOT,0.3,False,0.02804,5.263,,0.49,1777930222
All Pools,Nakamoto - AVAX,0.3,False,0.02779,18.45,,0.14,1777930222
All Pools,Gravity - Nakamoto,0.3,False,0.02778,61.84,,0.04,1777930222
All Pools,MerryChristmas - AVAX,0.3,False,0.02774,18.48,,0.14,1777930222
All Pools,MerryChristmas - Gravity,0.3,False,0.02772,61.89,,0.04,1777930222
All Pools,AVAX - IMPACT,0.3,False,0.02771,6.301,,0.4,1777930222
All Pools,USDt - IMPACT,0.3,False,0.0277,3.364,,0.75,1777930222
All Pools,XIO - AVAX,0.3,False,0.02739,2.827,,0.88,1777930222
All Pools,XIO - USDC,0.3,False,0.02739,24.52,,0.1,1777930222
All Pools,WETH.e - yyAVAX,0.3,False,0.02716,19.46,,0.13,1777930222
All Pools,WOLF - USDT.e,0.3,False,0.02658,4.111,,0.59,1777930222
All Pools,WOLF - AVAX,0.3,False,0.02657,71.42,,0.03,1777930222
All Pools,USDC.e - SPADE,0.3,False,0.02656,16.18,,0.15,1777930222
All Pools,AVAX - SPADE,0.3,False,0.02655,6.068,,0.4,1777930222
All Pools,3ULL - USDt,0.3,False,0.02632,2.542,,0.94,1777930222
All Pools,HEFE - Always,0.3,False,0.02619,0.95785,,2.49,1777930222
All Pools,Trinity - Sinterklaas,0.3,False,0.02607,26.05,,0.09,1777930222
All Pools,CodexKennyMin - AVAX,0.3,False,0.02584,25.05,,0.09,1777930222
All Pools,AVAX - USDR,0.3,False,0.02575,2.992,,0.79,1777930222
All Pools,BSGG - AVAX,0.3,False,0.02566,3.873,,0.6,1777930222
All Pools,USDT.e - AVVO,0.3,False,0.02518,4.073,,0.56,1777930222
All Pools,BNZ - WINK,0.3,False,0.02506,0.42404,,5.39,1777930222
All Pools,NOCHILL - ARENA,0.3,False,0.02471,0.41341,,5.46,1777930222
All Pools,Psychic - Strength,0.3,False,0.02436,74.63,,0.03,1777930222
All Pools,WalkTheWalkNowJesus - AVAX,0.3,False,0.02426,24.94,,0.09,1777930222
All Pools,WalkTheWalkNowJesus - Gravity,0.3,False,0.02425,25.38,,0.09,1777930222
All Pools,AAVE.e - USDT.e,0.3,False,0.02414,2.594,,0.85,1777930222
All Pools,AVAX - Ouroboros,0.3,False,0.02387,21.76,,0.1,1777930222
All Pools,ARENA - MU,0.3,False,0.02386,3.341,,0.65,1777930222
All Pools,AVAX - LookingGlass,0.3,False,0.02345,16.19,,0.13,1777930222
All Pools,Gravity - McdonaldTrouped,0.3,False,0.02344,22.85,,0.09,1777930222
All Pools,McdonaldTrouped - AVAX,0.3,False,0.02343,50.78,,0.04,1777930222
All Pools,Gravity - LookingGlass,0.3,False,0.02339,182.57,,0.01,1777930222
All Pools,Wingdings - Gravity,0.3,False,0.02318,21.84,,0.1,1777930222
All Pools,Wingdings - AVAX,0.3,False,0.02318,50.92,,0.04,1777930222
All Pools,FollowTheWhiteRabbit - TruthClosure,0.3,False,0.02314,45.61,,0.05,1777930222
All Pools,DrainTheSwamp - Gravity,0.3,False,0.02254,22.52,,0.09,1777930222
All Pools,SMRT - XAVA,0.3,False,0.02228,2.901,,0.7,1777930222
All Pools,YAK - JOE,0.3,False,0.02227,1.229,,1.65,1777930222
All Pools,QI - LYLY,0.3,False,0.02222,2.711,,0.75,1777930222
All Pools,MU - WAIFU,0.3,False,0.02155,100.09,,0.02,1777930222
All Pools,KOKSAL - AVAX,0.3,False,0.02125,3.552,,0.55,1777930222
All Pools,KOKSAL - USDC,0.3,False,0.02124,4.784,,0.41,1777930222
All Pools,Gravity - ChristMark,0.3,False,0.02123,15.42,,0.13,1777930222
All Pools,AVAX - EROL,0.0,False,0.02116,74.88,0.0,0.0,1777930222
All Pools,$AVA - AVAX,0.3,False,0.02112,537.92,,0.0,1777930222
All Pools,bCASH - LINK.e,0.3,False,0.0209,380.17,,0.01,1777930222
All Pools,FollowTheWhiteRabbit - StatueOfLiberty,0.3,False,0.02084,510.93,,0.0,1777930222
All Pools,StatueOfLiberty - AVAX,0.3,False,0.02083,14.83,,0.13,1777930222
All Pools,HIGHER - NOCHILL,0.3,False,0.02039,0.32503,,5.72,1777930222
All Pools,XOMB - USDT.e,0.3,False,0.02023,2.418,,0.76,1777930222
All Pools,CodexKennyMin - FollowTheWhiteRabbit,0.3,False,0.02023,21.86,,0.08,1777930222
All Pools,XOMB - AVAX,0.3,False,0.02022,21.5,,0.09,1777930222
All Pools,ARA - AVAX,0.3,False,0.02021,2.847,,0.65,1777930222
All Pools,BGLD - USDT.e,0.3,False,0.02019,16.96,,0.11,1777930222
All Pools,BGLD - AVAX,0.3,False,0.02019,4.379,,0.42,1777930222
All Pools,WOLF - MU,0.3,False,0.02016,5.168,,0.36,1777930222
All Pools,AVAX - SwiftTaylor,0.3,False,0.01992,14.7,,0.12,1777930222
All Pools,CNR - AVAX,0.3,False,0.01989,62.22,,0.03,1777930222
All Pools,MUMO - USDC,0.3,False,0.01967,8.281,,0.22,1777930222
All Pools,HCT - AVAX,0.3,False,0.01957,3.389,,0.53,1777930222
All Pools,USDC.e - RUG,0.3,False,0.01949,24.92,,0.07,1777930222
All Pools,COQ - REDWOLF,0.3,False,0.01948,12.33,,0.14,1777930222
All Pools,COQ - KOVIN,0.3,False,0.01937,12.99,,0.14,1777930222
All Pools,KOVIN - AVAX,0.3,False,0.01932,3203.81,,,1777930222
All Pools,AVAX - TT,0.3,False,0.01921,1.934,,0.91,1777930222
All Pools,BTC.b - MUMO,0.3,False,0.0191,4.864,,0.36,1777930222
All Pools,Christmas - Yellow,0.3,False,0.01863,965.09,,0.0,1777930222
All Pools,TruthClosure - AVAX,0.3,False,0.01852,11.61,,0.15,1777930222
All Pools,KIWI - USDt,0.3,False,0.01819,20.57,,0.08,1777930222
All Pools,COQ - LYLY,0.3,False,0.01807,15.31,,0.11,1777930222
All Pools,QI - REDWOLF,0.3,False,0.0179,1.567,,1.04,1777930222
All Pools,Four - Found,0.3,False,0.01773,1847.7,,,1777930222
All Pools,AVAX - DUA,0.3,False,0.01747,2.084,,0.76,1777930222
All Pools,DUA - USDC,0.3,False,0.01746,11.62,,0.14,1777930222
All Pools,USDT.e - iBONE,0.3,False,0.01746,4.822,,0.33,1777930222
All Pools,AVAX - iBONE,0.3,False,0.01746,5.435,,0.29,1777930222
All Pools,ILoveYouWordSpell - AVAX,0.3,False,0.01745,18.28,,0.09,1777930222
All Pools,ILoveYouWordSpell - Gravity,0.3,False,0.01744,101.84,,0.02,1777930222
All Pools,JOE - CRA,0.3,False,0.01742,11.06,,0.14,1777930222
All Pools,SodomAndGomorrah - AVAX,0.3,False,0.01741,19.28,,0.08,1777930222
All Pools,Trinity - SodomAndGomorrah,0.3,False,0.0174,22.66,,0.07,1777930222
All Pools,COQ - MU,0.3,False,0.01711,4.566,,0.34,1777930222
All Pools,GRELF[ava] - AVAX,0.3,False,0.01701,1157.82,,0.0,1777930222
All Pools,AVAX - LAST,0.3,False,0.017,1049.05,,0.0,1777930222
All Pools,aDXN - aXEN,0.3,False,0.01677,0.63818,,2.4,1777930222
All Pools,MU - COQAI,0.3,False,0.01654,6.549,,0.23,1777930222
All Pools,ZH - JOE,0.3,False,0.01619,2.83,,0.52,1777930222
All Pools,ZH - USDC.e,0.3,False,0.01619,23.04,,0.06,1777930222
All Pools,LoveIsTheKey - BLACK,0.3,False,0.01585,7.908,,0.18,1777930222
All Pools,Trinity - Yeshua,0.3,False,0.01563,34.56,,0.04,1777930222
All Pools,AVAX - Yeshua,0.3,False,0.01562,29.43,,0.05,1777930222
All Pools,BLACK - SantaGospel,0.3,False,0.01547,4.779,,0.3,1777930222
All Pools,FTOMB - AVAX,0.3,False,0.01534,10249.0,,,1777930222
All Pools,ValentinMidwifes - Gravity,0.3,False,0.01531,38.62,,0.04,1777930222
All Pools,WETH.e - MU,0.3,False,0.01524,2.077,,0.67,1777930222
All Pools,AVAX - GematrixDotOrg,0.3,False,0.01479,16.65,,0.08,1777930222
All Pools,Gravity - GematrixDotOrg,0.3,False,0.01476,12.91,,0.1,1777930222
All Pools,TokenZ - USDC,0.3,False,0.01466,3.799,,0.35,1777930222
All Pools,TokenZ - AVAX,0.3,False,0.01465,2.418,,0.55,1777930222
All Pools,RUGG - AVAX,0.3,False,0.01454,351.2,,0.0,1777930222
All Pools,GOOD - GAINS,0.3,False,0.01432,3.784,,0.35,1777930222
All Pools,BTC.b - SOB,0.3,False,0.01431,1.131,,1.15,1777930222
All Pools,GOOD - AVAX,0.3,False,0.01427,152.54,,0.01,1777930222
All Pools,SUB - AVAX,0.3,False,0.01422,21.02,,0.06,1777930222
All Pools,AUSD - HUSKY,0.3,False,0.01412,0.74816,,1.72,1777930222
All Pools,USDC - COSMIC,0.3,False,0.01409,54.57,,0.02,1777930222
All Pools,AVAX - COSMIC,0.3,False,0.01408,1.259,,1.02,1777930222
All Pools,LoveIsTheKey - FollowTheWhiteRabbit,0.3,False,0.01391,64.38,,0.02,1777930222
All Pools,Strength - BLACK,0.3,False,0.01388,4.812,,0.26,1777930222
All Pools,Go - BLACK,0.3,False,0.01385,4.808,,0.26,1777930222
All Pools,AVAX - Wormwood,0.3,False,0.0138,17.11,,0.07,1777930222
All Pools,Gravity - Wormwood,0.3,False,0.0138,15.34,,0.08,1777930222
All Pools,AVAX - WOHM,0.3,False,0.01376,3.382,,0.37,1777930222
All Pools,MIM - WOHM,0.3,False,0.01375,86.12,,0.01,1777930222
All Pools,AVAX - SantaClaus,0.3,False,0.01372,24.77,,0.05,1777930222
All Pools,Gravity - SantaClaus,0.3,False,0.01371,11.85,,0.11,1777930222
All Pools,USDV - REDWOLF,0.3,False,0.01367,18.15,,0.07,1777930222
All Pools,Yellow - BLACK,0.3,False,0.01364,4.842,,0.26,1777930222
All Pools,AVAX - LoveWins,0.3,False,0.01352,7.811,,0.16,1777930222
All Pools,FollowTheWhiteRabbit - LoveWins,0.3,False,0.01352,151.25,,0.01,1777930222
All Pools,Hydrogen - BLACK,0.3,False,0.01349,4.857,,0.25,1777930222
All Pools,USDC - AMI,0.3,False,0.01348,0.66695,,1.84,1777930222
All Pools,Blue - BLACK,0.3,False,0.01342,4.86,,0.25,1777930222
All Pools,QI - USDC.e,0.3,False,0.0134,0.80749,,1.51,1777930222
All Pools,UST - WINE,0.3,False,0.01336,0.91177,,1.34,1777930222
All Pools,XAVA - HON,0.3,False,0.01336,1.881,,0.65,1777930222
All Pools,Who - BLACK,0.3,False,0.01335,4.806,,0.25,1777930222
All Pools,MIM - RUG,0.3,False,0.01335,22.91,,0.05,1777930222
All Pools,3AC - NOCHILL,0.3,False,0.01329,0.17348,,6.99,1777930222
All Pools,Gravity - Ouroboros,0.3,False,0.01324,30.34,,0.04,1777930222
All Pools,Stolen - BLACK,0.3,False,0.01323,5.399,,0.22,1777930222
All Pools,AVAX - ETH,0.3,False,0.01321,16.74,,0.07,1777930222
All Pools,AVAX - Always,0.3,False,0.01314,0.60916,,1.97,1777930222
All Pools,aAvaLINK - LINK.e,0.3,False,0.01313,1.873,,0.64,1777930222
All Pools,aDXN - AVAX,0.3,False,0.0131,3.666,,0.33,1777930222
All Pools,AAVE.e - meGNX,0.3,False,0.0131,4.06,,0.29,1777930222
All Pools,Trinity - SwiftTaylor,0.3,False,0.01292,17.7,,0.07,1777930222
All Pools,CAI - AMI,0.3,False,0.01268,0.51464,,2.25,1777930222
All Pools,AVAX - GrinchKidAfflict,0.3,False,0.01267,43.43,,0.03,1777930222
All Pools,Gravity - GrinchKidAfflict,0.3,False,0.01266,9.099,,0.13,1777930222
All Pools,MIM - WINE,0.3,False,0.01263,3101.65,,,1777930222
All Pools,ARENA - AMI,0.3,False,0.01256,1.395,,0.82,1777930222
All Pools,NineHundred - BLACK,0.3,False,0.01246,4.82,,0.24,1777930222
All Pools,AVAX - MUG,0.3,False,0.01231,1.213,,0.93,1777930222
All Pools,AVAX - LODE,0.3,False,0.01215,1.032,,1.07,1777930222
All Pools,DrainTheSwamp - FollowTheWhiteRabbit,0.3,False,0.01203,10.98,,0.1,1777930222
All Pools,AVAX - WINE,0.3,False,0.012,0.67019,,1.63,1777930222
All Pools,AVAX - BAVA,0.3,False,0.01171,11.41,,0.09,1777930222
All Pools,WETH.e - STATIK,0.3,False,0.0115,1.374,,0.76,1777930222
All Pools,Anon - USDC,0.3,False,0.01142,1.044,,1.0,1777930222
All Pools,Orange - BLACK,0.3,False,0.01116,4.081,,0.25,1777930222
All Pools,Wormhole - AVAX,0.3,False,0.01116,104.12,,0.01,1777930222
All Pools,Trinity - Wormhole,0.3,False,0.01115,6.182,,0.16,1777930222
All Pools,LUNA - USDC,0.3,False,0.011,0.14105,,7.12,1777930222
All Pools,Orem - AVAX,0.3,False,0.01095,104.22,,0.01,1777930222
All Pools,Trinity - Orem,0.3,False,0.01094,6.187,,0.16,1777930222
All Pools,COQ - MCV,0.3,False,0.01085,9.754,,0.1,1777930222
All Pools,MCV - AVAX,0.3,False,0.01082,401.44,,0.0,1777930222
All Pools,JOE - USDt,0.3,False,0.01076,0.84312,,1.16,1777930222
All Pools,HIGHER - HOWDY,0.3,False,0.01071,1.532,,0.64,1777930222
All Pools,BNZ - AVAX,0.3,False,0.01045,62.25,,0.02,1777930222
All Pools,Psychic - Turtle,0.3,False,0.01041,61.39,,0.02,1777930222
All Pools,AVAX - EDG,0.3,False,0.0104,3.137,,0.3,1777930222
All Pools,MIM - EDG,0.3,False,0.01039,7.862,,0.12,1777930222
All Pools,Chrism - BLACK,0.3,False,0.01038,2.381,,0.4,1777930222
All Pools,JOE - aXEN,0.3,False,0.01016,0.24793,,3.74,1777930222
All Pools,AVAX - OK,0.3,False,0.01014,1.958,,0.47,1777930222
All Pools,AVAX - NORTH,0.3,False,0.01013,2.118,,0.44,1777930222
All Pools,USDT.e - NORTH,0.3,False,0.01011,26.72,,0.03,1777930222
All Pools,DivineFeminine - ValentinMidwifes,0.3,False,0.00987,40.75,,0.02,1777930222
All Pools,CATWIF - MAJIN,0.3,False,0.00979,0.85655,,1.04,1777930222
All Pools,XETA - AVAX,0.3,False,0.0096,0.24826,,3.53,1777930222
All Pools,TRACTOR - USDT.e,0.3,False,0.00958,1.983,,0.44,1777930222
All Pools,Psychic - Mirror,0.3,False,0.00949,61.36,,0.01,1777930222
All Pools,APOW - MU,0.3,False,0.00934,3.506,,0.24,1777930222
All Pools,wsOHM - OTWO,0.3,False,0.00919,3.65,,0.23,1777930222
All Pools,gOHM - OTWO,0.3,False,0.0091,88519.0,,,1777930222
All Pools,Evergreen - AVAX,0.3,False,0.00905,25.33,,0.03,1777930222
All Pools,AVAX - VYBE,0.3,False,0.00904,3.276,,0.25,1777930222
All Pools,MIM - VYBE,0.3,False,0.00903,3.734,,0.22,1777930222
All Pools,Evergreen - Gravity,0.3,False,0.00902,4.741,,0.17,1777930222
All Pools,LUNA - UST,0.3,False,0.00902,0.09492,,8.67,1777930222
All Pools,YAK - SPORE,0.3,False,0.00891,6.255,,0.13,1777930222
All Pools,MU - SOL,0.3,False,0.0089,1.331,,0.61,1777930222
All Pools,AVAX - TUSK,0.3,False,0.0088,2.494,,0.32,1777930222
All Pools,USDC.e - TUSK,0.3,False,0.00879,9.74,,0.08,1777930222
All Pools,USDC.e - BAVA,0.3,False,0.00858,2.95,,0.27,1777930222
All Pools,GAINS - Degen,0.3,False,0.00856,2.057,,0.38,1777930222
All Pools,COQ - SNP,0.3,False,0.00855,26.55,,0.03,1777930222
All Pools,SYN - USDC.e,0.3,False,0.00854,1.222,,0.64,1777930222
All Pools,SNP - AVAX,0.3,False,0.00853,11.61,,0.07,1777930222
All Pools,Degen - AVAX,0.3,False,0.00853,2018.85,,,1777930222
All Pools,AVAX - HOST,0.3,False,0.00845,1.947,,0.4,1777930222
All Pools,VSO - AVAX,0.3,False,0.00834,97.65,,0.01,1777930222
All Pools,KOVIN - MU,0.3,False,0.00822,3.076,,0.24,1777930222
All Pools,XPOW - AVAX,0.3,False,0.00818,119.49,,0.01,1777930222
All Pools,XPOW - USDt,0.3,False,0.00817,1.394,,0.53,1777930222
All Pools,BENIS - AVAX,0.3,False,0.00811,15.6,,0.05,1777930222
All Pools,HOST - DAI.e,0.3,False,0.00808,3.0,,0.25,1777930222
All Pools,AVAX - Kryptonite,0.3,False,0.00795,103.89,,0.01,1777930222
All Pools,Trinity - Kryptonite,0.3,False,0.00793,6.194,,0.12,1777930222
All Pools,WBTC.e - USDC,0.3,False,0.00791,0.21051,,3.43,1777930222
All Pools,Psychic - Oracle,0.3,False,0.00791,61.39,,0.01,1777930222
All Pools,AAVE.e - USDC.e,0.3,False,0.00789,1.258,,0.57,1777930222
All Pools,JOE - QI,0.3,False,0.00784,0.93833,,0.76,1777930222
All Pools,AI9000 - AVAX,0.3,False,0.00782,304.1,,0.0,1777930222
All Pools,Psychic - Penny,0.3,False,0.00771,61.39,,0.01,1777930222
All Pools,AprilFoolsDay - AVAX,0.3,False,0.00768,104.06,,0.01,1777930222
All Pools,Trinity - AprilFoolsDay,0.3,False,0.00767,6.208,,0.11,1777930222
All Pools,MU - MUG,0.3,False,0.00765,2431.34,,,1777930222
All Pools,AVAX - AXIAL,0.3,False,0.00764,1038.27,,,1777930222
All Pools,AKA - AVAX,0.3,False,0.00754,2.268,,0.3,1777930222
All Pools,AKA - USDt,0.3,False,0.00754,2.922,,0.24,1777930222
All Pools,WITCH - AVAX,0.3,False,0.00728,2.771,,0.24,1777930222
All Pools,WITCH - USDC,0.3,False,0.00728,1.718,,0.39,1777930222
All Pools,GAINS - BOBS,0.3,False,0.00724,2.273,,0.29,1777930222
All Pools,AVAX - BOBS,0.3,False,0.00722,5518.05,,,1777930222
All Pools,Psychic - daVinci,0.3,False,0.00714,61.39,,0.01,1777930222
All Pools,Psychic - Gematria,0.3,False,0.00713,61.39,,0.01,1777930222
All Pools,Psychic - RefZip,0.3,False,0.00712,61.39,,0.01,1777930222
All Pools,Psychic - Qubit,0.3,False,0.0071,61.35,,0.01,1777930222
All Pools,Psychic - Blessings,0.3,False,0.00708,61.35,,0.01,1777930222
All Pools,NotBrideOfChrist - SwiftTaylor,0.3,False,0.00701,51.8,,0.01,1777930222
All Pools,Psychic - TrumpCard,0.3,False,0.00699,61.4,,0.01,1777930222
All Pools,DCAR - AVAX,0.3,False,0.00689,1.098,,0.57,1777930222
All Pools,DCAR - USDC,0.3,False,0.00688,55.81,,0.01,1777930222
All Pools,STOMB - AVAX,0.3,False,0.00683,7939.17,,,1777930222
All Pools,KIMBO - GAINS,0.3,False,0.00683,1.377,,0.45,1777930222
All Pools,Psychic - TheArcher,0.3,False,0.00681,61.39,,0.01,1777930222
All Pools,Psychic - Artemis,0.3,False,0.00678,61.34,,0.01,1777930222
All Pools,Trinity - FourFourFour,0.3,False,0.00671,4.958,,0.12,1777930222
All Pools,USDC - MU,0.3,False,0.00665,0.34371,,1.76,1777930222
All Pools,LYD - REDWOLF,0.3,False,0.00661,4.775,,0.13,1777930222
All Pools,YAK - USDT.e,0.3,False,0.00659,0.5521,,1.09,1777930222
All Pools,Psychic - Six,0.3,False,0.00657,61.39,,0.01,1777930222
All Pools,Psychic - Nine,0.3,False,0.00654,61.37,,0.01,1777930222
All Pools,Psychic - ElmoSunkGematria,0.3,False,0.00652,61.4,,0.01,1777930222
All Pools,Spider - Psychic,0.3,False,0.0065,61.35,,0.01,1777930222
All Pools,Psychic - Zero,0.3,False,0.00648,61.37,,0.01,1777930222
All Pools,NXPC - USDC,0.3,False,0.00643,0.72028,,0.81,1777930222
All Pools,USV - AVAX,0.3,False,0.0064,1.154,,0.51,1777930222
All Pools,gOHM - USDT.e,0.3,False,0.00632,0.59746,,0.97,1777930222
All Pools,Psychic - Lock,0.3,False,0.00631,61.37,,0.01,1777930222
All Pools,MIM - SMRT,0.3,False,0.0063,1.675,,0.34,1777930222
All Pools,COQ - ARENA,0.3,False,0.0063,1.239,,0.46,1777930222
All Pools,SNTA - MIM,0.3,False,0.00622,0.99687,,0.57,1777930222
All Pools,Psychic - KekiusMaximus,0.3,False,0.0062,61.39,,0.01,1777930222
All Pools,GMX - USDt,0.3,False,0.00618,0.38043,,1.48,1777930222
All Pools,Psychic - SevenSevenSeven,0.3,False,0.00617,61.4,,0.01,1777930222
All Pools,Psychic - BirthingCode,0.3,False,0.0061,61.4,,0.01,1777930222
All Pools,Flection - Psychic,0.3,False,0.00607,61.4,,0.01,1777930222
All Pools,Psychic - LordJesusChrist,0.3,False,0.00602,58.81,,0.01,1777930222
All Pools,HATCHY - AMI,0.3,False,0.00596,4.372,,0.12,1777930222
All Pools,Psychic - Numbers,0.3,False,0.00595,61.39,,0.01,1777930222
All Pools,SYN - REDWOLF,0.3,False,0.00594,2.605,,0.21,1777930222
All Pools,Psychic - Crypt,0.3,False,0.00591,61.34,,0.01,1777930222
All Pools,USDC - OK,0.3,False,0.0059,1.187,,0.45,1777930222
All Pools,Psychic - Luck,0.3,False,0.00589,61.4,,0.01,1777930222
All Pools,GMX - JOE,0.3,False,0.00588,0.42979,,1.25,1777930222
All Pools,Psychic - Thick,0.3,False,0.00587,61.37,,0.01,1777930222
All Pools,Psychic - Bonfire,0.3,False,0.00587,61.39,,0.01,1777930222
All Pools,Psychic - PennyTrinity,0.3,False,0.00585,61.41,,0.01,1777930222
All Pools,AVAX - Gaza,0.3,False,0.0058,3.197,,0.17,1777930222
All Pools,Trinity - Gaza,0.3,False,0.00579,3.767,,0.14,1777930222
All Pools,Psychic - WhoWhoWho,0.3,False,0.00577,61.36,,0.01,1777930222
All Pools,USDt - USDC.e,0.3,False,0.00574,14.26,,0.04,1777930222
All Pools,Psychic - Alphabet,0.3,False,0.00568,61.4,,0.01,1777930222
All Pools,SatoshiNakamoto - Psychic,0.3,False,0.00566,61.39,,0.01,1777930222
All Pools,HIGHER - AMI,0.3,False,0.00563,3.308,,0.16,1777930222
All Pools,AVAI - USDC.e,0.3,False,0.00561,33.72,,0.02,1777930222
All Pools,MIM - SDOG,0.3,False,0.00561,319.05,,0.0,1777930222
All Pools,CodexKennyMin - Gravity,0.3,False,0.0056,21.35,,0.02,1777930222
All Pools,WINK - AMI,0.3,False,0.00558,0.10523,,4.84,1777930222
All Pools,AVAX - DWC,0.3,False,0.00555,6049.63,,,1777930222
All Pools,USDC.e - SMRT,0.3,False,0.00554,2.226,,0.23,1777930222
All Pools,DWC - MU,0.3,False,0.00554,3.478,,0.15,1777930222
All Pools,Psychic - Codes,0.3,False,0.00554,61.4,,0.01,1777930222
All Pools,CATWIF - MU,0.3,False,0.00552,3.609,,0.14,1777930222
All Pools,AVAX - QUASI,0.3,False,0.00547,592.64,,,1777930222
All Pools,ValentinMidwifes - AVAX,0.3,False,0.00547,2.37,,0.21,1777930222
All Pools,Psychic - Architect,0.3,False,0.00546,61.39,,0.01,1777930222
All Pools,TEMPO - AVAX,0.3,False,0.00545,1.069,,0.47,1777930222
All Pools,GAINS - QUASI,0.3,False,0.00544,1.423,,0.35,1777930222
All Pools,MIM - TEMPO,0.3,False,0.00544,6.679,,0.07,1777930222
All Pools,AVAX - WISE,0.3,False,0.00544,2.815,,0.18,1777930222
All Pools,Psychic - OneOneOne,0.3,False,0.00543,61.39,,0.01,1777930222
All Pools,USDC.e - WISE,0.3,False,0.00543,7.149,,0.07,1777930222
All Pools,Psychic - Gematria,0.3,False,0.00539,61.39,,0.01,1777930222
All Pools,Psychic - TwinFlames,0.3,False,0.00538,62.09,,0.01,1777930222
All Pools,Psychic - Verse,0.3,False,0.00537,61.36,,0.01,1777930222
All Pools,Choice - Psychic,0.3,False,0.00535,61.36,,0.01,1777930222
All Pools,Psychic - Solved,0.3,False,0.00532,61.39,,0.01,1777930222
All Pools,Eye - Psychic,0.3,False,0.00532,61.39,,0.01,1777930222
All Pools,Hollywood - Ouroboros,0.3,False,0.00531,13.04,,0.04,1777930222
All Pools,3ULL - USDC,0.3,False,0.00529,0.65659,,0.74,1777930222
All Pools,Psychic - Finish,0.3,False,0.00527,61.35,,0.01,1777930222
All Pools,Psychic - Confusion,0.3,False,0.00527,61.39,,0.01,1777930222
All Pools,Psychic - Line,0.3,False,0.00524,62.16,,0.01,1777930222
All Pools,Psychic - BiTonic,0.3,False,0.00524,61.4,,0.01,1777930222
All Pools,Loyalty - Psychic,0.3,False,0.00524,61.35,,0.01,1777930222
All Pools,Psychic - IAmThatIAm,0.3,False,0.00523,61.39,,0.01,1777930222
All Pools,MEOW - MU,0.3,False,0.00521,1.586,,0.3,1777930222
All Pools,FiveTwelveThirteen - AVAX,0.3,False,0.00521,5.21,,0.09,1777930222
All Pools,ElkeNevusRome - AVAX,0.3,False,0.00521,13.07,,0.04,1777930222
All Pools,Psychic - YouAndI,0.3,False,0.00521,61.39,,0.01,1777930222
All Pools,COQ - MICRO,0.3,False,0.0052,3.754,,0.13,1777930222
All Pools,ElkeNevusRome - Gravity,0.3,False,0.00519,4.935,,0.1,1777930222
All Pools,FiveTwelveThirteen - Gravity,0.3,False,0.00519,6.852,,0.07,1777930222
All Pools,ETHM - AVAX,0.3,False,0.00518,27.37,,0.02,1777930222
All Pools,AVAX - MICRO,0.3,False,0.00518,23.86,,0.02,1777930222
All Pools,WLRS - USDC,0.3,False,0.00501,4.01,,0.11,1777930222
All Pools,COQ - JUICY,0.3,False,0.00487,0.71251,,0.62,1777930222
All Pools,TrueLove - AVAX,0.3,False,0.0048,12.92,,0.03,1777930222
All Pools,TrueLove - Gravity,0.3,False,0.00479,4.88,,0.09,1777930222
All Pools,WernherVonBraun - AVAX,0.3,False,0.00474,2.089,,0.21,1777930222
All Pools,Trinity - WernherVonBraun,0.3,False,0.00473,18397.0,,,1777930222
All Pools,BEAM - MU,0.3,False,0.0047,1.077,,0.4,1777930222
All Pools,AI9000 - USDt,0.3,False,0.00469,0.90107,,0.48,1777930222
All Pools,JOE - REDWOLF,0.3,False,0.00467,3.956,,0.11,1777930222
All Pools,RGOGLZ - AVAX,0.3,False,0.00464,4.097,,0.1,1777930222
All Pools,JPYC - AVAX,0.3,False,0.00461,0.27631,,1.52,1777930222
All Pools,AMI - MU,0.3,False,0.00453,1.703,,0.24,1777930222
All Pools,ETHM - DAI.e,0.3,False,0.00447,0.67515,,0.6,1777930222
All Pools,KR - AVAX,0.3,False,0.00442,1.705,,0.24,1777930222
All Pools,AVAX - ChristmasTree,0.3,False,0.00441,6.165,,0.07,1777930222
All Pools,KR - USDC.e,0.3,False,0.0044,11.49,,0.03,1777930222
All Pools,Gravity - ChristmasTree,0.3,False,0.0044,4.651,,0.09,1777930222
All Pools,KIMBO - AMI,0.3,False,0.00436,4.297,,0.09,1777930222
All Pools,COQ - SNOWY,0.3,False,0.00434,2.239,,0.18,1777930222
All Pools,REDWOLF - GEC,0.3,False,0.00431,3.947,,0.1,1777930222
All Pools,TT - DAI.e,0.3,False,0.0043,1.919,,0.2,1777930222
All Pools,MIM - YAK,0.3,False,0.00428,0.42753,,0.91,1777930222
All Pools,HUSKY - SNOWY,0.3,False,0.00427,0.43272,,0.9,1777930222
All Pools,SYN - USDT.e,0.3,False,0.00399,0.65256,,0.56,1777930222
All Pools,AVAX - PAR,0.3,False,0.00396,2.398,,0.15,1777930222
All Pools,MIM - PAR,0.3,False,0.00395,1.923,,0.19,1777930222
All Pools,Lightworker - AVAX,0.3,False,0.00395,2.745,,0.13,1777930222
All Pools,GRAPE - AVAX,0.3,False,0.00394,0.88212,,0.41,1777930222
All Pools,Gravity - Lightworker,0.3,False,0.00394,53.16,,0.01,1777930222
All Pools,Psychic - Seminole,0.3,False,0.00389,61.35,,0.01,1777930222
All Pools,YEEHAW - ARENA,0.3,False,0.00389,2.354,,0.15,1777930222
All Pools,Psychic - James,0.3,False,0.00382,61.41,,0.01,1777930222
All Pools,LUNA - JOE,0.3,False,0.00381,0.05156,,6.75,1777930222
All Pools,gOHM - USDC.e,0.3,False,0.00379,0.30461,,1.14,1777930222
All Pools,COQ - ZUM,0.3,False,0.00379,1.12,,0.31,1777930222
All Pools,SaintGermain - BLACK,0.3,False,0.00376,2.491,,0.14,1777930222
All Pools,SYN - WETH.e,0.3,False,0.00373,0.67967,,0.5,1777930222
All Pools,Trinity - IfYouKnowYouKnow,0.3,False,0.00371,5.013,,0.07,1777930222
All Pools,KIMBO - COQ,0.3,False,0.00371,1.697,,0.2,1777930222
All Pools,WETH.e - meGNX,0.3,False,0.00367,6.714,,0.05,1777930222
All Pools,YETI - WINE,0.3,False,0.00362,1.456,,0.23,1777930222
All Pools,YETI - AVAX,0.3,False,0.00361,946.33,,,1777930222
All Pools,SMRTr - USDT.e,0.3,False,0.00358,1.317,,0.25,1777930222
All Pools,Psychic - Checkmate,0.3,False,0.00351,61.54,,0.01,1777930222
All Pools,Psychic - Abracadabra,0.3,False,0.00345,61.37,,0.01,1777930222
All Pools,GAINS - DWC,0.3,False,0.00345,0.98447,,0.32,1777930222
All Pools,WETH.e - HOWDY,0.3,False,0.00344,1.062,,0.3,1777930222
All Pools,MIM - DUNEV3,0.3,False,0.00343,66822.0,,,1777930222
All Pools,Psychic - PlotTwist,0.3,False,0.00341,62.76,,0.0,1777930222
All Pools,Psychic - WhoWho,0.3,False,0.00334,61.39,,0.0,1777930222
All Pools,MIM - ICE,0.3,False,0.0033,0.99974,,0.3,1777930222
All Pools,STG - JOE,0.3,False,0.00326,0.17014,,1.75,1777930222
All Pools,EGG - AVAX,0.3,False,0.00326,1.705,,0.17,1777930222
All Pools,GAINS - BAWLS,0.3,False,0.00325,0.93202,,0.32,1777930222
All Pools,Psychic - KatzJoel,0.3,False,0.00325,61.37,,0.0,1777930222
All Pools,EGG - USDT.e,0.3,False,0.00324,1.99,,0.15,1777930222
All Pools,BAWLS - AVAX,0.3,False,0.00324,16.52,,0.02,1777930222
All Pools,ELXR - USDC.e,0.3,False,0.00321,1098.09,,,1777930222
All Pools,Psychic - Hexagon,0.3,False,0.00318,61.39,,0.0,1777930222
All Pools,RUGPULL - AVAX,0.3,False,0.00316,2.987,,0.1,1777930222
All Pools,COQWIF - AVAX,0.3,False,0.00313,6501.42,,,1777930222
All Pools,WBTC.e - MU,0.3,False,0.00312,0.72732,,0.39,1777930222
All Pools,AI9000 - MU,0.3,False,0.00312,1.277,,0.22,1777930222
All Pools,Wizard - AVAX,0.3,False,0.00311,4.479,,0.06,1777930222
All Pools,CRAFT - USDC.e,0.3,False,0.00309,0.86967,,0.32,1777930222
All Pools,Wizard - Gravity,0.3,False,0.00309,0.8571,,0.33,1777930222
All Pools,HUSKY - aXEN,0.3,False,0.00302,0.07271,,3.79,1777930222
All Pools,JOE - aDXN,0.3,False,0.00301,0.8337,,0.33,1777930222
All Pools,CATWIF - REDWOLF,0.3,False,0.00299,0.97027,,0.28,1777930222
All Pools,GAINS - COQ,0.3,False,0.00296,2.04,,0.13,1777930222
All Pools,Sovereignty - AVAX,0.3,False,0.00295,4.497,,0.06,1777930222
All Pools,Sovereignty - Gravity,0.3,False,0.00293,0.85954,,0.31,1777930222
All Pools,EagleToken - AVAX,0.3,False,0.00293,2.125,,0.13,1777930222
All Pools,EagleToken - USDC.e,0.3,False,0.00292,2.222,,0.12,1777930222
All Pools,SNO Token - AVAX,0.3,False,0.00291,1.758,,0.15,1777930222
All Pools,AVXT - AVAX,0.3,False,0.00291,52.84,,0.01,1777930222
All Pools,SNO Token - JOE,0.3,False,0.0029,86.6,,0.0,1777930222
All Pools,AVAX - NoThing,0.3,False,0.00289,4.429,,0.06,1777930222
All Pools,GAINS - TECH,0.3,False,0.00288,0.62436,,0.42,1777930222
All Pools,Gravity - NoThing,0.3,False,0.00287,0.84987,,0.31,1777930222
All Pools,USDC - TT,0.3,False,0.00276,2.002,,0.13,1777930222
All Pools,XPOW - USDC,0.3,False,0.00276,0.03727,,6.75,1777930222
All Pools,AMI - JUICY,0.3,False,0.00272,0.92709,,0.27,1777930222
All Pools,MU - KET,0.3,False,0.00269,1.338,,0.18,1777930222
All Pools,AVAX - SAGE,0.3,False,0.00265,0.89341,,0.27,1777930222
All Pools,LIBRE - AVAX,0.3,False,0.00264,1.853,,0.13,1777930222
All Pools,USDC.e - SAGE,0.3,False,0.00264,2.185,,0.11,1777930222
All Pools,TEDDY - USDC,0.3,False,0.00263,0.42789,,0.56,1777930222
All Pools,PNG - USDT.e,0.3,False,0.00259,0.89188,,0.27,1777930222
All Pools,HATCHY - WTHT,0.3,False,0.00255,0.52595,,0.44,1777930222
All Pools,WTHT - SNOB,0.3,False,0.00254,1.421,,0.16,1777930222
All Pools,DREGG - USDC.e,0.3,False,0.00253,3.096,,0.07,1777930222
All Pools,AVAX - CAKE,0.3,False,0.00249,0.72331,,0.31,1777930222
All Pools,USDT.e - CAKE,0.3,False,0.00248,48.64,,0.0,1777930222
All Pools,GATOR - AMI,0.3,False,0.00246,4.468,,0.05,1777930222
All Pools,KIMBO - UNIQOC,0.3,False,0.00246,0.73219,,0.31,1777930222
All Pools,JOE - AVE,0.3,False,0.00243,1.799,,0.12,1777930222
All Pools,UNIQOC - MAJIN,0.3,False,0.00243,0.25522,,0.87,1777930222
All Pools,XPOW - USDt,0.3,False,0.00241,0.0336,,6.55,1777930222
All Pools,BTC.b - MUG,0.3,False,0.00241,0.89806,,0.24,1777930222
All Pools,AVAX - LastChristmas,0.3,False,0.00241,1.912,,0.11,1777930222
All Pools,Gravity - LastChristmas,0.3,False,0.0024,10.03,,0.02,1777930222
All Pools,AVAX - WARP,0.3,False,0.0024,1.482,,0.15,1777930222
All Pools,EUROS - AVAX,0.3,False,0.00236,1.193,,0.18,1777930222
All Pools,REDWOLF - ODDZ,0.3,False,0.00235,1.537,,0.14,1777930222
All Pools,GAINS - KONG,0.3,False,0.00233,0.76117,,0.28,1777930222
All Pools,Psychic - Vampire,0.3,False,0.00229,61.4,,0.0,1777930222
All Pools,LUNA - MIM,0.3,False,0.00227,0.01796,,11.55,1777930222
All Pools,MAXI - AVAX,0.3,False,0.00227,0.79782,,0.26,1777930222
All Pools,Psychic - Aquarius,0.3,False,0.00226,61.36,,0.0,1777930222
All Pools,LINK.e - MUG,0.3,False,0.00222,0.24995,,0.81,1777930222
All Pools,Psychic - Number,0.3,False,0.00221,61.41,,0.0,1777930222
All Pools,- AMI,0.3,False,0.00219,13.19,,0.02,1777930222
All Pools,COQ - COFI,0.3,False,0.00217,1.857,,0.11,1777930222
All Pools,AVAX - COFI,0.3,False,0.00217,616.16,,,1777930222
All Pools,GURS - ARENA,0.3,False,0.00211,7.463,,0.03,1777930222
All Pools,TT - USDT.e,0.3,False,0.00202,2.004,,0.09,1777930222
All Pools,USDt - TT,0.3,False,0.00201,2.009,,0.09,1777930222
All Pools,USDC.e - CHAM,0.3,False,0.00195,0.83462,,0.21,1777930222
All Pools,aAvaWAVAX - AVAX,0.3,False,0.00194,0.26032,,0.68,1777930222
All Pools,BEE - AVAX,0.3,False,0.00192,0.80824,,0.22,1777930222
All Pools,BEE - USDT.e,0.3,False,0.00192,32.41,,0.01,1777930222
All Pools,Psychic - Equal,0.3,False,0.00191,61.4,,0.0,1777930222
All Pools,CRAFT - AVAX,0.3,False,0.00189,409.69,,,1777930222
All Pools,Psychic - PoPo,0.3,False,0.00187,61.4,,0.0,1777930222
All Pools,Psychic - QuetzalCoatl,0.3,False,0.00185,61.4,,0.0,1777930222
All Pools,TECH - REDWOLF,0.3,False,0.00183,0.86149,,0.19,1777930222
All Pools,Psychic - TrueStory,0.3,False,0.00182,61.4,,0.0,1777930222
All Pools,sAVAX - USDC,0.3,False,0.00181,0.53193,,0.31,1777930222
All Pools,GAINS - MEAT,0.3,False,0.0018,0.99005,,0.17,1777930222
All Pools,toi - AVAX,0.3,False,0.00178,0.94245,,0.17,1777930222
All Pools,MIM - toi,0.3,False,0.00178,3.443,,0.05,1777930222
All Pools,AVAX - DREX,0.3,False,0.00177,0.60003,,0.27,1777930222
All Pools,MIM - DREX,0.3,False,0.00176,37.61,,0.0,1777930222
All Pools,GG - AVAX,0.3,False,0.00173,0.16484,,0.96,1777930222
All Pools,Psychic - FinityFinity,0.3,False,0.00173,61.41,,0.0,1777930222
All Pools,WETH.e - LINK.e,0.3,False,0.00172,0.1496,,1.05,1777930222
All Pools,GAINS - KOVIN,0.3,False,0.00169,0.6519,,0.24,1777930222
All Pools,MM - USDC.e,0.3,False,0.00168,0.60368,,0.25,1777930222
All Pools,JOE - USDR,0.3,False,0.00167,0.73093,,0.21,1777930222
All Pools,LIFE - AVAX,0.3,False,0.00162,1.346,,0.11,1777930222
All Pools,MIM - LIFE,0.3,False,0.00162,0.94384,,0.16,1777930222
All Pools,DEGEN - AVAX,0.3,False,0.0016,0.00355,,41.14,1777930222
All Pools,AMI - EROL,0.3,False,0.0016,0.67621,,0.22,1777930222
All Pools,AVAX - sSB,0.3,False,0.00156,0.5057,,0.28,1777930222
All Pools,AVAX - MTB,0.3,False,0.00156,0.96283,,0.15,1777930222
All Pools,REDEEMER - AMI,0.3,False,0.00156,0.01443,,9.84,1777930222
All Pools,USDC.e - sSB,0.3,False,0.00155,839.3,,,1777930222
All Pools,MIM - MTB,0.3,False,0.00155,2.216,,0.06,1777930222
All Pools,AVAX - RUG,0.3,False,0.00155,0.53269,,0.27,1777930222
All Pools,AVAX - ICE,0.3,False,0.00151,151.35,,,1777930222
All Pools,USDC.e - WARP,0.3,False,0.00149,0.86568,,0.16,1777930222
All Pools,MUMO - AVAX,0.3,False,0.00148,0.18054,,0.75,1777930222
All Pools,UNI.e - AVAX,0.3,False,0.00146,0.03469,,3.84,1777930222
All Pools,DB - AVAX,0.3,False,0.0014,2.214,,0.06,1777930222
All Pools,MIM - DB,0.3,False,0.0014,0.67119,,0.19,1777930222
All Pools,AVAX - PSI,0.3,False,0.00139,190.06,,,1777930222
All Pools,WETH.e - ETHM,0.3,False,0.00138,0.50287,,0.25,1777930222
All Pools,ETHM - USDC.e,0.3,False,0.00138,0.47901,,0.26,1777930222
All Pools,USDt - APOW,0.3,False,0.00137,0.15584,,0.8,1777930222
All Pools,STICK - AMI,0.3,False,0.00136,0.31146,,0.4,1777930222
All Pools,SLUSH - AVAX,0.3,False,0.00134,0.70341,,0.17,1777930222
All Pools,SLUSH - USDT.e,0.3,False,0.00133,1.326,,0.09,1777930222
All Pools,MEAT - MU,0.3,False,0.00131,0.49634,,0.24,1777930222
All Pools,LYD - AVAX,0.3,False,0.00129,0.82207,,0.14,1777930222
All Pools,HUSKY - SMRTr,0.3,False,0.00128,0.06886,,1.69,1777930222
All Pools,KANA - AVAX,0.3,False,0.00127,1139.18,,,1777930222
All Pools,KANA - USDC,0.3,False,0.00127,0.51195,,0.23,1777930222
All Pools,Trinity - IngersollLockwood,0.3,False,0.00127,1.122,,0.1,1777930222
All Pools,ALPHAZERO - USDT.e,0.3,False,0.00127,2.166,,0.05,1777930222
All Pools,MAJIN - AMI,0.3,False,0.00124,0.15499,,0.73,1777930222
All Pools,CRA - USDC.e,0.3,False,0.00123,0.56694,,0.2,1777930222
All Pools,YUSD - LUNA,0.3,False,0.00123,0.01785,,6.29,1777930222
All Pools,ABOB - AVAX,0.3,False,0.00122,832.54,,,1777930222
All Pools,aAvaWAVAX - meGNX,0.3,False,0.0012,4.057,,0.03,1777930222
All Pools,COQ - HOWDY,0.3,False,0.00119,0.56726,,0.19,1777930222
All Pools,NOCHILL - ABOB,0.3,False,0.00117,0.02155,,4.96,1777930222
All Pools,tst1 - AVAX,0.3,False,0.00117,0.58103,,0.18,1777930222
All Pools,tst1 - USDT.e,0.3,False,0.00117,2.702,,0.04,1777930222
All Pools,weETH - AVAX,0.3,False,0.00117,0.3886,,0.27,1777930222
All Pools,HOOP - ROCO,0.3,False,0.00116,0.14688,,0.72,1777930222
All Pools,SUB - AVAX,0.3,False,0.00113,0.50946,,0.2,1777930222
All Pools,SUB - USDC,0.3,False,0.00113,69.79,,0.0,1777930222
All Pools,Psychic - Self,0.3,False,0.00113,63.41,,0.0,1777930222
All Pools,GRAPE - WINE,0.3,False,0.00111,7.647,,0.01,1777930222
All Pools,POPS - AVAX,0.3,False,0.00111,0.11845,,0.85,1777930222
All Pools,GAINS - MEOW,0.3,False,0.00111,0.21722,,0.46,1777930222
All Pools,AUX - AVAX,0.3,False,0.00109,0.3945,,0.25,1777930222
All Pools,TIME - SPELL,0.3,False,0.00109,0.8386,,0.12,1777930222
All Pools,AUX - USDC,0.3,False,0.00109,688.53,,,1777930222
All Pools,GAINS - Always,0.3,False,0.00108,0.10932,,0.91,1777930222
All Pools,AVAX - SYMBIOT,0.3,False,0.00107,0.32417,,0.3,1777930222
All Pools,NUG - AVAX,0.3,False,0.00105,0.38343,,0.25,1777930222
All Pools,SLOT - AVAX,0.3,False,0.00105,3952.71,,,1777930222
All Pools,NUG - USDC,0.3,False,0.00105,2.375,,0.04,1777930222
All Pools,SLOT - USDC.e,0.3,False,0.00105,0.48568,,0.2,1777930222
All Pools,DAI.e - SYMBIOT,0.3,False,0.00102,1.417,,0.07,1777930222
All Pools,xJOE - AVAX,0.3,False,0.00102,2.799,,0.03,1777930222
All Pools,xJOE - wsOHM,0.3,False,0.00101,0.54609,,0.17,1777930222
All Pools,WET - AVAX,0.3,False,0.001,16.95,,0.01,1777930222
All Pools,WET - USDT.e,0.3,False,,0.44316,,0.21,1777930222
All Pools,PB - AVAX,0.3,False,,0.49137,,0.19,1777930222
All Pools,PB - MIM,0.3,False,,39.84,,0.0,1777930222
All Pools,AVAX - FTEST,0.3,False,,0.39979,,0.23,1777930222
All Pools,USDT.e - FTEST,0.3,False,,1.317,,0.07,1777930222
All Pools,BRO - OSAK,0.3,False,,0.09111,,0.99,1777930222
All Pools,WETH - AVAX,0.3,False,,1.356,,0.07,1777930222
All Pools,SYMBIOT - AVAX,0.3,False,,1.449,,0.06,1777930222
All Pools,AVAX - AKITA,0.3,False,,2528.08,,,1777930222
All Pools,MIM - AKITA,0.3,False,,0.25504,,0.35,1777930222
All Pools,WETH.e - SPELL,0.3,False,,0.29517,,0.29,1777930222
All Pools,SYMBIOT - DAI.e,0.3,False,,0.45945,,0.18,1777930222
All Pools,OH - USDC.e,0.3,False,,0.38926,,0.21,1777930222
All Pools,3ULL - USDT.e,0.3,False,,0.65708,,0.13,1777930222
All Pools,USDT.e - WARP,0.3,False,,0.90489,,0.09,1777930222
All Pools,ROCO - USDT.e,0.3,False,,0.08484,,0.96,1777930222
All Pools,ARABBIT - AVAX,0.3,False,,0.56784,,0.14,1777930222
All Pools,MIM - ARABBIT,0.3,False,,1.296,,0.06,1777930222
All Pools,SolarDAO - AVAX,0.3,False,,0.39947,,0.2,1777930222
All Pools,SolarDAO - USDT.e,0.3,False,,2.072,,0.04,1777930222
All Pools,SMOKA - AVAX,0.3,False,,0.54892,,0.14,1777930222
All Pools,MIM - SMOKA,0.3,False,,1.14,,0.07,1777930222
All Pools,USDC - DAI.e,0.3,False,,2.021,,0.04,1777930222
All Pools,PUSH - AVAX,0.3,False,,0.57206,,0.14,1777930222
All Pools,HUSKY - MU,0.3,False,,0.05395,,1.43,1777930222
All Pools,AUSD - USDC,0.01,False,15245249.0,4684958.0,1524.6,11.88,1777933822
All Pools,AUSD - USDt,0.01,False,14952937.0,3415151.0,1495.38,15.98,1777933822
All Pools,AVAX - USDC,0.05,False,9602850.0,3940538.0,5114.36,47.37,1777933822
All Pools,BTC.b - USDC,0.05,False,499550.0,815554.0,262.89,11.77,1777933822
All Pools,USDt - USDC,0.005,False,468403.0,694058.0,33.19,1.75,1777933822
All Pools,USDC.e - O3,0.3,False,430911.0,343742449.0,1077.28,0.11,1777933822
All Pools,AVAX - USDC,0.2,False,149598.0,208706.0,303.79,53.13,1777933822
All Pools,sAVAX - AVAX,0.01,False,101334.0,189454.0,10.34,1.99,1777933822
All Pools,AVAX - BTC.b,0.05,False,53971.0,589028.0,29.02,1.8,1777933822
All Pools,XAUt0 - USDt,0.04,False,49377.0,37786.0,23.11,22.32,1777933822
All Pools,ARENA - AVAX,0.01,False,49145.0,154802.0,4.911,1.16,1777933822
All Pools,DAI.e - USDC,0.02,False,44189.0,31998.0,11.44,13.05,1777933822
All Pools,GUN - AVAX,0.1,False,37518.0,40352.0,38.75,35.05,1777933822
All Pools,GUN - AVAX,0.25,False,36618.0,129002.0,92.44,26.15,1777933822
All Pools,USDC - XAVA,0.3,False,33494.0,615281.0,83.73,4.97,1777933822
All Pools,AVAX - USDt,0.2,False,33382.0,131929.0,67.55,18.69,1777933822
All Pools,USDT.e - USDC,0.02,False,31966.0,48843.0,6.563,4.9,1777933822
All Pools,AVAX - USDT.e,0.3,False,26113.0,554539.0,65.28,4.3,1777933822
All Pools,USDT.e - USDt,0.02,False,24969.0,44191.0,5.059,4.18,1777933822
All Pools,WBTC - BTC.b,0.03,False,23822.0,84223.0,7.552,3.27,1777933822
All Pools,AVAX - USDC,0.3,False,22493.0,407511.0,56.23,5.04,1777933822
All Pools,WBTC.e - BTC.b,0.03,False,22002.0,336557.0,8.783,0.95,1777933822
All Pools,MIM - AVAX,0.3,False,21718.0,565011.0,54.3,3.51,1777933822
All Pools,USDC.e - AVAX,0.3,False,21039.0,432163.0,52.6,4.44,1777933822
All Pools,NXPC - AVAX,0.3,False,20267.0,241595.0,50.67,7.65,1777933822
All Pools,WBTC.e - AVAX,0.3,False,16725.0,174440.0,41.81,8.75,1777933822
All Pools,USDt - USDC,0.01,False,15067.0,181516.0,1.207,0.24,1777933822
All Pools,JOE - AVAX,0.3,False,12985.0,525422.0,32.46,2.26,1777933822
All Pools,FOLKS - AVAX,0.25,False,12904.0,34268.0,32.74,34.87,1777933822
All Pools,COQ - AVAX,0.3,False,12090.0,616476.0,30.23,1.79,1777933822
All Pools,JOE - USDC.e,0.3,False,11477.0,339060.0,28.69,3.09,1777933822
All Pools,QI - AVAX,0.3,False,9705.94,240177.0,24.26,3.69,1777933822
All Pools,USDT.e - USDC,0.02,False,8843.55,888.0,1.052,43.22,1777933822
All Pools,NOCHILL - AVAX,0.3,False,7195.92,83974.0,17.99,7.82,1777933822
All Pools,ORNG - AVAX,0.3,False,5066.01,27762.0,12.67,16.65,1777933822
All Pools,EURC - USDC,0.03,False,4225.86,12010.0,1.286,3.91,1777933822
All Pools,SolvBTC - BTC.b,0.04,False,4156.75,252836.0,2.052,0.3,1777933822
All Pools,USDC.e - USDC,0.3,False,4016.69,484617.0,10.04,0.76,1777933822
All Pools,DAI.e - USDC,0.02,False,3851.91,2642.7,1.072,14.81,1777933822
All Pools,AAVE.e - AVAX,0.3,False,3520.05,302412.0,8.8,1.06,1777933822
All Pools,WETH.e - AVAX,0.3,False,3386.81,501536.0,8.467,0.62,1777933822
All Pools,JPYC - USDC,0.04,False,3363.68,4468.38,1.698,13.87,1777933822
All Pools,FLD - AVAX,0.3,False,3277.12,51915.0,8.193,5.76,1777933822
All Pools,AUSD - AVAX,0.1,False,2807.75,39985.0,2.917,2.66,1777933822
All Pools,USDt - AVAX,0.3,False,2637.54,45191.0,6.594,5.33,1777933822
All Pools,JOE - USDT.e,0.3,False,2565.29,67857.0,6.413,3.45,1777933822
All Pools,AVAX - avUSD,0.25,False,2504.64,2361.05,6.303,97.44,1777933822
All Pools,BTC.b - AVAX,0.3,False,2474.76,143472.0,6.187,1.57,1777933822
All Pools,BEAM - AVAX,0.25,False,2449.96,20306.0,6.162,11.08,1777933822
All Pools,BEAM - USDC,0.3,False,2320.56,72506.0,5.801,2.92,1777933822
All Pools,gOHM - AVAX,0.3,False,2164.98,138387.0,5.412,1.43,1777933822
All Pools,ALOT - AVAX,0.3,False,2108.77,228514.0,5.272,0.84,1777933822
All Pools,HUNDRED - USDC,0.3,False,1883.31,520908.0,4.708,0.33,1777933822
All Pools,XAVA - AVAX,0.8,False,1845.2,229578.0,14.84,2.36,1777933822
All Pools,rsAVAX - AVAX,0.1,False,1763.41,975.89,9.81,366.92,1777933822
All Pools,BEAM - AVAX,0.3,False,1733.97,94560.0,4.335,1.67,1777933822
All Pools,JOE - USDC,0.3,False,1702.92,40333.0,4.257,3.85,1777933822
All Pools,XAVA - AVAX,0.25,False,1662.15,3215.43,4.331,49.17,1777933822
All Pools,LINK.e - AVAX,0.3,False,1658.74,49341.0,4.147,3.07,1777933822
All Pools,AVAX - DAI.e,0.3,False,1653.66,34358.0,4.134,4.39,1777933822
All Pools,ZRO - AVAX,0.25,False,1634.22,2317.01,12.02,189.32,1777933822
All Pools,SOL - AVAX,0.3,False,1610.76,435152.0,4.027,0.34,1777933822
All Pools,WBTC.e - BTC.b,0.03,False,1367.36,700.37,0.60097,31.32,1777933822
All Pools,w3ULL - AVAX,0.3,False,1325.89,64683.0,3.315,1.87,1777933822
All Pools,USDt - USDC,0.02,False,1305.81,2231.03,0.28926,4.73,1777933822
All Pools,YAK - AVAX,0.3,False,1125.82,110444.0,2.815,0.93,1777933822
All Pools,WETH.e - USDC,0.15,False,1046.98,10056.0,1.6,5.81,1777933822
All Pools,HEFE - AVAX,0.3,False,1013.85,22982.0,2.535,4.03,1777933822
All Pools,LCPEDU - USDt,0.8,False,1002.83,9626335.0,16.08,0.06,1777933822
All Pools,MUON - AVAX,0.3,False,920.4,48379.0,2.301,1.74,1777933822
All Pools,AVAX - JUICE,0.3,False,878.67,15940.0,2.197,5.03,1777933822
All Pools,WOLF - AVAX,0.3,False,808.26,41765.0,2.021,1.77,1777933822
All Pools,SHRAP - AVAX,0.8,False,738.36,12797.0,6.675,19.04,1777933822
All Pools,SIERRA - USDC,0.1,False,659.05,40194.0,0.65911,0.6,1777933822
All Pools,AVAX - ALVA,0.3,False,636.52,1260.49,1.591,46.08,1777933822
All Pools,AVAX - XAVA,0.3,False,608.91,16110.0,1.522,3.45,1777933822
All Pools,XSEED - AVAX,0.3,False,573.49,13094.0,1.434,4.0,1777933822
All Pools,AVAX - UST,0.3,False,571.06,9345.61,1.428,5.58,1777933822
All Pools,JOE - AVAX,0.25,False,554.58,10815.0,1.397,4.71,1777933822
All Pools,GMX - AVAX,0.3,False,543.68,5064.44,1.359,9.8,1777933822
All Pools,UST - AVAX,0.3,False,538.69,8202.65,1.347,5.99,1777933822
All Pools,KLO - AVAX,0.3,False,332.29,14813.0,0.83072,2.05,1777933822
All Pools,WETH.e - USDC.e,0.3,False,322.6,12460.0,0.80649,2.36,1777933822
All Pools,OSAK - AVAX,0.3,False,314.96,6147.92,0.78739,4.67,1777933822
All Pools,sAVAX - AVAX,0.3,False,305.82,243294.0,0.76455,0.11,1777933822
All Pools,HERESY - AVAX,0.3,False,304.22,21860.0,0.76054,1.27,1777933822
All Pools,PTOP800 - USDC,0.1,False,279.21,661.12,0.28184,15.56,1777933822
All Pools,STG - USDC,0.3,False,254.56,1474.94,0.63641,15.75,1777933822
All Pools,YUSD - USDC,0.02,False,240.61,122000.0,0.04812,0.01,1777933822
All Pools,PTOP800 - AVAX,0.1,False,236.74,609.05,0.2381,14.27,1777933822
All Pools,COQ - COQAI,0.3,False,230.57,28152.0,0.57642,0.75,1777933822
All Pools,SWORLD - AVAX,0.3,False,226.45,7056.51,0.56612,2.93,1777933822
All Pools,PTOP1100 - USDC,0.1,False,200.29,670.29,0.20144,10.97,1777933822
All Pools,PTOP1100 - AVAX,0.1,False,199.47,365.79,0.20243,20.2,1777933822
All Pools,sAVAX - JACK,0.3,False,199.41,291162.0,0.49852,0.06,1777933822
All Pools,XETA - USDC,0.3,False,196.95,6456.89,0.49236,2.78,1777933822
All Pools,PTOP1300 - AVAX,0.1,False,180.13,580.67,0.18075,11.36,1777933822
All Pools,PTOP1300 - USDC,0.1,False,179.82,348.91,0.18103,18.94,1777933822
All Pools,AVAX - GEC,0.3,False,169.2,35929.0,0.423,0.43,1777933822
All Pools,APIX - ID,0.3,False,164.33,25226.0,0.41083,0.59,1777933822
All Pools,XPOW - AVAX,0.3,False,150.07,367.32,0.37518,37.28,1777933822
All Pools,SOL - AVAX,0.1,False,138.58,1093.49,0.13945,4.65,1777933822
All Pools,BOOTY - AVAX,0.3,False,137.38,2252.88,0.34345,5.56,1777933822
All Pools,QI - AVAX,0.25,False,134.43,14995.0,0.33585,0.82,1777933822
All Pools,PTOP1200 - AVAX,0.1,False,129.36,689.58,0.12955,6.86,1777933822
All Pools,PTOP1200 - USDC,0.1,False,128.78,198.99,0.13156,24.13,1777933822
All Pools,CAPY - ARENA,0.3,False,120.06,31845.0,0.30016,0.34,1777933822
All Pools,STG - AVAX,0.3,False,119.12,1472.85,0.29779,7.38,1777933822
All Pools,GGP - AVAX,0.3,False,112.4,93592.0,0.281,0.11,1777933822
All Pools,MIM - USDt,0.03,False,111.82,9.684,0.0375,141.35,1777933822
All Pools,APIX - USDt,0.3,False,111.67,6915.03,0.27917,1.47,1777933822
All Pools,LUNA - USDC.e,0.3,False,110.83,959.93,0.27708,10.54,1777933822
All Pools,gOHM - FRAX,0.3,False,92.39,3537.11,0.23098,2.38,1777933822
All Pools,JOE - AVAX,0.15,False,87.8,69751.0,0.13506,0.07,1777933822
All Pools,HUSKY - AVAX,0.3,False,84.42,3549.57,0.21105,2.17,1777933822
All Pools,TECH - AVAX,0.3,False,81.98,14253.0,0.20496,0.52,1777933822
All Pools,AVAX - APOW,0.3,False,77.2,25742.0,0.19299,0.27,1777933822
All Pools,PRIME - AVAX,0.4,False,72.04,99708.0,0.89566,0.33,1777933822
All Pools,XPOW - APOW,0.3,False,70.54,913.08,0.17636,7.05,1777933822
All Pools,MAJIN - AVAX,0.3,False,65.34,4261.54,0.16336,1.4,1777933822
All Pools,BLUB - AVAX,0.3,False,60.22,16897.0,0.15055,0.33,1777933822
All Pools,PNG - AVAX,0.3,False,58.32,1065.09,0.14581,5.0,1777933822
All Pools,CAI - AVAX,0.3,False,55.77,1811.57,0.13942,2.81,1777933822
All Pools,KIMBO - AVAX,0.3,False,51.81,64755.0,0.12952,0.07,1777933822
All Pools,APIX - USDC,0.3,False,49.54,3455.57,0.12385,1.31,1777933822
All Pools,PTOP800 - BTC.b,0.1,False,47.96,1012.17,0.05526,1.99,1777933822
All Pools,KITTY - AVAX,0.3,False,45.75,11.17,0.11437,373.85,1777933822
All Pools,SB - AVAX,0.3,False,45.19,7006.82,0.11298,0.59,1777933822
All Pools,UST - USDC.e,0.3,False,39.25,800.49,0.09812,4.47,1777933822
All Pools,LUNA - USDC.e,0.3,False,38.95,382.55,0.09737,9.29,1777933822
All Pools,FTR - AVAX,0.3,False,37.34,1293.13,0.09334,2.63,1777933822
All Pools,AVAX - FRAX,0.3,False,37.31,1023.48,0.09328,3.33,1777933822
All Pools,AVAX - HON,0.3,False,35.52,91334.0,0.08881,0.04,1777933822
All Pools,Balln - AVAX,0.3,False,35.48,4235.91,0.08871,0.76,1777933822
All Pools,MIM - SB,0.3,False,34.84,5778.85,0.08711,0.55,1777933822
All Pools,MEOW - AVAX,0.3,False,34.38,10663.0,0.08595,0.29,1777933822
All Pools,MIM - WETH.e,0.3,False,34.1,1476.72,0.08524,2.11,1777933822
All Pools,ggAVAX - AVAX,0.04,False,33.63,373.98,0.00357,0.35,1777933822
All Pools,UST - USDC,0.3,False,32.04,500.23,0.0801,5.84,1777933822
All Pools,APIX - ARENA,0.3,False,31.51,2349.82,0.07878,1.22,1777933822
All Pools,USDC.e - USDC,0.02,False,30.21,17000.0,0.00343,0.01,1777933822
All Pools,SECOND - AVAX,0.3,False,29.09,1775.46,0.07273,1.5,1777933822
All Pools,SECOND - USDC,0.3,False,29.09,7212.2,0.07273,0.37,1777933822
All Pools,AVAX - SOLNIC,0.3,False,27.78,4738.51,0.06946,0.54,1777933822
All Pools,CAT - AVAX,0.3,False,27.75,1971.3,0.06938,1.28,1777933822
All Pools,RGOGLZ - USDC,0.3,False,27.13,1589.4,0.06782,1.56,1777933822
All Pools,Psychic - AVAX,0.3,False,26.92,1185.97,0.06729,2.07,1777933822
All Pools,CATCH - AVAX,0.3,False,24.42,307.04,0.06105,7.26,1777933822
All Pools,ROCO - AVAX,0.3,False,23.13,1294.85,0.05784,1.63,1777933822
All Pools,XROSS - ORNG,0.3,False,22.18,484.46,0.05546,4.18,1777933822
All Pools,BLSEYE🎯 - AVAX,0.3,False,22.04,6058.81,0.05509,0.33,1777933822
All Pools,DCAU - AVAX,0.3,False,21.91,1273.0,0.05478,1.57,1777933822
All Pools,BOI - AVAX,0.3,False,21.37,80.79,0.05343,24.14,1777933822
All Pools,GUN - BLSEYE🎯,0.3,False,20.57,964.42,0.05143,1.95,1777933822
All Pools,USDt - ncash,0.3,False,20.46,1135.61,0.05114,1.64,1777933822
All Pools,DCAU - USDT.e,0.3,False,20.4,5326.82,0.051,0.35,1777933822
All Pools,GENI - USDC,0.3,False,19.88,1479.01,0.04969,1.23,1777933822
All Pools,MEAT - AVAX,0.3,False,19.44,5364.45,0.0486,0.33,1777933822
All Pools,HOWDY - USDC,0.3,False,19.22,8068.04,0.04806,0.22,1777933822
All Pools,HATCHY - AVAX,0.3,False,19.15,9794.98,0.04787,0.18,1777933822
All Pools,USDC.e - DAI.e,0.3,False,18.68,22866.0,0.04669,0.07,1777933822
All Pools,Psychic - XAUt0,0.3,False,18.27,6945.89,0.04567,0.24,1777933822
All Pools,ORNG - FLUX,0.3,False,17.78,360.85,0.04445,4.5,1777933822
All Pools,HAREM - AVAX,0.3,False,16.84,128.04,0.0421,12.0,1777933822
All Pools,USDC.e - USDT.e,0.3,False,16.45,40499.0,0.04112,0.04,1777933822
All Pools,DAI.e - USDt,0.25,False,16.38,21052.0,0.03914,0.07,1777933822
All Pools,USDV - AVAX,0.25,False,16.2,1832.78,0.06335,1.26,1777933822
All Pools,WOM - AVAX,0.3,False,15.65,843.08,0.03913,1.69,1777933822
All Pools,GUN - AVAX,0.3,False,15.57,451.0,0.03893,3.15,1777933822
All Pools,AVAX - CLY,0.3,False,15.34,60092.0,0.03835,0.02,1777933822
All Pools,DATCM - ORNG,0.3,False,15.17,484.01,0.03793,2.86,1777933822
All Pools,YUSD - AVAX,0.3,False,15.08,135.22,0.03771,10.18,1777933822
All Pools,GURS - AVAX,0.3,False,14.55,7739.54,0.03637,0.17,1777933822
All Pools,AVAX - STICK,0.3,False,14.34,2157.5,0.03586,0.61,1777933822
All Pools,MAI - AVAX,0.3,False,14.05,1824.63,0.03512,0.7,1777933822
All Pools,LUNA - AVAX,0.3,False,13.78,167.76,0.03445,7.5,1777933822
All Pools,AVAX - rsAVAX,0.3,False,13.75,225.6,0.03436,5.56,1777933822
All Pools,AVAX - PEFI,0.3,False,13.43,4538.84,0.03357,0.27,1777933822
All Pools,ORNG - MOOM,0.3,False,13.34,395.98,0.03334,3.07,1777933822
All Pools,COQ - AVAX,0.8,False,12.98,4823.83,0.10608,0.8,1777933822
All Pools,AVAX - DOMI,0.3,False,12.68,17421.0,0.03169,0.07,1777933822
All Pools,SVETA - AVAX,0.3,False,12.39,1397.88,0.03098,0.81,1777933822
All Pools,FITFI - USDT.e,0.3,False,12.17,373.07,0.03043,2.98,1777933822
All Pools,ZRO - AVAX,0.3,False,11.81,204.23,0.02952,5.28,1777933822
All Pools,SYN - AVAX,0.3,False,11.74,2773.76,0.02936,0.39,1777933822
All Pools,SHRAP - DOMI,0.3,False,11.15,289.32,0.02788,3.52,1777933822
All Pools,Ush - AVAX,0.3,False,10.84,2841.41,0.02709,0.35,1777933822
All Pools,PTOP1000 - AVAX,0.1,False,10.55,637.59,0.01056,0.6,1777933822
All Pools,WINK - AVAX,0.3,False,10.16,78.78,0.02541,11.77,1777933822
All Pools,ORNG - SAI,0.3,False,10.14,287.53,0.02536,3.22,1777933822
All Pools,AVAXAI - USDC,0.3,False,9.73,1726.12,0.02433,0.51,1777933822
All Pools,YOU - ORNG,0.3,False,9.653,3218.18,0.02413,0.27,1777933822
All Pools,ORNG - JUCI,0.3,False,9.558,492.96,0.0239,1.77,1777933822
All Pools,MMTH - AVAX,0.3,False,9.214,0.02369,0.02303,35488.21,1777933822
All Pools,ACS - AVAX,0.3,False,9.079,225.42,0.0227,3.68,1777933822
All Pools,avUSD - sAVAX,0.3,False,8.854,265.88,0.02214,3.04,1777933822
All Pools,AVAX - SQRCAT,0.3,False,8.594,5976.86,0.02148,0.13,1777933822
All Pools,MDG - USDT.e,0.3,False,8.547,18085.0,0.02137,0.04,1777933822
All Pools,MDG - USDC.e,0.3,False,8.547,9807.06,0.02137,0.08,1777933822
All Pools,AVAX - ELK,0.3,False,8.125,1731.16,0.02031,0.43,1777933822
All Pools,JPYC - USDC,0.3,False,7.85,351.68,0.01962,2.04,1777933822
All Pools,USDC - GAU,0.3,False,7.81,12235.0,0.01953,0.06,1777933822
All Pools,LINK.e - USDT.e,0.3,False,7.237,237.33,0.01809,2.78,1777933822
All Pools,KINGSHIT - AVAX,0.3,False,7.181,5050.11,0.01795,0.13,1777933822
All Pools,CATWIF - AVAX,0.3,False,7.006,3289.94,0.01752,0.19,1777933822
All Pools,WBTC.e - USDT.e,0.3,False,6.9,175.22,0.01725,3.59,1777933822
All Pools,USV - DAI.e,0.3,False,6.89,4278.8,0.01723,0.15,1777933822
All Pools,WETH - USDC.e,0.3,False,6.745,231.14,0.01686,2.66,1777933822
All Pools,CHAMP - ARENA,0.3,False,6.419,17.29,0.01605,33.88,1777933822
All Pools,WBTC.e - ONION,0.3,False,6.156,412.68,0.01539,1.36,1777933822
All Pools,BLSEYE🎯 - ARENA,0.3,False,5.901,1178.77,0.01475,0.46,1777933822
All Pools,MYST - AVAX,0.3,False,5.787,913.66,0.01447,0.58,1777933822
All Pools,EMUN - AVAX,0.3,False,5.715,2421.15,0.01429,0.22,1777933822
All Pools,agEUR - USDC,0.3,False,5.38,63.95,0.01345,7.68,1777933822
All Pools,SWIFT - USDC.e,0.3,False,5.365,544.58,0.01341,0.9,1777933822
All Pools,WETH.e - ONION,0.3,False,5.302,276.23,0.01325,1.75,1777933822
All Pools,PNG - JOE,0.3,False,5.164,172.07,0.01291,2.74,1777933822
All Pools,LINK.e - USDC.e,0.3,False,5.058,198.15,0.01264,2.33,1777933822
All Pools,RPEPE - AVAX,0.3,False,4.857,6386.61,0.01214,0.07,1777933822
All Pools,HUSKY - JOE,0.3,False,4.82,176.67,0.01205,2.49,1777933822
All Pools,APOW - AVAX,0.3,False,4.614,1085.44,0.01154,0.39,1777933822
All Pools,SWIFT - WETH.e,0.3,False,4.577,1654.71,0.01144,0.25,1777933822
All Pools,YAK - USDC.e,0.3,False,4.568,218.64,0.01142,1.91,1777933822
All Pools,AVAX - aXEN,0.3,False,4.204,79.69,0.01051,4.81,1777933822
All Pools,LUNA - AVAX,0.3,False,4.129,24.16,0.01032,15.6,1777933822
All Pools,ISA - USDC.e,0.3,False,3.964,493.91,0.00991,0.73,1777933822
All Pools,WETH.e - USDT.e,0.3,False,3.899,169.16,0.00975,2.1,1777933822
All Pools,DPS - AVAX,0.3,False,3.805,223.23,0.00951,1.56,1777933822
All Pools,DPS - USDC,0.3,False,3.804,1940.46,0.00951,0.18,1777933822
All Pools,AVAX - IMPACT2,0.3,False,3.803,170.95,0.00951,2.03,1777933822
All Pools,REDWOLF - AVAX,0.3,False,3.803,505.65,0.00951,0.69,1777933822
All Pools,ISA - AVAX,0.3,False,3.654,1478.05,0.00914,0.23,1777933822
All Pools,MYST - USDC,0.3,False,3.576,256.34,0.00894,1.27,1777933822
All Pools,REDWOLF - USDC,0.3,False,3.56,203.82,0.0089,1.59,1777933822
All Pools,LIQR - AVAX,0.3,False,3.413,52131.0,0.00853,0.01,1777933822
All Pools,USDC.e - ONION,0.3,False,3.413,387.94,0.00853,0.8,1777933822
All Pools,USDT.e - CLY,0.3,False,3.278,264.31,0.0082,1.13,1777933822
All Pools,AVAX - ONION,0.3,False,3.218,183.09,0.00805,1.6,1777933822
All Pools,YEEHAW - CHAMP,0.3,False,3.152,2385.06,0.00788,0.12,1777933822
All Pools,BTC.b - TOPIA,0.3,False,3.088,313.0,0.00772,0.9,1777933822
All Pools,AVAX - AMI,0.3,False,3.07,542.37,0.00767,0.52,1777933822
All Pools,FXS - AVAX,0.3,False,3.051,445.46,0.00763,0.63,1777933822
All Pools,USDt - IMPACT2,0.3,False,2.911,71.86,0.00728,3.7,1777933822
All Pools,USDT.e - DAI.e,0.3,False,2.849,7351.33,0.00712,0.04,1777933822
All Pools,AVAX - SOCK,0.3,False,2.811,3346.83,0.00703,0.08,1777933822
All Pools,USDC - SOCK,0.3,False,2.792,487.81,0.00698,0.52,1777933822
All Pools,Now - AVAX,0.3,False,2.736,268.46,0.00684,0.93,1777933822
All Pools,TINU - AVAX,0.3,False,2.724,1359.16,0.00681,0.18,1777933822
All Pools,BTC.b - IMPACT2,0.3,False,2.716,1283.05,0.00679,0.19,1777933822
All Pools,MAGICK - AVAX,0.3,False,2.667,356.6,0.00667,0.68,1777933822
All Pools,MAGICK - USDC,0.3,False,2.667,240.64,0.00667,1.01,1777933822
All Pools,AVAX - FRAX,0.3,False,2.594,274.84,0.00648,0.86,1777933822
All Pools,USDT.e - ONION,0.3,False,2.53,773.4,0.00633,0.3,1777933822
All Pools,AVAX - TIME,0.3,False,2.456,1223.16,0.00614,0.18,1777933822
All Pools,BLSEYE🎯 - BEAM,0.3,False,2.356,346.27,0.00589,0.62,1777933822
All Pools,Gravity - AVAX,0.3,False,2.333,340.43,0.00583,0.63,1777933822
All Pools,APOW - USDt,0.3,False,2.327,168.52,0.00582,1.26,1777933822
All Pools,pAVAX - AVAX,0.3,False,2.305,1719.52,0.00576,0.12,1777933822
All Pools,APOW - USDC,0.3,False,2.29,169.03,0.00573,1.24,1777933822
All Pools,HOST - DAI.e,0.3,False,2.243,2623.36,0.00561,0.08,1777933822
All Pools,LF - AVAX,0.3,False,2.145,295.28,0.00536,0.66,1777933822
All Pools,MIM - LF,0.3,False,2.145,915.43,0.00536,0.21,1777933822
All Pools,LORD - AVAX,0.3,False,2.109,1964.82,0.00527,0.1,1777933822
All Pools,SHOE - AVAX,0.3,False,2.029,666.77,0.00507,0.28,1777933822
All Pools,67 - AVAX,0.3,False,2.022,0.0035,0.00505,52658.26,1777933822
All Pools,NOCHILL - OX,0.3,False,1.994,12475.0,0.00498,0.01,1777933822
All Pools,AVAX - SPELL,0.3,False,1.97,2797.95,0.00493,0.06,1777933822
All Pools,UST - USDT.e,0.3,False,1.938,45.32,0.00485,3.9,1777933822
All Pools,XAUt0 - Now,0.3,False,1.903,709.96,0.00476,0.24,1777933822
All Pools,GENI - AVAX,0.3,False,1.87,74.39,0.00467,2.29,1777933822
All Pools,USDC.e - MU,0.3,False,1.855,13516.0,0.00464,0.01,1777933822
All Pools,AVAX - NaughtiusMaximus,0.3,False,1.81,444.83,0.00453,0.37,1777933822
All Pools,XAUt0 - NaughtiusMaximus,0.3,False,1.809,1047.73,0.00452,0.16,1777933822
All Pools,DON - AVAX,0.3,False,1.801,4906.54,0.0045,0.03,1777933822
All Pools,DCAU - USDC,0.3,False,1.79,151.46,0.00448,1.08,1777933822
All Pools,FollowTheWhiteRabbit - BLACK,0.3,False,1.779,1176.98,0.00445,0.14,1777933822
All Pools,XAUt0 - Gravity,0.3,False,1.755,397.45,0.00439,0.4,1777933822
All Pools,Trinity - AVAX,0.3,False,1.742,1041.18,0.00435,0.15,1777933822
All Pools,HUSKY - AMI,0.3,False,1.742,82.85,0.00435,1.92,1777933822
All Pools,USDt - USDT.e,0.3,False,1.731,20416.0,0.00433,0.01,1777933822
All Pools,USDC.e - AVVO,0.3,False,1.703,253.53,0.00426,0.61,1777933822
All Pools,USDC - SHRAP,0.3,False,1.688,27.76,0.00422,5.55,1777933822
All Pools,PIZZA - AVAX,0.3,False,1.684,515.58,0.00421,0.3,1777933822
All Pools,COQ - OX,0.3,False,1.636,12656.0,0.00409,0.01,1777933822
All Pools,BEAR - AVAX,0.3,False,1.619,7338.95,0.00405,0.02,1777933822
All Pools,MIM - PEFI,0.3,False,1.601,205.88,0.004,0.71,1777933822
All Pools,AVAX - ELK,0.3,False,1.55,69.19,0.00387,2.04,1777933822
All Pools,KIWI - AVAX,0.3,False,1.511,117.2,0.00378,1.18,1777933822
All Pools,TRESR - AVAX,0.3,False,1.51,15007.0,0.00378,0.01,1777933822
All Pools,KIWI - USDC,0.3,False,1.493,312.09,0.00373,0.44,1777933822
All Pools,Gravity - BLACK,0.3,False,1.469,1066.68,0.00367,0.13,1777933822
All Pools,AVAX - LUCKY,0.3,False,1.463,4122.42,0.00366,0.03,1777933822
All Pools,BANKSY - USDT.e,0.3,False,1.399,1566.01,0.0035,0.08,1777933822
All Pools,BANKSY - AVAX,0.3,False,1.399,174.6,0.0035,0.73,1777933822
All Pools,USDC - NXUSD,0.3,False,1.39,3.517,0.00348,36.07,1777933822
All Pools,CRA - AVAX,0.3,False,1.381,10177.0,0.00345,0.01,1777933822
All Pools,SMRTr - AVAX,0.3,False,1.357,37105.0,0.00339,0.0,1777933822
All Pools,SMRTr - USDC.e,0.3,False,1.353,126.97,0.00338,0.97,1777933822
All Pools,JOE - USDT,0.3,False,1.336,365.2,0.00334,0.33,1777933822
All Pools,AVAX - ChristMark,0.3,False,1.335,359.14,0.00334,0.34,1777933822
All Pools,DREGG - AVAX,0.3,False,1.328,181.84,0.00332,0.67,1777933822
All Pools,DREGG - USDT.e,0.3,False,1.325,549.92,0.00331,0.22,1777933822
All Pools,DAI.e - ONION,0.3,False,1.324,353.84,0.00331,0.34,1777933822
All Pools,AVAX - USDT,0.3,False,1.315,2018.0,0.00329,0.06,1777933822
All Pools,SHOE - BTC.b,0.3,False,1.29,850.95,0.00322,0.14,1777933822
All Pools,FollowTheWhiteRabbit - AVAX,0.3,False,1.29,165.94,0.00322,0.71,1777933822
All Pools,COQ - BLSEYE🎯,0.3,False,1.271,215.79,0.00318,0.54,1777933822
All Pools,AVAX - TUS,0.3,False,1.268,8205.96,0.00317,0.01,1777933822
All Pools,COQ - NOCHILL,0.3,False,1.244,14.37,0.00311,7.9,1777933822
All Pools,AVAX - MU,0.3,False,1.205,89.45,0.00301,1.23,1777933822
All Pools,VPND - AVAX,0.3,False,1.171,25905.0,0.00293,0.0,1777933822
All Pools,COQ - OSAK,0.3,False,1.164,36.68,0.00291,2.89,1777933822
All Pools,BUSD - AVAX,0.3,False,1.157,424.23,0.00289,0.25,1777933822
All Pools,Psychic - BLACK,0.3,False,1.132,464.2,0.00283,0.22,1777933822
All Pools,XAUt0 - ChristMark,0.3,False,1.128,690.75,0.00282,0.15,1777933822
All Pools,AVAX - SMRT,0.3,False,1.08,2374.07,0.0027,0.04,1777933822
All Pools,NOCHILL - KET,0.3,False,1.073,15.54,0.00268,6.3,1777933822
All Pools,USDC - LODE,0.3,False,1.053,883.23,0.00263,0.11,1777933822
All Pools,USDT.e - SMRT,0.3,False,1.012,107.66,0.00253,0.86,1777933822
All Pools,MONEY - AVAX,0.3,False,0.99821,637.39,0.0025,0.14,1777933822
All Pools,rloop - AVAX,0.3,False,0.99178,6324.43,0.00248,0.01,1777933822
All Pools,Trinity - BLACK,0.3,False,0.9917,563.83,0.00248,0.16,1777933822
All Pools,LUEEGI - AVAX,0.3,False,0.98903,1601.85,0.00247,0.06,1777933822
All Pools,MM - USDC,0.3,False,0.98201,84.11,0.00246,1.07,1777933822
All Pools,MM - AVAX,0.3,False,0.97949,134.81,0.00245,0.66,1777933822
All Pools,KALM - USDC,0.3,False,0.9371,84.83,0.00234,1.01,1777933822
All Pools,KALM - AVAX,0.3,False,0.93707,127.28,0.00234,0.67,1777933822
All Pools,SWIFT - AVAX,0.3,False,0.92194,311.54,0.0023,0.27,1777933822
All Pools,HOST - AVAX,0.3,False,0.92061,107.76,0.0023,0.78,1777933822
All Pools,JOE - EXP,0.3,False,0.90657,13399273.0,0.00227,,1777933822
All Pools,STATIK - AVAX,0.3,False,0.90462,44.71,0.00226,1.85,1777933822
All Pools,PTOP1100 - TOPIA,0.3,False,0.90456,152.06,0.00226,0.54,1777933822
All Pools,AVAX - AVVO,0.3,False,0.88145,306.54,0.0022,0.26,1777933822
All Pools,Psychic - Now,0.3,False,0.8783,631.24,0.0022,0.13,1777933822
All Pools,FITFI - AVAX,0.3,False,0.87724,39.49,0.00219,2.03,1777933822
All Pools,Now - BLACK,0.3,False,0.87003,442.5,0.00218,0.18,1777933822
All Pools,ABC - AVAX,0.3,False,0.86022,1086.49,0.00215,0.07,1777933822
All Pools,AVAX - GME,0.3,False,0.85858,713.09,0.00215,0.11,1777933822
All Pools,MAXI - DAI.e,0.3,False,0.84038,237.39,0.0021,0.32,1777933822
All Pools,MIM - TIME,0.3,False,0.83468,123.28,0.00209,0.62,1777933822
All Pools,Trinity - Psychic,0.3,False,0.81884,545.04,0.00205,0.14,1777933822
All Pools,USDC - SPT,0.3,False,0.78155,40.9,0.00195,1.74,1777933822
All Pools,MaryMagdalene - AVAX,0.3,False,0.76572,225.63,0.00191,0.31,1777933822
All Pools,AAVE.e - REDWOLF,0.3,False,0.7513,162.51,0.00188,0.42,1777933822
All Pools,AVAX - ZUBAX,0.3,False,0.74998,117.73,0.00187,0.58,1777933822
All Pools,ZUBAX - USDT.e,0.3,False,0.73735,185.44,0.00184,0.36,1777933822
All Pools,WBTC.e - REDWOLF,0.3,False,0.7369,60.02,0.00184,1.12,1777933822
All Pools,50 - USDC,0.3,False,0.73629,120.91,0.00184,0.56,1777933822
All Pools,50 - AVAX,0.3,False,0.73628,76.91,0.00184,0.87,1777933822
All Pools,SYMBIOT - AVAX,0.3,False,0.73236,92.75,0.00183,0.72,1777933822
All Pools,SYMBIOT - DAI.e,0.3,False,0.71684,473.37,0.00179,0.14,1777933822
All Pools,FollowTheWhiteRabbit - LuciferMorningstar,0.3,False,0.69269,3639.52,0.00173,0.02,1777933822
All Pools,LINK.e - REDWOLF,0.3,False,0.69175,82.54,0.00173,0.76,1777933822
All Pools,AVAX - KONG,0.3,False,0.68798,7515.11,0.00172,0.01,1777933822
All Pools,Orange - AVAX,0.3,False,0.68015,87.7,0.0017,0.71,1777933822
All Pools,WETH.e - USDC,0.3,False,0.67593,22.91,0.00169,2.69,1777933822
All Pools,JEWEL - USDC,0.3,False,0.67402,4520.97,0.00169,0.01,1777933822
All Pools,Gladiator - AVAX,0.3,False,0.66445,3.731,0.00166,16.25,1777933822
All Pools,MaryMagdalene - XAUt0,0.3,False,0.66236,1930.32,0.00166,0.03,1777933822
All Pools,USDT.e - MU,0.3,False,0.657,255.45,0.00164,0.23,1777933822
All Pools,AVAX - SHRAP,0.3,False,0.65457,17.54,0.00164,3.41,1777933822
All Pools,bCASH - NOCHILL,0.3,False,0.62623,19.24,0.00157,2.97,1777933822
All Pools,Trinity - LuciferMorningstar,0.3,False,0.6192,351724543.0,0.00155,,1777933822
All Pools,USDC - aXEN,0.3,False,0.60937,9.418,0.00152,5.9,1777933822
All Pools,AVAX - mYAK,0.3,False,0.58834,58.54,0.00147,0.92,1777933822
All Pools,SOL - USDC,0.3,False,0.57878,24.11,0.00145,2.19,1777933822
All Pools,AVAX - APE - X,0.3,False,0.57386,665.16,0.00143,0.08,1777933822
All Pools,YEEHAW - BTC.b,0.3,False,0.56849,128.86,0.00142,0.4,1777933822
All Pools,BTC.b - SPT,0.3,False,0.56175,40.09,0.0014,1.28,1777933822
All Pools,MU - DAI.e,0.3,False,0.5544,246.24,0.00139,0.21,1777933822
All Pools,Gladiator - USDC,0.3,False,0.5385,565.29,0.00135,0.09,1777933822
All Pools,LadyMary - AVAX,0.3,False,0.53344,366.82,0.00133,0.13,1777933822
All Pools,FEED - AVAX,0.3,False,0.53274,9376.08,0.00133,0.01,1777933822
All Pools,AVAX - PENDLE,0.3,False,0.53102,7809.14,0.00133,0.01,1777933822
All Pools,HUSKY - MUG,0.3,False,0.52766,23.35,0.00132,2.06,1777933822
All Pools,MIM - wsOHM,0.3,False,0.5274,1105.0,0.00132,0.04,1777933822
All Pools,MIM - USDC.e,0.3,False,0.52286,2009.67,0.00131,0.02,1777933822
All Pools,WETH.e - REDWOLF,0.3,False,0.49884,103.54,0.00125,0.44,1777933822
All Pools,Gladiator - AMI,0.3,False,0.49803,371.06,0.00125,0.12,1777933822
All Pools,Orange - DivineFeminine,0.3,False,0.49709,1100.74,0.00124,0.04,1777933822
All Pools,USDt - RUX,0.3,False,0.48871,16093.0,0.00122,0.0,1777933822
All Pools,RUX - AVAX,0.3,False,0.48866,30.51,0.00122,1.46,1777933822
All Pools,GUN - AMI,0.3,False,0.48256,22.56,0.00121,1.95,1777933822
All Pools,COQ - BOOTY,0.3,False,0.47923,11.06,0.0012,3.95,1777933822
All Pools,UNI.e - REDWOLF,0.3,False,0.47421,10.76,0.00119,4.02,1777933822
All Pools,COQ - JUICE,0.3,False,0.46056,48.8,0.00115,0.86,1777933822
All Pools,AVAX - ARENA,0.3,False,0.45183,81.58,0.00113,0.51,1777933822
All Pools,WETH.e - SURE,0.3,False,0.44919,1105.49,0.00112,0.04,1777933822
All Pools,MIM - MU,0.3,False,0.4483,254.55,0.00112,0.16,1777933822
All Pools,LUNA - LUNA,0.3,False,0.44192,3.135,0.0011,12.86,1777933822
All Pools,IMPACT2 - EURC,0.3,False,0.43904,47.17,0.0011,0.85,1777933822
All Pools,gOHM - wsOHM,0.3,False,0.43241,37.58,0.00108,1.05,1777933822
All Pools,Trinity - LadyMary,0.3,False,0.42494,11196.0,0.00106,0.0,1777933822
All Pools,ZRO - USDC,0.3,False,0.42242,5.739,0.00106,6.72,1777933822
All Pools,CQK - AVAX,0.3,False,0.41899,132.64,0.00105,0.29,1777933822
All Pools,TECH - OX,0.3,False,0.41895,5029.32,0.00105,0.01,1777933822
All Pools,CQK - USDC,0.3,False,0.41891,35.32,0.00105,1.08,1777933822
All Pools,AftermathsKobe - AVAX,0.3,False,0.41445,295.88,0.00104,0.13,1777933822
All Pools,Psychic - AftermathsKobe,0.3,False,0.41359,324.64,0.00103,0.12,1777933822
All Pools,AVAX - TOPIA,0.3,False,0.41352,529.43,0.00103,0.07,1777933822
All Pools,BLS - USDt,0.3,False,0.41297,120.03,0.00103,0.31,1777933822
All Pools,USDC - CHAM,0.3,False,0.41165,50.3,0.00103,0.75,1777933822
All Pools,NOCHILL - AMI,0.3,False,0.40582,5.693,0.00101,6.51,1777933822
All Pools,FERT - AVAX,0.3,False,0.40094,813.7,0.001,0.04,1777933822
All Pools,USDC - yyAVAX,0.3,False,0.39852,14.24,,2.55,1777933822
All Pools,AVAX - MUG,0.3,False,0.39109,353.75,,0.1,1777933822
All Pools,CommieSukey - AVAX,0.3,False,0.38855,291.36,,0.12,1777933822
All Pools,Psychic - CommieSukey,0.3,False,0.38803,318.75,,0.11,1777933822
All Pools,CGS - USDC.e,0.3,False,0.38148,159.94,,0.22,1777933822
All Pools,CGS - AVAX,0.3,False,0.38141,66.83,,0.52,1777933822
All Pools,USDC - USD+,0.3,False,0.3734,33.07,,1.03,1777933822
All Pools,AI - AVAX,0.3,False,0.37017,4368.02,,0.01,1777933822
All Pools,TRACTOR - AVAX,0.3,False,0.36915,14977.0,,0.0,1777933822
All Pools,Meaning - AVAX,0.3,False,0.36869,455.96,,0.07,1777933822
All Pools,Psychic - Meaning,0.3,False,0.36797,313.25,,0.11,1777933822
All Pools,Trinity - Gravity,0.3,False,0.36777,2463.62,,0.01,1777933822
All Pools,DivineFeminine - Gravity,0.3,False,0.36582,2323.04,,0.01,1777933822
All Pools,CANS - AVAX,0.3,False,0.36409,13.04,,2.55,1777933822
All Pools,VEE - USDC,0.3,False,0.35269,32.49,,0.99,1777933822
All Pools,Jjj - AVAX,0.3,False,0.34225,291.76,,0.11,1777933822
All Pools,DFIAT - USDT.e,0.3,False,0.34203,28.36,,1.1,1777933822
All Pools,APIX - LAMBO,0.3,False,0.34158,564.69,,0.06,1777933822
All Pools,Psychic - Jjj,0.3,False,0.34155,319.86,,0.1,1777933822
All Pools,TSD - AVAX,0.3,False,0.33705,323.34,,0.1,1777933822
All Pools,BLS - SHRAP,0.3,False,0.33604,9.855,,3.11,1777933822
All Pools,sAVAX - COQ,0.3,False,0.33245,94.91,,0.32,1777933822
All Pools,Anon - AVAX,0.3,False,0.33075,14.37,,2.1,1777933822
All Pools,oXAUT - AVAX,0.3,False,0.32834,526.76,,0.06,1777933822
All Pools,SURE - DAI.e,0.3,False,0.32824,28.28,,1.06,1777933822
All Pools,BTC.b - oXAUT,0.3,False,0.32821,380.66,,0.08,1777933822
All Pools,KRW - AVAX,0.3,False,0.32725,458.25,,0.07,1777933822
All Pools,JOE - KRW,0.3,False,0.32715,238.21,,0.13,1777933822
All Pools,USDT.e - DUO,0.3,False,0.32255,57.68,,0.51,1777933822
All Pools,AVAX - DUO,0.3,False,0.32251,71.4,,0.41,1777933822
All Pools,BENIS - NOCHILL,0.3,False,0.32067,4.581,,6.39,1777933822
All Pools,AVAX - MeaningOfNumbers,0.3,False,0.31637,291.57,,0.1,1777933822
All Pools,Psychic - MeaningOfNumbers,0.3,False,0.31575,319.99,,0.09,1777933822
All Pools,AVAX - XPOW,0.3,False,0.3144,40.26,,0.71,1777933822
All Pools,AVAX - BlackAndGold,0.3,False,0.31431,293.1,,0.1,1777933822
All Pools,Psychic - BlackAndGold,0.3,False,0.31385,319.47,,0.09,1777933822
All Pools,USDt - REDWOLF,0.3,False,0.30889,15.01,,1.88,1777933822
All Pools,DFIAT - AVAX,0.3,False,0.30351,7584.94,,0.0,1777933822
All Pools,BRO - COQ,0.3,False,0.30254,208.56,,0.13,1777933822
All Pools,SLUSH - USDT.e,0.3,False,0.30167,60.39,,0.46,1777933822
All Pools,SLUSH - AVAX,0.3,False,0.30164,59.19,,0.47,1777933822
All Pools,BRO - AVAX,0.3,False,0.30091,140894.0,,,1777933822
All Pools,USDC.e - WXT,0.3,False,0.29996,292.01,,0.09,1777933822
All Pools,Ducks - AVAX,0.3,False,0.29984,291.55,,0.09,1777933822
All Pools,AVAX - APOW,0.3,False,0.29955,39.81,,0.69,1777933822
All Pools,Psychic - Ducks,0.3,False,0.29929,319.88,,0.09,1777933822
All Pools,BTC.b - HOWDY,0.3,False,0.29609,187.14,,0.14,1777933822
All Pools,AVAX - BLACK,0.3,False,0.29496,6.067,,4.44,1777933822
All Pools,AVVO - DAI.e,0.3,False,0.29096,39.87,,0.67,1777933822
All Pools,PTOP900 - TOPIA,0.3,False,0.29008,104.45,,0.25,1777933822
All Pools,GAINS - AVAX,0.3,False,0.28569,41.3,,0.63,1777933822
All Pools,HOWDY - AVAX,0.3,False,0.28057,21314.0,,0.0,1777933822
All Pools,WBTC.e - USDC.e,0.3,False,0.28025,9.107,,2.81,1777933822
All Pools,AVAT - USDC,0.3,False,0.27552,40.67,,0.62,1777933822
All Pools,USDC.e - WISE,0.3,False,0.27324,46.33,,0.54,1777933822
All Pools,AVAX - WISE,0.3,False,0.27319,79.22,,0.31,1777933822
All Pools,MIM - FORT,0.3,False,0.27181,18210.0,,0.0,1777933822
All Pools,AVAX - FORT,0.3,False,0.27181,39.37,,0.63,1777933822
All Pools,BOI - MU,0.3,False,0.26989,1.273,,19.35,1777933822
All Pools,AVAX - MILO,0.3,False,0.26983,1160.31,,0.02,1777933822
All Pools,USDt - MILO,0.3,False,0.26981,17.22,,1.43,1777933822
All Pools,NOCHILL - REDWOLF,0.3,False,0.26931,3.309,,7.43,1777933822
All Pools,Psychic - Xmas,0.3,False,0.26872,300.55,,0.08,1777933822
All Pools,AVAI - AVAX,0.3,False,0.26803,29.5,,0.83,1777933822
All Pools,miMatic - USDC.e,0.3,False,0.2664,23.46,,1.04,1777933822
All Pools,Hopi - AVAX,0.3,False,0.26539,217.17,,0.11,1777933822
All Pools,Hopi - Now,0.3,False,0.26518,714.21,,0.03,1777933822
All Pools,wsOHM - AVAX,0.3,False,0.26014,22.24,,1.07,1777933822
All Pools,YEEHAW - AVAX,0.3,False,0.25523,31.93,,0.73,1777933822
All Pools,AVAX - Prometheus,0.3,False,0.25297,284.71,,0.08,1777933822
All Pools,Psychic - Prometheus,0.3,False,0.25245,311.02,,0.07,1777933822
All Pools,AVAX - SPT,0.3,False,0.25232,16.55,,1.39,1777933822
All Pools,Psychic - Sinterklaas,0.3,False,0.24977,317.09,,0.07,1777933822
All Pools,AVAX - CHAM,0.3,False,0.24844,33.21,,0.68,1777933822
All Pools,AVAX - Wej,0.3,False,0.24802,292.27,,0.08,1777933822
All Pools,AVAX - BJOE,0.3,False,0.24783,1401.29,,0.02,1777933822
All Pools,Psychic - Wej,0.3,False,0.2475,319.69,,0.07,1777933822
All Pools,ArniStitch - AVAX,0.3,False,0.24154,291.56,,0.08,1777933822
All Pools,$Crazy - AVAX,0.3,False,0.24153,1015.02,,0.02,1777933822
All Pools,Psychic - ArniStitch,0.3,False,0.24107,319.88,,0.07,1777933822
All Pools,avax0 - AVAX,0.3,False,0.2402,6.986,,3.14,1777933822
All Pools,Xmas - AVAX,0.3,False,0.23784,274.58,,0.08,1777933822
All Pools,TOPIA - PTOP800,0.3,False,0.23296,147.85,,0.14,1777933822
All Pools,GLOBA - AVAX,0.3,False,0.2313,51.74,,0.41,1777933822
All Pools,ACS - USDC.e,0.3,False,0.23106,5.778,,3.65,1777933822
All Pools,HEFE - GAINS,0.3,False,0.22749,6.391,,3.25,1777933822
All Pools,BOI - AMI,0.3,False,0.22653,1.083,,19.09,1777933822
All Pools,AVAX - All,0.3,False,0.2253,293.45,,0.07,1777933822
All Pools,Psychic - All,0.3,False,0.22487,319.65,,0.06,1777933822
All Pools,AVAX - RedFolder,0.3,False,0.22326,292.08,,0.07,1777933822
All Pools,DéjàVu - Gravity,0.3,False,0.22288,208.16,,0.1,1777933822
All Pools,Psychic - RedFolder,0.3,False,0.2228,319.75,,0.06,1777933822
All Pools,GLOBA - DAI.e,0.3,False,0.22145,52.86,,0.38,1777933822
All Pools,Serpentarius - AVAX,0.3,False,0.22139,296.59,,0.07,1777933822
All Pools,Psychic - Serpentarius,0.3,False,0.2209,324.2,,0.06,1777933822
All Pools,USDT.e - ZABU,0.3,False,0.21792,48.54,,0.41,1777933822
All Pools,MIM - PAPA,0.3,False,0.21641,416.78,,0.05,1777933822
All Pools,PAPA - AVAX,0.3,False,0.21638,30.83,,0.64,1777933822
All Pools,MIM - USDC,0.3,False,0.21572,76.99,,0.26,1777933822
All Pools,AVAX - SNOB,0.3,False,0.21219,979.87,,0.02,1777933822
All Pools,USDT - ETH,0.3,False,0.21087,216.93,,0.09,1777933822
All Pools,MerryXmas - AVAX,0.3,False,0.2106,269.0,,0.07,1777933822
All Pools,USDC - BVAX,0.3,False,0.2076,30.96,,0.61,1777933822
All Pools,SUB - USDC,0.3,False,0.20758,13.43,,1.41,1777933822
All Pools,EGG - AVAX,0.3,False,0.20728,23416.0,,,1777933822
All Pools,METAG - AVAX,0.3,False,0.20057,24.59,,0.74,1777933822
All Pools,NeatestQuackery - AVAX,0.3,False,0.20029,291.24,,0.06,1777933822
All Pools,Psychic - NeatestQuackery,0.3,False,0.19993,319.95,,0.06,1777933822
All Pools,DiamondbackGall - AVAX,0.3,False,0.1902,293.5,,0.06,1777933822
All Pools,AMI - TOPIA,0.3,False,0.19015,223.31,,0.08,1777933822
All Pools,Psychic - DiamondbackGall,0.3,False,0.18984,319.92,,0.05,1777933822
All Pools,FollowTheWhiteRabbit - TheGospelOfMary,0.3,False,0.18673,157.24,,0.11,1777933822
All Pools,AVAX - TheGospelOfMary,0.3,False,0.18655,159.14,,0.11,1777933822
All Pools,HEFE - CANS,0.3,False,0.18639,4.631,,3.67,1777933822
All Pools,USDt - DXN,0.3,False,0.18223,215.95,,0.08,1777933822
All Pools,UST - USDC,0.3,False,0.18128,4.621,,3.58,1777933822
All Pools,KIMBO - CANS,0.3,False,0.17951,394.6,,0.04,1777933822
All Pools,Psychic - MerryXmas,0.3,False,0.17869,294.28,,0.06,1777933822
All Pools,DogL - AVAX,0.3,False,0.17868,293.49,,0.06,1777933822
All Pools,Psychic - DogL,0.3,False,0.17834,319.93,,0.05,1777933822
All Pools,USDC.e - SOL,0.3,False,0.17834,42.13,,0.39,1777933822
All Pools,BrideOfChrist - AVAX,0.3,False,0.17649,89.67,,0.18,1777933822
All Pools,AVAT - AVAX,0.3,False,0.17369,21.64,,0.73,1777933822
All Pools,DCAU - MIM,0.3,False,0.17214,312.71,,0.05,1777933822
All Pools,BrideOfChrist - FollowTheWhiteRabbit,0.3,False,0.17065,728.06,,0.02,1777933822
All Pools,AVAX - ZABU,0.3,False,0.16842,30.47,,0.5,1777933822
All Pools,USDt - XPOW,0.3,False,0.16811,20.3,,0.76,1777933822
All Pools,MELT - AVAX,0.3,False,0.16548,25.05,,0.6,1777933822
All Pools,Chemistry - AVAX,0.3,False,0.16337,89.68,,0.17,1777933822
All Pools,Matter - AVAX,0.3,False,0.16124,80.5,,0.18,1777933822
All Pools,Orange - Matter,0.3,False,0.16089,8945.02,,0.0,1777933822
All Pools,AVAX - NXUSD,0.3,False,0.16006,0.49221,,29.67,1777933822
All Pools,TickTock - AVAX,0.3,False,0.15722,89.51,,0.16,1777933822
All Pools,USDt - APOW,0.3,False,0.15706,20.29,,0.71,1777933822
All Pools,TickTock - Now,0.3,False,0.15701,904.82,,0.02,1777933822
All Pools,DivineFeminine - AVAX,0.3,False,0.15605,6.243,,2.28,1777933822
All Pools,gOHM - SB,0.3,False,0.15289,15.41,,0.91,1777933822
All Pools,USDT.e - EXP,0.3,False,0.15189,44253150.0,,,1777933822
All Pools,Beyond - AVAX,0.3,False,0.15096,89.34,,0.15,1777933822
All Pools,Beyond - Orange,0.3,False,0.15067,4399.74,,0.0,1777933822
All Pools,BTC.b - REDWOLF,0.3,False,0.14961,121.05,,0.11,1777933822
All Pools,Christmas - AVAX,0.3,False,0.14789,249.23,,0.05,1777933822
All Pools,USDC - XPOW,0.3,False,0.14627,20.36,,0.66,1777933822
All Pools,MIM - BLANC,0.3,False,0.14457,8468.37,,0.0,1777933822
All Pools,AVAX - BLANC,0.3,False,0.14456,22.07,,0.6,1777933822
All Pools,SURE - USDC.e,0.3,False,0.14448,23.8,,0.55,1777933822
All Pools,Psychic - Miller,0.3,False,0.14392,436.07,,0.03,1777933822
All Pools,Chemistry - Now,0.3,False,0.14346,905.19,,0.01,1777933822
All Pools,USDC - APOW,0.3,False,0.14242,20.29,,0.64,1777933822
All Pools,FLAKE - USDT.e,0.3,False,0.14133,51.14,,0.25,1777933822
All Pools,FLAKE - AVAX,0.3,False,0.14131,21.53,,0.6,1777933822
All Pools,WOLF - MU,0.3,False,0.14097,4.892,,2.63,1777933822
All Pools,NOCHILL - MU,0.3,False,0.13678,2.048,,6.1,1777933822
All Pools,AVAX - SDOG,0.3,False,0.13607,10.26,,1.21,1777933822
All Pools,LUNA - USDC,0.3,False,0.13357,1.638,,7.44,1777933822
All Pools,USDC - SDOG,0.3,False,0.13049,485.42,,0.02,1777933822
All Pools,TOMB - USDC,0.3,False,0.13005,10.71,,1.11,1777933822
All Pools,miMatic - AVAX,0.3,False,0.12862,37.07,,0.32,1777933822
All Pools,METAG - USDt,0.3,False,0.12736,16.17,,0.72,1777933822
All Pools,Light - AVAX,0.3,False,0.12672,89.62,,0.13,1777933822
All Pools,Light - Now,0.3,False,0.12649,905.72,,0.01,1777933822
All Pools,Sanskrit - AVAX,0.3,False,0.12596,89.65,,0.13,1777933822
All Pools,Sanskrit - Now,0.3,False,0.12567,906.14,,0.01,1777933822
All Pools,AVAX - Strength,0.3,False,0.12529,141.37,,0.08,1777933822
All Pools,WOLF - AMI,0.3,False,0.12513,3.966,,2.88,1777933822
All Pools,FollowTheWhiteRabbit - DivineFeminine,0.3,False,0.12508,677.85,,0.02,1777933822
All Pools,BTC.b - USDC,0.3,False,0.12502,4.716,,2.42,1777933822
All Pools,AVAX - Mentor,0.3,False,0.12424,89.27,,0.13,1777933822
All Pools,Now - Mentor,0.3,False,0.1241,902.64,,0.01,1777933822
All Pools,GURS - NOCHILL,0.3,False,0.12274,1.852,,6.05,1777933822
All Pools,YETI - AVAX,0.3,False,0.12008,3315.25,,0.0,1777933822
All Pools,AVAX - GAU,0.3,False,0.11895,9.215,,1.18,1777933822
All Pools,SOB - LUNA,0.3,False,0.11822,1.426,,7.57,1777933822
All Pools,LIBRE - USDC.e,0.3,False,0.11688,14.97,,0.71,1777933822
All Pools,LUNA - USDt,0.3,False,0.11658,1.551,,6.86,1777933822
All Pools,Silver - AVAX,0.3,False,0.11351,88.17,,0.12,1777933822
All Pools,Silver - Now,0.3,False,0.11331,907.16,,0.01,1777933822
All Pools,YEEHAW - USDC,0.3,False,0.11154,12.72,,0.8,1777933822
All Pools,MELT - USDT.e,0.3,False,0.1108,31.03,,0.33,1777933822
All Pools,Solar - AVAX,0.3,False,0.10994,89.89,,0.11,1777933822
All Pools,Solar - Now,0.3,False,0.10987,908.37,,0.01,1777933822
All Pools,ALOT - USDC.e,0.3,False,0.10974,9.34,,1.07,1777933822
All Pools,LadyMary - FollowTheWhiteRabbit,0.3,False,0.10905,649.6,,0.02,1777933822
All Pools,Go - AVAX,0.3,False,0.10838,140.42,,0.07,1777933822
All Pools,UST - UST,0.3,False,0.10733,2.024,,4.84,1777933822
All Pools,Psychic - DéjàVu,0.3,False,0.1071,196.9,,0.05,1777933822
All Pools,KLO - USDT.e,0.3,False,0.10602,5.639,,1.72,1777933822
All Pools,Yellow - AVAX,0.3,False,0.10584,265.8,,0.04,1777933822
All Pools,CNR - USDC,0.3,False,0.10572,4.868,,1.98,1777933822
All Pools,Blue - AVAX,0.3,False,0.10544,263.6,,0.04,1777933822
All Pools,WINK - NOCHILL,0.3,False,0.10496,0.83125,,11.52,1777933822
All Pools,FollowTheWhiteRabbit - Priory,0.3,False,0.10475,926.26,,0.01,1777933822
All Pools,NineHundred - AVAX,0.3,False,0.10473,140.4,,0.07,1777933822
All Pools,BLUB - AVAX,0.0,False,0.1047,47.32,0.0,0.0,1777933822
All Pools,Priory - AVAX,0.3,False,0.10465,77.1,,0.12,1777933822
All Pools,3QF - D - AVAX,0.3,False,0.10164,1796.59,,0.01,1777933822
All Pools,Uncontractable - AVAX,0.3,False,0.10154,88.09,,0.11,1777933822
All Pools,Uncontractable - Now,0.3,False,0.10137,885.59,,0.01,1777933822
All Pools,3QF - D - WETH.e,0.3,False,0.10135,3184.71,,0.0,1777933822
All Pools,ORNG - JUICE,0.3,False,0.10124,2.768,,3.34,1777933822
All Pools,Gold - AVAX,0.3,False,0.10079,89.69,,0.1,1777933822
All Pools,Gold - Now,0.3,False,0.10064,906.43,,0.01,1777933822
All Pools,MAJIN - REDWOLF,0.3,False,0.0999,7.096,,1.28,1777933822
All Pools,Hydrogen - AVAX,0.3,False,0.09942,263.56,,0.03,1777933822
All Pools,SLIME - AVAX,0.3,False,0.09841,21865.0,,,1777933822
All Pools,SLIME - USDt,0.3,False,0.09838,7.396,,1.21,1777933822
All Pools,GAS - AVAX,0.3,False,0.09827,232.16,,0.04,1777933822
All Pools,AVAX - Propriety,0.3,False,0.09779,89.34,,0.1,1777933822
All Pools,Now - Propriety,0.3,False,0.09758,904.83,,0.01,1777933822
All Pools,USDC.e - NXUSD,0.3,False,0.09721,1.66,,5.34,1777933822
All Pools,Christmas - Merovingian,0.3,False,0.09712,117.34,,0.08,1777933822
All Pools,Now - Merovingian,0.3,False,0.09665,69.85,,0.13,1777933822
All Pools,Necromancer - AVAX,0.3,False,0.09662,89.46,,0.1,1777933822
All Pools,AVAX - √Root,0.3,False,0.09657,89.37,,0.1,1777933822
All Pools,Now - √Root,0.3,False,0.09645,903.1,,0.01,1777933822
All Pools,Now - Necromancer,0.3,False,0.09644,904.21,,0.01,1777933822
All Pools,AVAX - LuciferMorningstar,0.3,False,0.09639,14.64,,0.6,1777933822
All Pools,MAJIN - MU,0.3,False,0.09607,4.446,,1.97,1777933822
All Pools,AVAX - NEMO,0.3,False,0.09502,7.846,,1.11,1777933822
All Pools,USDt - NEMO,0.3,False,0.09501,97.04,,0.09,1777933822
All Pools,USDC - USDT.e,0.3,False,0.09447,154.76,,0.06,1777933822
All Pools,RUGPULL - MUG,0.3,False,0.09406,185.91,,0.05,1777933822
All Pools,MIM - AUSD,0.3,False,0.09353,35.45,,0.24,1777933822
All Pools,wsOHM - USDC.e,0.3,False,0.09331,42.67,,0.2,1777933822
All Pools,AVAX - STRAW,0.3,False,0.09191,15.74,,0.53,1777933822
All Pools,Psychic - Blue,0.3,False,0.09182,82.29,,0.1,1777933822
All Pools,AVAX - Teste,0.3,False,0.09065,88.66,,0.09,1777933822
All Pools,Now - Teste,0.3,False,0.09051,907.42,,0.01,1777933822
All Pools,Slope - AVAX,0.3,False,0.09039,89.64,,0.09,1777933822
All Pools,JOE - ZABU,0.3,False,0.09038,18.61,,0.44,1777933822
All Pools,Slope - Now,0.3,False,0.0902,904.03,,0.01,1777933822
All Pools,NOCHILL - WAIFU,0.3,False,0.08923,149.91,,0.05,1777933822
All Pools,AVAX - Sinterklaas,0.3,False,0.0884,139.5,,0.06,1777933822
All Pools,DAI.e - STRAW,0.3,False,0.08796,34.19,,0.23,1777933822
All Pools,Strength - Sinterklaas,0.3,False,0.0871,1666.99,,0.0,1777933822
All Pools,Gil - AVAX,0.3,False,0.08705,17.1,,0.46,1777933822
All Pools,HEFE - AMI,0.3,False,0.08643,1.902,,4.15,1777933822
All Pools,aAvaLINK - AVAX,0.3,False,0.08596,9.64,,0.81,1777933822
All Pools,Psychic - Hydrogen,0.3,False,0.08576,82.63,,0.09,1777933822
All Pools,LINK.e - MU,0.3,False,0.08572,7.549,,1.04,1777933822
All Pools,BUSD - USDC,0.3,False,0.08533,7.765,,1.0,1777933822
All Pools,Void - AVAX,0.3,False,0.08497,87.8,,0.09,1777933822
All Pools,Void - Now,0.3,False,0.0848,907.24,,0.01,1777933822
All Pools,BANKSY - USDC.e,0.3,False,0.08457,31.36,,0.25,1777933822
All Pools,BANKSY - AVAX,0.3,False,0.08454,23.36,,0.33,1777933822
All Pools,Gil - DAI.e,0.3,False,0.08329,28.42,,0.27,1777933822
All Pools,AVAX - Nala,0.3,False,0.08269,25.83,,0.29,1777933822
All Pools,PTOP1300 - TOPIA,0.3,False,0.08188,97.56,,0.08,1777933822
All Pools,H2O - AVAX,0.3,False,0.0808,22.62,,0.33,1777933822
All Pools,ZUM - NOCHILL,0.3,False,0.07681,1.175,,5.96,1777933822
All Pools,Psychic - Stolen,0.3,False,0.07658,85.74,,0.08,1777933822
All Pools,JPYC - USDC.e,0.3,False,0.07652,4.817,,1.45,1777933822
All Pools,UNIQOC - AVAX,0.3,False,0.07546,1147.35,,0.01,1777933822
All Pools,BTC.b - MU,0.3,False,0.07421,11.45,,0.59,1777933822
All Pools,WDAO - MIM,0.3,False,0.07373,23.67,,0.28,1777933822
All Pools,WDAO - AVAX,0.3,False,0.07371,19.84,,0.34,1777933822
All Pools,Psychic - Yellow,0.3,False,0.07345,82.88,,0.08,1777933822
All Pools,Miller - AVAX,0.3,False,0.07343,91.11,,0.07,1777933822
All Pools,METAG - USDT.e,0.3,False,0.07317,49.76,,0.13,1777933822
All Pools,RoselineBloodline - AVAX,0.3,False,0.07038,44.44,,0.14,1777933822
All Pools,FollowTheWhiteRabbit - RoselineBloodline,0.3,False,0.07038,41.44,,0.15,1777933822
All Pools,Who - AVAX,0.3,False,0.06981,140.12,,0.05,1777933822
All Pools,NotBrideOfChrist - AVAX,0.3,False,0.06965,69.01,,0.09,1777933822
All Pools,AVAX - Blessing,0.3,False,0.06954,80.36,,0.08,1777933822
All Pools,Now - Blessing,0.3,False,0.0694,807.72,,0.01,1777933822
All Pools,Mungo - AVAX,0.3,False,0.06843,41.34,,0.15,1777933822
All Pools,DéjàVu - Mungo,0.3,False,0.06835,183.44,,0.03,1777933822
All Pools,CNR - USDt,0.3,False,0.06754,4.886,,1.26,1777933822
All Pools,bECH - AVAX,0.3,False,0.06724,21.61,,0.28,1777933822
All Pools,LoveYou - AVAX,0.3,False,0.06682,61.69,,0.1,1777933822
All Pools,LoveYou - Gravity,0.3,False,0.06675,56.78,,0.11,1777933822
All Pools,MU - COQAI,0.3,False,0.0665,6.504,,0.93,1777933822
All Pools,MIM - GG,0.3,False,0.06542,295.15,,0.02,1777933822
All Pools,AVAX - GG,0.3,False,0.06541,9.538,,0.63,1777933822
All Pools,UNIQOC - COQ,0.3,False,0.0641,54.81,,0.11,1777933822
All Pools,CHAMP - AMI,0.3,False,0.06366,38.52,,0.15,1777933822
All Pools,MIM - SPELL,0.3,False,0.06293,7.663,,0.75,1777933822
All Pools,ElvisJackpot - BLACK,0.3,False,0.06289,17.72,,0.32,1777933822
All Pools,NotBrideOfChrist - Miller,0.3,False,0.06268,21877.0,,,1777933822
All Pools,AVAX - KET,0.3,False,0.06228,38.02,,0.15,1777933822
All Pools,MIM - GG,0.3,False,0.06169,23.63,,0.24,1777933822
All Pools,GG - AVAX,0.3,False,0.06169,12.47,,0.45,1777933822
All Pools,wMEMO - AVAX,0.3,False,0.06121,13.86,,0.4,1777933822
All Pools,AVAX - SantaGospel,0.3,False,0.06054,134.26,,0.04,1777933822
All Pools,Vaccine - AVAX,0.3,False,0.06022,88.07,,0.06,1777933822
All Pools,Vaccine - Now,0.3,False,0.06018,896.94,,0.01,1777933822
All Pools,FINANCE - NOCHILL,0.3,False,0.05996,445.75,,0.01,1777933822
All Pools,TRYB - USDC.e,0.3,False,0.05992,31.52,,0.17,1777933822
All Pools,USDR - USDC,0.3,False,0.059,41.05,,0.13,1777933822
All Pools,COQ - AMI,0.3,False,0.0586,14.12,,0.38,1777933822
All Pools,Go - Sinterklaas,0.3,False,0.05835,1660.08,,0.0,1777933822
All Pools,meGNX - AVAX,0.3,False,0.05776,17.7,,0.3,1777933822
All Pools,Stolen - AVAX,0.3,False,0.05757,17.72,,0.3,1777933822
All Pools,wMEMO - MIM,0.3,False,0.05757,20.79,,0.25,1777933822
All Pools,Psychic - Who,0.3,False,0.05636,74.47,,0.07,1777933822
All Pools,SOB - AVAX,0.3,False,0.0554,554.13,,0.01,1777933822
All Pools,MELT - USDC.e,0.3,False,0.05469,31.41,,0.16,1777933822
All Pools,BrideOfChrist - BLACK,0.3,False,0.0546,33.1,,0.15,1777933822
All Pools,MPL - USDt,0.3,False,0.05372,30.78,,0.16,1777933822
All Pools,MPL - AVAX,0.3,False,0.0537,6.205,,0.79,1777933822
All Pools,Apollyon - AVAX,0.3,False,0.05313,36.66,,0.13,1777933822
All Pools,Apollyon - LuciferMorningstar,0.3,False,0.05307,235003480.0,,,1777933822
All Pools,MaryMagdalene - Gravity,0.3,False,0.05279,131.48,,0.04,1777933822
All Pools,AMI - COQAI,0.3,False,0.05118,4.143,,1.13,1777933822
All Pools,DUO - USDT.e,0.3,False,0.0507,7.281,,0.64,1777933822
All Pools,GOLD - AVAX,0.3,False,0.04973,0.00689,,658.8,1777933822
All Pools,Psychic - NineHundred,0.3,False,0.04951,73.64,,0.06,1777933822
All Pools,JOE - ZUBAX,0.3,False,0.04876,9.133,,0.49,1777933822
All Pools,MaryMagdalene - BrideOfChrist,0.3,False,0.04866,119.35,,0.04,1777933822
All Pools,DéjàVu - AVAX,0.3,False,0.0476,44.61,,0.1,1777933822
All Pools,MIM - SBR,0.3,False,0.04757,40.12,,0.11,1777933822
All Pools,SBR - AVAX,0.3,False,0.04756,7.386,,0.59,1777933822
All Pools,USDC.e - WOLF,0.3,False,0.04738,8.789,,0.49,1777933822
All Pools,AVAX - WOLF,0.3,False,0.04737,74.11,,0.06,1777933822
All Pools,TrumpTower - AVAX,0.3,False,0.04615,160.93,,0.03,1777933822
All Pools,TrumpTower - Gravity,0.3,False,0.04612,76.22,,0.06,1777933822
All Pools,AVAX - EROL,0.3,False,0.04571,39.53,,0.11,1777933822
All Pools,MIM - NADO,0.3,False,0.04556,1165.38,,0.0,1777933822
All Pools,AVAX - NADO,0.3,False,0.04555,7.774,,0.53,1777933822
All Pools,REDWOLF - SOL,0.3,False,0.04551,75.38,,0.06,1777933822
All Pools,Chrism - ChristMark,0.3,False,0.04539,179.29,,0.02,1777933822
All Pools,Psychic - SantaGospel,0.3,False,0.04497,73.68,,0.06,1777933822
All Pools,MELT - AVAX,0.3,False,0.04478,1142.57,,0.0,1777933822
All Pools,XAUt0 - ElvisJackpot,0.3,False,0.04393,326.84,,0.01,1777933822
All Pools,Trinity - Nala,0.3,False,0.04388,41.0,,0.1,1777933822
All Pools,MIM - LIFE,0.3,False,0.04345,67.02,,0.06,1777933822
All Pools,LIFE - AVAX,0.3,False,0.04345,7.247,,0.55,1777933822
All Pools,USDT.e - TMT,0.3,False,0.04322,26.02,,0.15,1777933822
All Pools,AVAX - TMT,0.3,False,0.04321,7.106,,0.55,1777933822
All Pools,WORM - AVAX,0.3,False,0.04314,394.44,,0.01,1777933822
All Pools,MELT - USDC.e,0.3,False,0.04269,7.078,,0.55,1777933822
All Pools,NineHundred - Sinterklaas,0.3,False,0.04268,1659.54,,0.0,1777933822
All Pools,KrisKringle - AVAX,0.3,False,0.04254,26.2,,0.15,1777933822
All Pools,KrisKringle - Gravity,0.3,False,0.04252,77.71,,0.05,1777933822
All Pools,USDC.e - UST,0.3,False,0.04248,1.805,,2.15,1777933822
All Pools,BENSI - AMI,0.3,False,0.04163,3.35,,1.13,1777933822
All Pools,TruthClosure - BLACK,0.3,False,0.04163,25.83,,0.15,1777933822
All Pools,HIGHER - AVAX,0.3,False,0.04162,1.866,,2.03,1777933822
All Pools,USDT.e - BOREA,0.3,False,0.04145,26.74,,0.14,1777933822
All Pools,AVAX - BOREA,0.3,False,0.04144,6.744,,0.56,1777933822
All Pools,Trinity - Stolen,0.3,False,0.04098,29.77,,0.13,1777933822
All Pools,USDT.e - XAVA,0.3,False,0.04081,11.34,,0.33,1777933822
All Pools,ICUBE - USDT.e,0.3,False,0.04063,108.04,,0.03,1777933822
All Pools,ICUBE - AVAX,0.3,False,0.04061,6.367,,0.58,1777933822
All Pools,AVAX - LYLY,0.3,False,0.04025,72.75,,0.05,1777933822
All Pools,USDC - WSPP,0.3,False,0.04018,44.04,,0.08,1777933822
All Pools,AVAX - WSPP,0.3,False,0.04018,2.996,,1.22,1777933822
All Pools,BNB - AVAX,0.3,False,0.04007,4104.91,,,1777933822
All Pools,aAvaLINK - meGNX,0.3,False,0.03978,10.66,,0.34,1777933822
All Pools,ACS - USDt,0.3,False,0.03927,1.041,,3.44,1777933822
All Pools,TEDDY - AVAX,0.3,False,0.03907,16.86,,0.21,1777933822
All Pools,WarpSpeed - AVAX,0.3,False,0.03885,139.63,,0.03,1777933822
All Pools,Psychic - Nala,0.3,False,0.03884,269.8,,0.01,1777933822
All Pools,Gravity - WarpSpeed,0.3,False,0.03884,84.89,,0.04,1777933822
All Pools,HOWDY - NOCHILL,0.3,False,0.03829,1.079,,3.24,1777933822
All Pools,Psychic - Christmas,0.3,False,0.03786,43.97,,0.08,1777933822
All Pools,USDC - MXNB,0.3,False,0.03766,27.43,,0.13,1777933822
All Pools,SURE - AVAX,0.3,False,0.0375,7.213,,0.47,1777933822
All Pools,HEFE - HIGHER,0.3,False,0.0371,0.95928,,3.53,1777933822
All Pools,RACEX - MUG,0.3,False,0.03645,178.98,,0.02,1777933822
All Pools,Psychic - Go,0.3,False,0.03616,73.92,,0.04,1777933822
All Pools,BTC.b - yyAVAX,0.3,False,0.03597,5.581,,0.59,1777933822
All Pools,REDWOLF - SHRAP,0.3,False,0.03544,1.137,,2.84,1777933822
All Pools,Four - AVAX,0.3,False,0.03542,74.67,,0.04,1777933822
All Pools,wALGO - AVAX,0.3,False,0.03482,163.56,,0.02,1777933822
All Pools,wALGO - USDC,0.3,False,0.03481,2.838,,1.12,1777933822
All Pools,WLRS - USDC.e,0.3,False,0.03471,4536.26,,,1777933822
All Pools,gOHM - JOE,0.3,False,0.03465,3.892,,0.81,1777933822
All Pools,DrainTheSwamp - AVAX,0.3,False,0.03457,37.65,,0.08,1777933822
All Pools,LOST - AVAX,0.3,False,0.03381,1662.03,,0.0,1777933822
All Pools,ELE - AVAX,0.3,False,0.0326,124.59,,0.02,1777933822
All Pools,Satoshi - AVAX,0.3,False,0.03258,19.2,,0.15,1777933822
All Pools,Satoshi - Gravity,0.3,False,0.03255,54.97,,0.05,1777933822
All Pools,3ULL - AVAX,0.3,False,0.03253,47.82,,0.06,1777933822
All Pools,AVAX - HustleTappers,0.3,False,0.03198,55.7,,0.05,1777933822
All Pools,Gravity - HustleTappers,0.3,False,0.03197,24.02,,0.12,1777933822
All Pools,ChristMark - ChristIAmYou,0.3,False,0.03168,26.11,,0.11,1777933822
All Pools,SHERPA - AVAX,0.3,False,0.03168,130.81,,0.02,1777933822
All Pools,WETH.e - USDR,0.3,False,0.03153,2.815,,1.02,1777933822
All Pools,MerryXmas - ChristMark,0.3,False,0.03151,80.08,,0.04,1777933822
All Pools,Christmas - Xmas,0.3,False,0.03149,74.28,,0.04,1777933822
All Pools,RUG - USDT.e,0.3,False,0.03129,14.75,,0.19,1777933822
All Pools,FatherChristmas - AVAX,0.3,False,0.03088,53.5,,0.05,1777933822
All Pools,FatherChristmas - Gravity,0.3,False,0.03082,21.71,,0.13,1777933822
All Pools,PNG - REDWOLF,0.3,False,0.03013,4.274,,0.64,1777933822
All Pools,Milk - USDT.e,0.3,False,0.02966,14.45,,0.19,1777933822
All Pools,Milk - AVAX,0.3,False,0.02964,6.646,,0.41,1777933822
All Pools,WhollySphere - AVAX,0.3,False,0.02957,50.91,,0.05,1777933822
All Pools,WhollySphere - Gravity,0.3,False,0.02957,22.91,,0.12,1777933822
All Pools,GMX - USDC,0.3,False,0.02887,0.9209,,2.86,1777933822
All Pools,AVAX - Vaccinations,0.3,False,0.02865,18.43,,0.14,1777933822
All Pools,Gravity - Vaccinations,0.3,False,0.02863,61.67,,0.04,1777933822
All Pools,BTC.b - GMX,0.3,False,0.02849,1.592,,1.63,1777933822
All Pools,WINK - MU,0.3,False,0.02809,0.46242,,5.54,1777933822
All Pools,USDT.e - GOT,0.3,False,0.02805,12.85,,0.2,1777933822
All Pools,AVAX - GOT,0.3,False,0.02804,5.26,,0.49,1777933822
All Pools,OH - AVAX,0.3,False,0.02794,93.89,,0.03,1777933822
All Pools,Nakamoto - AVAX,0.3,False,0.02779,18.44,,0.14,1777933822
All Pools,Gravity - Nakamoto,0.3,False,0.02778,61.84,,0.04,1777933822
All Pools,MerryChristmas - AVAX,0.3,False,0.02774,18.47,,0.14,1777933822
All Pools,MerryChristmas - Gravity,0.3,False,0.02772,61.89,,0.04,1777933822
All Pools,AVAX - IMPACT,0.3,False,0.02771,6.298,,0.4,1777933822
All Pools,USDt - IMPACT,0.3,False,0.0277,3.359,,0.75,1777933822
All Pools,XIO - AVAX,0.3,False,0.02739,2.825,,0.88,1777933822
All Pools,XIO - USDC,0.3,False,0.02739,24.52,,0.1,1777933822
All Pools,WETH.e - yyAVAX,0.3,False,0.02716,19.45,,0.13,1777933822
All Pools,WOLF - USDT.e,0.3,False,0.02658,4.108,,0.59,1777933822
All Pools,WOLF - AVAX,0.3,False,0.02657,71.39,,0.03,1777933822
All Pools,USDC.e - SPADE,0.3,False,0.02656,16.19,,0.15,1777933822
All Pools,AVAX - SPADE,0.3,False,0.02655,6.065,,0.4,1777933822
All Pools,3ULL - USDt,0.3,False,0.02632,2.538,,0.95,1777933822
All Pools,HEFE - Always,0.3,False,0.02619,0.95745,,2.5,1777933822
All Pools,Trinity - Sinterklaas,0.3,False,0.02607,26.05,,0.09,1777933822
All Pools,CodexKennyMin - AVAX,0.3,False,0.02584,25.04,,0.09,1777933822
All Pools,AVAX - USDR,0.3,False,0.02575,2.991,,0.79,1777933822
All Pools,BSGG - AVAX,0.3,False,0.02566,3.871,,0.6,1777933822
All Pools,USDT.e - AVVO,0.3,False,0.02518,4.07,,0.56,1777933822
All Pools,BNZ - WINK,0.3,False,0.02506,0.42404,,5.39,1777933822
All Pools,NOCHILL - ARENA,0.3,False,0.02471,0.4146,,5.44,1777933822
All Pools,LoveIsTheKey - AVAX,0.3,False,0.02471,15.0,,0.15,1777933822
All Pools,Psychic - Strength,0.3,False,0.02436,74.63,,0.03,1777933822
All Pools,WalkTheWalkNowJesus - AVAX,0.3,False,0.02426,24.92,,0.09,1777933822
All Pools,WalkTheWalkNowJesus - Gravity,0.3,False,0.02425,25.38,,0.09,1777933822
All Pools,AAVE.e - USDT.e,0.3,False,0.02414,2.592,,0.85,1777933822
All Pools,AVAX - Ouroboros,0.3,False,0.02387,21.75,,0.1,1777933822
All Pools,ARENA - MU,0.3,False,0.02386,3.337,,0.65,1777933822
All Pools,AVAX - LookingGlass,0.3,False,0.02345,16.18,,0.13,1777933822
All Pools,Gravity - McdonaldTrouped,0.3,False,0.02344,22.85,,0.09,1777933822
All Pools,McdonaldTrouped - AVAX,0.3,False,0.02343,50.75,,0.04,1777933822
All Pools,Gravity - LookingGlass,0.3,False,0.02339,182.57,,0.01,1777933822
All Pools,Wingdings - Gravity,0.3,False,0.02318,21.84,,0.1,1777933822
All Pools,Wingdings - AVAX,0.3,False,0.02318,50.89,,0.04,1777933822
All Pools,FollowTheWhiteRabbit - TruthClosure,0.3,False,0.02314,45.61,,0.05,1777933822
All Pools,DrainTheSwamp - Gravity,0.3,False,0.02254,22.52,,0.09,1777933822
All Pools,YAK - JOE,0.3,False,0.02227,1.23,,1.65,1777933822
All Pools,QI - LYLY,0.3,False,0.02222,2.723,,0.74,1777933822
All Pools,AUSD - HUSKY,0.3,False,0.02157,0.7323,,2.69,1777933822
All Pools,MU - WAIFU,0.3,False,0.02155,100.09,,0.02,1777933822
All Pools,KOKSAL - AVAX,0.3,False,0.02125,3.552,,0.55,1777933822
All Pools,KOKSAL - USDC,0.3,False,0.02124,4.784,,0.41,1777933822
All Pools,Gravity - ChristMark,0.3,False,0.02123,15.42,,0.13,1777933822
All Pools,AVAX - EROL,0.0,False,0.02116,74.88,0.0,0.0,1777933822
All Pools,$AVA - AVAX,0.3,False,0.02112,537.91,,0.0,1777933822
All Pools,AVAX - JUICY,0.3,False,0.02101,3053.63,,,1777933822
All Pools,bCASH - LINK.e,0.3,False,0.0209,382.26,,0.0,1777933822
All Pools,FollowTheWhiteRabbit - StatueOfLiberty,0.3,False,0.02084,510.93,,0.0,1777933822
All Pools,StatueOfLiberty - AVAX,0.3,False,0.02083,14.83,,0.13,1777933822
All Pools,HIGHER - NOCHILL,0.3,False,0.02039,0.32513,,5.72,1777933822
All Pools,XOMB - USDT.e,0.3,False,0.02023,2.417,,0.76,1777933822
All Pools,CodexKennyMin - FollowTheWhiteRabbit,0.3,False,0.02023,21.86,,0.08,1777933822
All Pools,XOMB - AVAX,0.3,False,0.02022,21.5,,0.09,1777933822
All Pools,ARA - AVAX,0.3,False,0.02021,2.847,,0.65,1777933822
All Pools,BGLD - USDT.e,0.3,False,0.02019,16.95,,0.11,1777933822
All Pools,BGLD - AVAX,0.3,False,0.02019,4.379,,0.42,1777933822
All Pools,AVAX - SwiftTaylor,0.3,False,0.01992,14.7,,0.12,1777933822
All Pools,CNR - AVAX,0.3,False,0.01989,62.22,,0.03,1777933822
All Pools,MUMO - USDC,0.3,False,0.01967,8.281,,0.22,1777933822
All Pools,HCT - AVAX,0.3,False,0.01957,3.389,,0.53,1777933822
All Pools,USDC.e - RUG,0.3,False,0.01949,24.92,,0.07,1777933822
All Pools,COQ - REDWOLF,0.3,False,0.01948,12.39,,0.14,1777933822
All Pools,COQ - KOVIN,0.3,False,0.01937,13.01,,0.14,1777933822
All Pools,KOVIN - AVAX,0.3,False,0.01932,3203.74,,,1777933822
All Pools,AVAX - TT,0.3,False,0.01921,1.934,,0.91,1777933822
All Pools,BTC.b - MUMO,0.3,False,0.0191,4.862,,0.36,1777933822
All Pools,Christmas - Yellow,0.3,False,0.01863,965.09,,0.0,1777933822
All Pools,TruthClosure - AVAX,0.3,False,0.01852,11.61,,0.15,1777933822
All Pools,MIM - DAI.e,0.3,False,0.01839,52.52,,0.03,1777933822
All Pools,SMRT - XAVA,0.3,False,0.01837,2.903,,0.58,1777933822
All Pools,KIWI - USDt,0.3,False,0.01819,20.54,,0.08,1777933822
All Pools,COQ - LYLY,0.3,False,0.01807,15.34,,0.11,1777933822
All Pools,QI - REDWOLF,0.3,False,0.0179,1.579,,1.03,1777933822
All Pools,Four - Found,0.3,False,0.01773,1847.7,,,1777933822
All Pools,AVAX - DUA,0.3,False,0.01747,2.084,,0.76,1777933822
All Pools,DUA - USDC,0.3,False,0.01746,11.62,,0.14,1777933822
All Pools,USDT.e - iBONE,0.3,False,0.01746,4.819,,0.33,1777933822
All Pools,AVAX - iBONE,0.3,False,0.01746,5.434,,0.29,1777933822
All Pools,ILoveYouWordSpell - AVAX,0.3,False,0.01745,18.28,,0.09,1777933822
All Pools,ILoveYouWordSpell - Gravity,0.3,False,0.01744,101.84,,0.02,1777933822
All Pools,JOE - CRA,0.3,False,0.01742,11.06,,0.14,1777933822
All Pools,SodomAndGomorrah - AVAX,0.3,False,0.01741,19.28,,0.08,1777933822
All Pools,Trinity - SodomAndGomorrah,0.3,False,0.0174,22.66,,0.07,1777933822
All Pools,COQ - MU,0.3,False,0.01711,4.57,,0.34,1777933822
All Pools,AVAX - LAST,0.3,False,0.017,1049.03,,0.0,1777933822
All Pools,ZH - JOE,0.3,False,0.01619,2.828,,0.52,1777933822
All Pools,ZH - USDC.e,0.3,False,0.01619,23.05,,0.06,1777933822
All Pools,Trinity - Yeshua,0.3,False,0.01563,34.56,,0.04,1777933822
All Pools,AVAX - Yeshua,0.3,False,0.01562,29.43,,0.05,1777933822
All Pools,BLACK - SantaGospel,0.3,False,0.01547,4.779,,0.3,1777933822
All Pools,FTOMB - AVAX,0.3,False,0.01534,10249.0,,,1777933822
All Pools,ValentinMidwifes - Gravity,0.3,False,0.01531,38.62,,0.04,1777933822
All Pools,WETH.e - MU,0.3,False,0.01524,2.073,,0.67,1777933822
All Pools,AVAX - GematrixDotOrg,0.3,False,0.01479,16.65,,0.08,1777933822
All Pools,Gravity - GematrixDotOrg,0.3,False,0.01476,12.91,,0.1,1777933822
All Pools,TokenZ - USDC,0.3,False,0.01466,3.799,,0.35,1777933822
All Pools,TokenZ - AVAX,0.3,False,0.01465,2.418,,0.55,1777933822
All Pools,RUGG - AVAX,0.3,False,0.01454,351.2,,0.0,1777933822
All Pools,GOOD - GAINS,0.3,False,0.01432,3.784,,0.35,1777933822
All Pools,BTC.b - SOB,0.3,False,0.01431,1.134,,1.15,1777933822
All Pools,GOOD - AVAX,0.3,False,0.01427,152.54,,0.01,1777933822
All Pools,SUB - AVAX,0.3,False,0.01422,21.02,,0.06,1777933822
All Pools,USDC - COSMIC,0.3,False,0.01409,54.57,,0.02,1777933822
All Pools,AVAX - COSMIC,0.3,False,0.01408,1.259,,1.02,1777933822
All Pools,LoveIsTheKey - FollowTheWhiteRabbit,0.3,False,0.01391,64.38,,0.02,1777933822
All Pools,Strength - BLACK,0.3,False,0.01388,4.812,,0.26,1777933822
All Pools,Go - BLACK,0.3,False,0.01385,4.808,,0.26,1777933822
All Pools,AVAX - Wormwood,0.3,False,0.0138,17.11,,0.07,1777933822
All Pools,Gravity - Wormwood,0.3,False,0.0138,15.34,,0.08,1777933822
All Pools,AVAX - WOHM,0.3,False,0.01376,3.382,,0.37,1777933822
All Pools,MIM - WOHM,0.3,False,0.01375,86.13,,0.01,1777933822
All Pools,AVAX - SantaClaus,0.3,False,0.01372,24.77,,0.05,1777933822
All Pools,Gravity - SantaClaus,0.3,False,0.01371,11.85,,0.11,1777933822
All Pools,USDV - REDWOLF,0.3,False,0.01367,18.18,,0.07,1777933822
All Pools,Yellow - BLACK,0.3,False,0.01364,4.842,,0.26,1777933822
All Pools,AVAX - LoveWins,0.3,False,0.01352,7.811,,0.16,1777933822
All Pools,FollowTheWhiteRabbit - LoveWins,0.3,False,0.01352,151.25,,0.01,1777933822
All Pools,Hydrogen - BLACK,0.3,False,0.01349,4.857,,0.25,1777933822
All Pools,USDC - AMI,0.3,False,0.01348,0.66772,,1.84,1777933822
All Pools,Blue - BLACK,0.3,False,0.01342,4.86,,0.25,1777933822
All Pools,QI - USDC.e,0.3,False,0.0134,0.81111,,1.51,1777933822
All Pools,UST - WINE,0.3,False,0.01336,0.91177,,1.34,1777933822
All Pools,Who - BLACK,0.3,False,0.01335,4.806,,0.25,1777933822
All Pools,MIM - RUG,0.3,False,0.01335,22.91,,0.05,1777933822
All Pools,3AC - NOCHILL,0.3,False,0.01329,0.17347,,6.99,1777933822
All Pools,Gravity - Ouroboros,0.3,False,0.01324,30.34,,0.04,1777933822
All Pools,Stolen - BLACK,0.3,False,0.01323,5.399,,0.22,1777933822
All Pools,AVAX - ETH,0.3,False,0.01321,16.73,,0.07,1777933822
All Pools,AVAX - Always,0.3,False,0.01314,0.60914,,1.97,1777933822
All Pools,aAvaLINK - LINK.e,0.3,False,0.01313,1.883,,0.64,1777933822
All Pools,AAVE.e - meGNX,0.3,False,0.0131,4.06,,0.29,1777933822
All Pools,Trinity - SwiftTaylor,0.3,False,0.01292,17.7,,0.07,1777933822
All Pools,CAI - AMI,0.3,False,0.01268,0.51523,,2.25,1777933822
All Pools,AVAX - GrinchKidAfflict,0.3,False,0.01267,43.43,,0.03,1777933822
All Pools,Gravity - GrinchKidAfflict,0.3,False,0.01266,9.099,,0.13,1777933822
All Pools,MIM - WINE,0.3,False,0.01263,3102.04,,,1777933822
All Pools,ARENA - AMI,0.3,False,0.01256,1.396,,0.82,1777933822
All Pools,NineHundred - BLACK,0.3,False,0.01246,4.82,,0.24,1777933822
All Pools,AVAX - MUG,0.3,False,0.01231,1.213,,0.93,1777933822
All Pools,AVAX - LODE,0.3,False,0.01215,1.032,,1.07,1777933822
All Pools,DrainTheSwamp - FollowTheWhiteRabbit,0.3,False,0.01203,10.98,,0.1,1777933822
All Pools,AVAX - WINE,0.3,False,0.012,0.67017,,1.63,1777933822
All Pools,aDXN - aXEN,0.3,False,0.0118,0.62818,,1.71,1777933822
All Pools,AVAX - BAVA,0.3,False,0.01171,11.41,,0.09,1777933822
All Pools,WETH.e - STATIK,0.3,False,0.0115,1.373,,0.76,1777933822
All Pools,Anon - USDC,0.3,False,0.01142,1.044,,1.0,1777933822
All Pools,Orange - BLACK,0.3,False,0.01116,4.081,,0.25,1777933822
All Pools,Wormhole - AVAX,0.3,False,0.01116,104.12,,0.01,1777933822
All Pools,Trinity - Wormhole,0.3,False,0.01115,6.182,,0.16,1777933822
All Pools,GRELF[ava] - AVAX,0.3,False,0.01109,1157.79,,,1777933822
All Pools,LUNA - USDC,0.3,False,0.011,0.14124,,7.11,1777933822
All Pools,Orem - AVAX,0.3,False,0.01095,104.22,,0.01,1777933822
All Pools,Trinity - Orem,0.3,False,0.01094,6.187,,0.16,1777933822
All Pools,UNIQOC - WOLF,0.3,False,0.01086,0.43676,,2.27,1777933822
All Pools,COQ - MCV,0.3,False,0.01085,9.769,,0.1,1777933822
All Pools,MCV - AVAX,0.3,False,0.01082,401.44,,0.0,1777933822
All Pools,LoveIsTheKey - BLACK,0.3,False,0.01081,7.908,,0.12,1777933822
All Pools,JOE - USDt,0.3,False,0.01076,0.84189,,1.17,1777933822
All Pools,HIGHER - HOWDY,0.3,False,0.01071,1.528,,0.64,1777933822
All Pools,BNZ - AVAX,0.3,False,0.01045,62.25,,0.02,1777933822
All Pools,AVAX - EDG,0.3,False,0.0104,3.137,,0.3,1777933822
All Pools,MIM - EDG,0.3,False,0.01039,7.863,,0.12,1777933822
All Pools,Chrism - BLACK,0.3,False,0.01038,2.381,,0.4,1777933822
All Pools,AVAX - OK,0.3,False,0.01014,1.958,,0.47,1777933822
All Pools,AVAX - NORTH,0.3,False,0.01013,2.118,,0.44,1777933822
All Pools,USDT.e - NORTH,0.3,False,0.01011,26.72,,0.03,1777933822
All Pools,DivineFeminine - ValentinMidwifes,0.3,False,0.00987,40.75,,0.02,1777933822
All Pools,XAVA - HON,0.3,False,0.00984,1.882,,0.48,1777933822
All Pools,CATWIF - MAJIN,0.3,False,0.00979,0.85655,,1.04,1777933822
All Pools,FITFI - USDC,0.3,False,0.00971,0.45139,,1.96,1777933822
All Pools,XETA - AVAX,0.3,False,0.0096,0.24826,,3.53,1777933822
All Pools,TRACTOR - USDT.e,0.3,False,0.00958,1.982,,0.44,1777933822
All Pools,APOW - MU,0.3,False,0.00934,3.503,,0.24,1777933822
All Pools,wsOHM - OTWO,0.3,False,0.00919,3.65,,0.23,1777933822
All Pools,gOHM - OTWO,0.3,False,0.0091,88743.0,,,1777933822
All Pools,Evergreen - AVAX,0.3,False,0.00905,25.33,,0.03,1777933822
All Pools,AVAX - VYBE,0.3,False,0.00904,3.276,,0.25,1777933822
All Pools,MIM - VYBE,0.3,False,0.00903,3.737,,0.22,1777933822
All Pools,Evergreen - Gravity,0.3,False,0.00902,4.741,,0.17,1777933822
All Pools,LUNA - UST,0.3,False,0.00902,0.09492,,8.67,1777933822
All Pools,YAK - SPORE,0.3,False,0.00891,6.262,,0.13,1777933822
All Pools,MU - SOL,0.3,False,0.0089,1.33,,0.61,1777933822
All Pools,AVAX - TUSK,0.3,False,0.0088,2.494,,0.32,1777933822
All Pools,USDC.e - TUSK,0.3,False,0.00879,9.742,,0.08,1777933822
All Pools,USDC.e - BAVA,0.3,False,0.00858,2.95,,0.27,1777933822
All Pools,GAINS - Degen,0.3,False,0.00856,2.057,,0.38,1777933822
All Pools,COQ - SNP,0.3,False,0.00855,26.6,,0.03,1777933822
All Pools,SYN - USDC.e,0.3,False,0.00854,1.222,,0.64,1777933822
All Pools,SNP - AVAX,0.3,False,0.00853,11.61,,0.07,1777933822
All Pools,Degen - AVAX,0.3,False,0.00853,2018.81,,,1777933822
All Pools,AVAX - HOST,0.3,False,0.00845,1.947,,0.4,1777933822
All Pools,VSO - AVAX,0.3,False,0.00834,97.65,,0.01,1777933822
All Pools,COQ - SNOWY,0.3,False,0.00828,2.241,,0.34,1777933822
All Pools,WOLF - REDWOLF,0.3,False,0.00827,0.32905,,2.29,1777933822
All Pools,KOVIN - MU,0.3,False,0.00822,3.073,,0.24,1777933822
All Pools,XPOW - AVAX,0.3,False,0.00818,119.48,,0.01,1777933822
All Pools,Psychic - Turtle,0.3,False,0.00818,61.39,,0.01,1777933822
All Pools,XPOW - USDt,0.3,False,0.00817,1.393,,0.54,1777933822
All Pools,HUSKY - SNOWY,0.3,False,0.00816,0.423,,1.76,1777933822
All Pools,BENIS - AVAX,0.3,False,0.00811,15.6,,0.05,1777933822
All Pools,JOE - aXEN,0.3,False,0.00811,0.2447,,3.02,1777933822
All Pools,HOST - DAI.e,0.3,False,0.00808,2.999,,0.25,1777933822
All Pools,AVAX - Kryptonite,0.3,False,0.00795,103.89,,0.01,1777933822
All Pools,GMX - JOE,0.3,False,0.00794,0.4313,,1.68,1777933822
All Pools,Trinity - Kryptonite,0.3,False,0.00793,6.194,,0.12,1777933822
All Pools,WBTC.e - USDC,0.3,False,0.00791,0.2112,,3.42,1777933822
All Pools,Psychic - Oracle,0.3,False,0.00791,61.39,,0.01,1777933822
All Pools,AAVE.e - USDC.e,0.3,False,0.00789,1.258,,0.57,1777933822
All Pools,JOE - QI,0.3,False,0.00784,0.94195,,0.76,1777933822
All Pools,AI9000 - AVAX,0.3,False,0.00782,304.09,,0.0,1777933822
All Pools,AprilFoolsDay - AVAX,0.3,False,0.00768,104.06,,0.01,1777933822
All Pools,Trinity - AprilFoolsDay,0.3,False,0.00767,6.208,,0.11,1777933822
All Pools,MU - MUG,0.3,False,0.00765,2429.47,,,1777933822
All Pools,AVAX - AXIAL,0.3,False,0.00764,1038.24,,,1777933822
All Pools,AKA - AVAX,0.3,False,0.00754,2.268,,0.3,1777933822
All Pools,AKA - USDt,0.3,False,0.00754,2.919,,0.24,1777933822
All Pools,Psychic - Mirror,0.3,False,0.00733,61.36,,0.01,1777933822
All Pools,WITCH - AVAX,0.3,False,0.00728,2.771,,0.24,1777933822
All Pools,WITCH - USDC,0.3,False,0.00728,1.718,,0.39,1777933822
All Pools,GAINS - BOBS,0.3,False,0.00724,2.273,,0.29,1777933822
All Pools,AVAX - BOBS,0.3,False,0.00722,5517.93,,,1777933822
All Pools,Psychic - daVinci,0.3,False,0.00714,61.39,,0.01,1777933822
All Pools,Psychic - Gematria,0.3,False,0.00713,61.39,,0.01,1777933822
All Pools,Psychic - RefZip,0.3,False,0.00712,61.39,,0.01,1777933822
All Pools,Psychic - Qubit,0.3,False,0.0071,61.35,,0.01,1777933822
All Pools,Psychic - Blessings,0.3,False,0.00708,61.35,,0.01,1777933822
All Pools,NotBrideOfChrist - SwiftTaylor,0.3,False,0.00701,51.8,,0.01,1777933822
All Pools,Psychic - TrumpCard,0.3,False,0.00699,61.4,,0.01,1777933822
All Pools,aDXN - AVAX,0.3,False,0.00691,3.654,,0.17,1777933822
All Pools,DCAR - AVAX,0.3,False,0.00689,1.097,,0.57,1777933822
All Pools,DCAR - USDC,0.3,False,0.00688,55.81,,0.01,1777933822
All Pools,STOMB - AVAX,0.3,False,0.00683,7939.0,,,1777933822
All Pools,KIMBO - GAINS,0.3,False,0.00683,1.377,,0.45,1777933822
All Pools,Psychic - TheArcher,0.3,False,0.00681,61.39,,0.01,1777933822
All Pools,Psychic - Artemis,0.3,False,0.00678,61.34,,0.01,1777933822
All Pools,Trinity - FourFourFour,0.3,False,0.00671,4.958,,0.12,1777933822
All Pools,USDC - MU,0.3,False,0.00665,0.34344,,1.77,1777933822
All Pools,LYD - REDWOLF,0.3,False,0.00661,4.793,,0.13,1777933822
All Pools,YAK - USDT.e,0.3,False,0.00659,0.55259,,1.09,1777933822
All Pools,Psychic - Six,0.3,False,0.00657,61.39,,0.01,1777933822
All Pools,Psychic - Nine,0.3,False,0.00654,61.37,,0.01,1777933822
All Pools,Psychic - ElmoSunkGematria,0.3,False,0.00652,61.4,,0.01,1777933822
All Pools,Spider - Psychic,0.3,False,0.0065,61.35,,0.01,1777933822
All Pools,Psychic - Zero,0.3,False,0.00648,61.37,,0.01,1777933822
All Pools,NXPC - USDC,0.3,False,0.00643,0.72259,,0.81,1777933822
All Pools,USV - AVAX,0.3,False,0.0064,1.154,,0.51,1777933822
All Pools,gOHM - USDT.e,0.3,False,0.00632,0.60131,,0.96,1777933822
All Pools,Psychic - Lock,0.3,False,0.00631,61.37,,0.01,1777933822
All Pools,MIM - SMRT,0.3,False,0.0063,1.676,,0.34,1777933822
All Pools,COQ - ARENA,0.3,False,0.0063,1.24,,0.46,1777933822
All Pools,SNTA - MIM,0.3,False,0.00622,0.99805,,0.57,1777933822
All Pools,Psychic - KekiusMaximus,0.3,False,0.0062,61.39,,0.01,1777933822
All Pools,GMX - USDt,0.3,False,0.00618,0.38157,,1.48,1777933822
All Pools,Psychic - SevenSevenSeven,0.3,False,0.00617,61.4,,0.01,1777933822
All Pools,Psychic - BirthingCode,0.3,False,0.0061,61.4,,0.01,1777933822
All Pools,Flection - Psychic,0.3,False,0.00607,61.4,,0.01,1777933822
All Pools,Psychic - LordJesusChrist,0.3,False,0.00602,58.81,,0.01,1777933822
All Pools,HATCHY - AMI,0.3,False,0.00596,4.377,,0.12,1777933822
All Pools,Psychic - Numbers,0.3,False,0.00595,61.39,,0.01,1777933822
All Pools,SYN - REDWOLF,0.3,False,0.00594,2.615,,0.21,1777933822
All Pools,Psychic - Crypt,0.3,False,0.00591,61.34,,0.01,1777933822
All Pools,USDC - OK,0.3,False,0.0059,1.187,,0.45,1777933822
All Pools,Psychic - Luck,0.3,False,0.00589,61.4,,0.01,1777933822
All Pools,Psychic - Thick,0.3,False,0.00587,61.37,,0.01,1777933822
All Pools,Psychic - Bonfire,0.3,False,0.00587,61.39,,0.01,1777933822
All Pools,Psychic - PennyTrinity,0.3,False,0.00585,61.41,,0.01,1777933822
All Pools,AVAX - Gaza,0.3,False,0.0058,3.197,,0.17,1777933822
All Pools,Trinity - Gaza,0.3,False,0.00579,3.767,,0.14,1777933822
All Pools,Psychic - WhoWhoWho,0.3,False,0.00577,61.36,,0.01,1777933822
All Pools,USDt - USDC.e,0.3,False,0.00574,14.25,,0.04,1777933822
All Pools,Psychic - Alphabet,0.3,False,0.00568,61.4,,0.01,1777933822
All Pools,SatoshiNakamoto - Psychic,0.3,False,0.00566,61.39,,0.01,1777933822
All Pools,HIGHER - AMI,0.3,False,0.00563,3.301,,0.16,1777933822
All Pools,AVAI - USDC.e,0.3,False,0.00561,33.73,,0.02,1777933822
All Pools,MIM - SDOG,0.3,False,0.00561,319.23,,0.0,1777933822
All Pools,CodexKennyMin - Gravity,0.3,False,0.0056,21.35,,0.02,1777933822
All Pools,WINK - AMI,0.3,False,0.00558,0.10535,,4.84,1777933822
All Pools,FITFI - USDC.e,0.3,False,0.00556,0.24391,,2.08,1777933822
All Pools,AVAX - DWC,0.3,False,0.00555,6049.5,,,1777933822
All Pools,USDC.e - SMRT,0.3,False,0.00554,2.227,,0.23,1777933822
All Pools,DWC - MU,0.3,False,0.00554,3.475,,0.15,1777933822
All Pools,Psychic - Codes,0.3,False,0.00554,61.4,,0.01,1777933822
All Pools,CATWIF - MU,0.3,False,0.00552,3.606,,0.14,1777933822
All Pools,AVAX - QUASI,0.3,False,0.00547,592.63,,,1777933822
All Pools,ValentinMidwifes - AVAX,0.3,False,0.00547,2.37,,0.21,1777933822
All Pools,Psychic - Architect,0.3,False,0.00546,61.39,,0.01,1777933822
All Pools,TEMPO - AVAX,0.3,False,0.00545,1.069,,0.47,1777933822
All Pools,GAINS - QUASI,0.3,False,0.00544,1.423,,0.35,1777933822
All Pools,MIM - TEMPO,0.3,False,0.00544,6.683,,0.07,1777933822
All Pools,AVAX - WISE,0.3,False,0.00544,2.815,,0.18,1777933822
All Pools,Psychic - OneOneOne,0.3,False,0.00543,61.39,,0.01,1777933822
All Pools,USDC.e - WISE,0.3,False,0.00543,7.15,,0.07,1777933822
All Pools,Psychic - Gematria,0.3,False,0.00539,61.39,,0.01,1777933822
All Pools,Psychic - TwinFlames,0.3,False,0.00538,62.09,,0.01,1777933822
All Pools,Psychic - Verse,0.3,False,0.00537,61.36,,0.01,1777933822
All Pools,Choice - Psychic,0.3,False,0.00535,61.36,,0.01,1777933822
All Pools,Psychic - Solved,0.3,False,0.00532,61.39,,0.01,1777933822
All Pools,Eye - Psychic,0.3,False,0.00532,61.39,,0.01,1777933822
All Pools,Hollywood - Ouroboros,0.3,False,0.00531,13.04,,0.04,1777933822
All Pools,3ULL - USDC,0.3,False,0.00529,0.65659,,0.74,1777933822
All Pools,Psychic - Finish,0.3,False,0.00527,61.35,,0.01,1777933822
All Pools,Psychic - Confusion,0.3,False,0.00527,61.39,,0.01,1777933822
All Pools,Psychic - Line,0.3,False,0.00524,62.16,,0.01,1777933822
All Pools,Psychic - BiTonic,0.3,False,0.00524,61.4,,0.01,1777933822
All Pools,Loyalty - Psychic,0.3,False,0.00524,61.35,,0.01,1777933822
All Pools,Psychic - IAmThatIAm,0.3,False,0.00523,61.39,,0.01,1777933822
All Pools,MEOW - MU,0.3,False,0.00521,1.584,,0.3,1777933822
All Pools,FiveTwelveThirteen - AVAX,0.3,False,0.00521,5.209,,0.09,1777933822
All Pools,ElkeNevusRome - AVAX,0.3,False,0.00521,13.06,,0.04,1777933822
All Pools,Psychic - YouAndI,0.3,False,0.00521,61.39,,0.01,1777933822
All Pools,COQ - MICRO,0.3,False,0.0052,3.76,,0.13,1777933822
All Pools,ElkeNevusRome - Gravity,0.3,False,0.00519,4.935,,0.1,1777933822
All Pools,FiveTwelveThirteen - Gravity,0.3,False,0.00519,6.852,,0.07,1777933822
All Pools,ETHM - AVAX,0.3,False,0.00518,27.37,,0.02,1777933822
All Pools,AVAX - MICRO,0.3,False,0.00518,23.86,,0.02,1777933822
All Pools,WLRS - USDC,0.3,False,0.00501,4.01,,0.11,1777933822
All Pools,ABC - AMI,0.3,False,0.00489,3.945,,0.11,1777933822
All Pools,TrueLove - AVAX,0.3,False,0.0048,12.92,,0.03,1777933822
All Pools,TrueLove - Gravity,0.3,False,0.00479,4.88,,0.09,1777933822
All Pools,WernherVonBraun - AVAX,0.3,False,0.00474,2.089,,0.21,1777933822
All Pools,Trinity - WernherVonBraun,0.3,False,0.00473,18397.0,,,1777933822
All Pools,BEAM - MU,0.3,False,0.0047,1.078,,0.4,1777933822
All Pools,AI9000 - USDt,0.3,False,0.00469,0.90015,,0.48,1777933822
All Pools,JOE - REDWOLF,0.3,False,0.00467,3.969,,0.11,1777933822
All Pools,RGOGLZ - AVAX,0.3,False,0.00464,4.097,,0.1,1777933822
All Pools,AMI - MU,0.3,False,0.00453,1.704,,0.24,1777933822
All Pools,ETHM - DAI.e,0.3,False,0.00447,0.675,,0.6,1777933822
All Pools,KR - AVAX,0.3,False,0.00442,1.705,,0.24,1777933822
All Pools,AVAX - ChristmasTree,0.3,False,0.00441,6.165,,0.07,1777933822
All Pools,KR - USDC.e,0.3,False,0.0044,11.49,,0.03,1777933822
All Pools,Gravity - ChristmasTree,0.3,False,0.0044,4.651,,0.09,1777933822
All Pools,KIMBO - AMI,0.3,False,0.00436,4.302,,0.09,1777933822
All Pools,REDWOLF - GEC,0.3,False,0.00431,3.962,,0.1,1777933822
All Pools,TT - DAI.e,0.3,False,0.0043,1.918,,0.2,1777933822
All Pools,MIM - YAK,0.3,False,0.00428,0.42825,,0.91,1777933822
All Pools,SYN - USDT.e,0.3,False,0.00399,0.65241,,0.56,1777933822
All Pools,AVAX - PAR,0.3,False,0.00396,2.398,,0.15,1777933822
All Pools,MIM - PAR,0.3,False,0.00395,1.924,,0.19,1777933822
All Pools,Lightworker - AVAX,0.3,False,0.00395,2.745,,0.13,1777933822
All Pools,GRAPE - AVAX,0.3,False,0.00394,0.8821,,0.41,1777933822
All Pools,Gravity - Lightworker,0.3,False,0.00394,53.16,,0.01,1777933822
All Pools,Psychic - Seminole,0.3,False,0.00389,61.35,,0.01,1777933822
All Pools,YEEHAW - ARENA,0.3,False,0.00389,2.353,,0.15,1777933822
All Pools,Psychic - James,0.3,False,0.00382,61.41,,0.01,1777933822
All Pools,LUNA - JOE,0.3,False,0.00381,0.05154,,6.75,1777933822
All Pools,gOHM - USDC.e,0.3,False,0.00379,0.30671,,1.13,1777933822
All Pools,COQ - ZUM,0.3,False,0.00379,1.122,,0.31,1777933822
All Pools,SaintGermain - BLACK,0.3,False,0.00376,2.491,,0.14,1777933822
All Pools,SYN - WETH.e,0.3,False,0.00373,0.67912,,0.5,1777933822
All Pools,Trinity - IfYouKnowYouKnow,0.3,False,0.00371,5.013,,0.07,1777933822
All Pools,KIMBO - COQ,0.3,False,0.00371,1.7,,0.2,1777933822
All Pools,WETH.e - meGNX,0.3,False,0.00367,6.709,,0.05,1777933822
All Pools,YETI - WINE,0.3,False,0.00362,1.456,,0.23,1777933822
All Pools,YETI - AVAX,0.3,False,0.00361,946.31,,,1777933822
All Pools,SMRTr - USDT.e,0.3,False,0.00358,1.317,,0.25,1777933822
All Pools,Psychic - Checkmate,0.3,False,0.00351,61.54,,0.01,1777933822
All Pools,WOLF - USDt,0.3,False,0.00349,0.10384,,3.07,1777933822
All Pools,JPYC - AVAX,0.3,False,0.00347,0.27631,,1.14,1777933822
All Pools,Psychic - Abracadabra,0.3,False,0.00345,61.37,,0.01,1777933822
All Pools,GAINS - DWC,0.3,False,0.00345,0.98447,,0.32,1777933822
All Pools,WETH.e - HOWDY,0.3,False,0.00344,1.061,,0.3,1777933822
All Pools,MIM - DUNEV3,0.3,False,0.00343,66822.0,,,1777933822
All Pools,Psychic - PlotTwist,0.3,False,0.00341,62.76,,0.0,1777933822
All Pools,Psychic - WhoWho,0.3,False,0.00334,61.39,,0.0,1777933822
All Pools,MIM - ICE,0.3,False,0.0033,1.0,,0.3,1777933822
All Pools,EGG - AVAX,0.3,False,0.00326,1.705,,0.17,1777933822
All Pools,GAINS - BAWLS,0.3,False,0.00325,0.93202,,0.32,1777933822
All Pools,Psychic - KatzJoel,0.3,False,0.00325,61.37,,0.0,1777933822
All Pools,EGG - USDT.e,0.3,False,0.00324,1.99,,0.15,1777933822
All Pools,BAWLS - AVAX,0.3,False,0.00324,16.52,,0.02,1777933822
All Pools,ELXR - USDC.e,0.3,False,0.00321,1098.29,,,1777933822
All Pools,Psychic - Hexagon,0.3,False,0.00318,61.39,,0.0,1777933822
All Pools,RUGPULL - AVAX,0.3,False,0.00316,2.987,,0.1,1777933822
All Pools,COQWIF - AVAX,0.3,False,0.00313,6501.28,,,1777933822
All Pools,WBTC.e - MU,0.3,False,0.00312,0.72913,,0.39,1777933822
All Pools,AI9000 - MU,0.3,False,0.00312,1.276,,0.22,1777933822
All Pools,Wizard - AVAX,0.3,False,0.00311,4.479,,0.06,1777933822
All Pools,CRAFT - USDC.e,0.3,False,0.00309,0.86983,,0.32,1777933822
All Pools,Wizard - Gravity,0.3,False,0.00309,0.8571,,0.33,1777933822
All Pools,HUSKY - aXEN,0.3,False,0.00302,0.07072,,3.89,1777933822
All Pools,JOE - aDXN,0.3,False,0.00301,0.83073,,0.33,1777933822
All Pools,CATWIF - REDWOLF,0.3,False,0.00299,0.97396,,0.28,1777933822
All Pools,GAINS - COQ,0.3,False,0.00296,2.043,,0.13,1777933822
All Pools,Sovereignty - AVAX,0.3,False,0.00295,4.497,,0.06,1777933822
All Pools,Sovereignty - Gravity,0.3,False,0.00293,0.85954,,0.31,1777933822
All Pools,EagleToken - AVAX,0.3,False,0.00293,2.125,,0.13,1777933822
All Pools,EagleToken - USDC.e,0.3,False,0.00292,2.222,,0.12,1777933822
All Pools,SNO Token - AVAX,0.3,False,0.00291,1.758,,0.15,1777933822
All Pools,AVXT - AVAX,0.3,False,0.00291,52.84,,0.01,1777933822
All Pools,SNO Token - JOE,0.3,False,0.0029,86.56,,0.0,1777933822
All Pools,AVAX - NoThing,0.3,False,0.00289,4.429,,0.06,1777933822
All Pools,GAINS - TECH,0.3,False,0.00288,0.62436,,0.42,1777933822
All Pools,Gravity - NoThing,0.3,False,0.00287,0.84987,,0.31,1777933822
All Pools,USDC - TT,0.3,False,0.00276,2.002,,0.13,1777933822
All Pools,XPOW - USDC,0.3,False,0.00276,0.03663,,6.87,1777933822
All Pools,MU - KET,0.3,False,0.00269,1.337,,0.18,1777933822
All Pools,AVAX - SAGE,0.3,False,0.00265,0.89339,,0.27,1777933822
All Pools,LIBRE - AVAX,0.3,False,0.00264,1.853,,0.13,1777933822
All Pools,USDC.e - SAGE,0.3,False,0.00264,2.185,,0.11,1777933822
All Pools,TEDDY - USDC,0.3,False,0.00263,0.42789,,0.56,1777933822
All Pools,PNG - USDT.e,0.3,False,0.00259,0.88887,,0.27,1777933822
All Pools,HATCHY - WTHT,0.3,False,0.00255,0.52595,,0.44,1777933822
All Pools,WTHT - SNOB,0.3,False,0.00254,1.421,,0.16,1777933822
All Pools,DREGG - USDC.e,0.3,False,0.00253,3.096,,0.07,1777933822
All Pools,AVAX - CAKE,0.3,False,0.00249,0.72329,,0.31,1777933822
All Pools,USDT.e - CAKE,0.3,False,0.00248,48.63,,0.0,1777933822
All Pools,GATOR - AMI,0.3,False,0.00246,4.479,,0.05,1777933822
All Pools,KIMBO - UNIQOC,0.3,False,0.00246,0.73543,,0.31,1777933822
All Pools,JOE - AVE,0.3,False,0.00243,1.798,,0.12,1777933822
All Pools,UNIQOC - MAJIN,0.3,False,0.00243,0.25637,,0.86,1777933822
All Pools,XPOW - USDt,0.3,False,0.00241,0.03299,,6.67,1777933822
All Pools,BTC.b - MUG,0.3,False,0.00241,0.89823,,0.24,1777933822
All Pools,AVAX - LastChristmas,0.3,False,0.00241,1.912,,0.11,1777933822
All Pools,Gravity - LastChristmas,0.3,False,0.0024,10.03,,0.02,1777933822
All Pools,AVAX - WARP,0.3,False,0.0024,1.482,,0.15,1777933822
All Pools,COQ - JUICY,0.3,False,0.00237,0.71367,,0.3,1777933822
All Pools,EUROS - AVAX,0.3,False,0.00236,1.193,,0.18,1777933822
All Pools,GAINS - KONG,0.3,False,0.00233,0.76117,,0.28,1777933822
All Pools,Psychic - Vampire,0.3,False,0.00229,61.4,,0.0,1777933822
All Pools,LUNA - MIM,0.3,False,0.00227,0.01797,,11.54,1777933822
All Pools,MAXI - AVAX,0.3,False,0.00227,0.7978,,0.26,1777933822
All Pools,Psychic - Aquarius,0.3,False,0.00226,61.36,,0.0,1777933822
All Pools,LINK.e - MUG,0.3,False,0.00222,0.25127,,0.81,1777933822
All Pools,STG - JOE,0.3,False,0.00222,0.17006,,1.19,1777933822
All Pools,Psychic - Number,0.3,False,0.00221,61.41,,0.0,1777933822
All Pools,- AMI,0.3,False,0.00219,13.19,,0.02,1777933822
All Pools,COQ - COFI,0.3,False,0.00217,1.86,,0.11,1777933822
All Pools,AVAX - COFI,0.3,False,0.00217,616.02,,,1777933822
All Pools,GURS - ARENA,0.3,False,0.00211,7.461,,0.03,1777933822
All Pools,TT - USDT.e,0.3,False,0.00202,2.004,,0.09,1777933822
All Pools,USDt - TT,0.3,False,0.00201,2.007,,0.09,1777933822
All Pools,USDC.e - CHAM,0.3,False,0.00195,0.83477,,0.21,1777933822
All Pools,aAvaWAVAX - AVAX,0.3,False,0.00194,0.26034,,0.68,1777933822
All Pools,BEE - AVAX,0.3,False,0.00192,0.80806,,0.22,1777933822
All Pools,BEE - USDT.e,0.3,False,0.00192,32.4,,0.01,1777933822
All Pools,Psychic - Equal,0.3,False,0.00191,61.4,,0.0,1777933822
All Pools,CRAFT - AVAX,0.3,False,0.00189,409.59,,,1777933822
All Pools,Psychic - PoPo,0.3,False,0.00187,61.4,,0.0,1777933822
All Pools,Psychic - QuetzalCoatl,0.3,False,0.00185,61.4,,0.0,1777933822
All Pools,TECH - REDWOLF,0.3,False,0.00183,0.86475,,0.19,1777933822
All Pools,Psychic - TrueStory,0.3,False,0.00182,61.4,,0.0,1777933822
All Pools,sAVAX - USDC,0.3,False,0.00181,0.53448,,0.31,1777933822
All Pools,GAINS - MEAT,0.3,False,0.0018,0.98752,,0.17,1777933822
All Pools,toi - AVAX,0.3,False,0.00178,0.94223,,0.17,1777933822
All Pools,MIM - toi,0.3,False,0.00178,3.445,,0.05,1777933822
All Pools,AVAX - DREX,0.3,False,0.00177,0.59989,,0.27,1777933822
All Pools,MIM - DREX,0.3,False,0.00176,37.63,,0.0,1777933822
All Pools,GG - AVAX,0.3,False,0.00173,0.1648,,0.96,1777933822
All Pools,Psychic - FinityFinity,0.3,False,0.00173,61.41,,0.0,1777933822
All Pools,WETH.e - LINK.e,0.3,False,0.00172,0.15027,,1.05,1777933822
All Pools,GAINS - KOVIN,0.3,False,0.00169,0.6519,,0.24,1777933822
All Pools,MM - USDC.e,0.3,False,0.00168,0.60379,,0.25,1777933822
All Pools,JOE - USDR,0.3,False,0.00167,0.73061,,0.21,1777933822
All Pools,LIFE - AVAX,0.3,False,0.00162,1.345,,0.11,1777933822
All Pools,MIM - LIFE,0.3,False,0.00162,0.9444,,0.16,1777933822
All Pools,DEGEN - AVAX,0.3,False,0.0016,0.00355,,41.14,1777933822
All Pools,AMI - EROL,0.3,False,0.0016,0.67699,,0.22,1777933822
All Pools,AVAX - sSB,0.3,False,0.00156,0.50558,,0.28,1777933822
All Pools,AVAX - MTB,0.3,False,0.00156,0.96261,,0.15,1777933822
All Pools,REDEEMER - AMI,0.3,False,0.00156,0.01447,,9.82,1777933822
All Pools,USDC.e - sSB,0.3,False,0.00155,839.46,,,1777933822
All Pools,MIM - MTB,0.3,False,0.00155,2.218,,0.06,1777933822
All Pools,AVAX - RUG,0.3,False,0.00155,0.53257,,0.27,1777933822
All Pools,AVAX - ICE,0.3,False,0.00151,151.31,,,1777933822
All Pools,USDC.e - WARP,0.3,False,0.00149,0.86584,,0.16,1777933822
All Pools,MUMO - AVAX,0.3,False,0.00148,0.1805,,0.75,1777933822
All Pools,UNI.e - AVAX,0.3,False,0.00146,0.03468,,3.84,1777933822
All Pools,DB - AVAX,0.3,False,0.0014,2.214,,0.06,1777933822
All Pools,MIM - DB,0.3,False,0.0014,0.67159,,0.19,1777933822
All Pools,AVAX - PSI,0.3,False,0.00139,190.02,,,1777933822
All Pools,WETH.e - ETHM,0.3,False,0.00138,0.50247,,0.25,1777933822
All Pools,ETHM - USDC.e,0.3,False,0.00138,0.4791,,0.26,1777933822
All Pools,USDt - APOW,0.3,False,0.00137,0.15521,,0.8,1777933822
All Pools,STICK - AMI,0.3,False,0.00136,0.31182,,0.4,1777933822
All Pools,SLUSH - AVAX,0.3,False,0.00134,0.70325,,0.17,1777933822
All Pools,SLUSH - USDT.e,0.3,False,0.00133,1.326,,0.09,1777933822
All Pools,MEAT - MU,0.3,False,0.00131,0.49463,,0.24,1777933822
All Pools,LYD - AVAX,0.3,False,0.00129,0.82188,,0.14,1777933822
All Pools,HUSKY - SMRTr,0.3,False,0.00128,0.06739,,1.73,1777933822
All Pools,KANA - AVAX,0.3,False,0.00127,1138.92,,,1777933822
All Pools,KANA - USDC,0.3,False,0.00127,0.51195,,0.23,1777933822
All Pools,Trinity - IngersollLockwood,0.3,False,0.00127,1.122,,0.1,1777933822
All Pools,ALPHAZERO - USDT.e,0.3,False,0.00127,2.165,,0.05,1777933822
All Pools,MAJIN - AMI,0.3,False,0.00124,0.15517,,0.73,1777933822
All Pools,CRA - USDC.e,0.3,False,0.00123,0.56704,,0.2,1777933822
All Pools,YUSD - LUNA,0.3,False,0.00123,0.01791,,6.27,1777933822
All Pools,ABOB - AVAX,0.3,False,0.00122,832.35,,,1777933822
All Pools,aAvaWAVAX - meGNX,0.3,False,0.0012,4.058,,0.03,1777933822
All Pools,COQ - HOWDY,0.3,False,0.00119,0.56818,,0.19,1777933822
All Pools,NOCHILL - ABOB,0.3,False,0.00117,0.02155,,4.96,1777933822
All Pools,tst1 - AVAX,0.3,False,0.00117,0.5809,,0.18,1777933822
All Pools,tst1 - USDT.e,0.3,False,0.00117,2.702,,0.04,1777933822
All Pools,weETH - AVAX,0.3,False,0.00117,0.38851,,0.27,1777933822
All Pools,HOOP - ROCO,0.3,False,0.00116,0.14688,,0.72,1777933822
All Pools,SUB - AVAX,0.3,False,0.00113,0.50934,,0.2,1777933822
All Pools,SUB - USDC,0.3,False,0.00113,69.79,,0.0,1777933822
All Pools,Psychic - Self,0.3,False,0.00113,63.41,,0.0,1777933822
All Pools,GRAPE - WINE,0.3,False,0.00111,7.647,,0.01,1777933822
All Pools,POPS - AVAX,0.3,False,0.00111,0.11842,,0.85,1777933822
All Pools,GAINS - MEOW,0.3,False,0.00111,0.21722,,0.46,1777933822
All Pools,AUX - AVAX,0.3,False,0.00109,0.3944,,0.25,1777933822
All Pools,TIME - SPELL,0.3,False,0.00109,0.8386,,0.12,1777933822
All Pools,AUX - USDC,0.3,False,0.00109,688.53,,,1777933822
All Pools,GAINS - Always,0.3,False,0.00108,0.10932,,0.91,1777933822
All Pools,AVAX - SYMBIOT,0.3,False,0.00107,0.32409,,0.3,1777933822
All Pools,NUG - AVAX,0.3,False,0.00105,0.38335,,0.25,1777933822
All Pools,SLOT - AVAX,0.3,False,0.00105,3951.8,,,1777933822
All Pools,NUG - USDC,0.3,False,0.00105,2.375,,0.04,1777933822
All Pools,SLOT - USDC.e,0.3,False,0.00105,0.48577,,0.2,1777933822
All Pools,DAI.e - SYMBIOT,0.3,False,0.00102,1.416,,0.07,1777933822
All Pools,xJOE - AVAX,0.3,False,0.00102,2.799,,0.03,1777933822
All Pools,xJOE - wsOHM,0.3,False,0.00101,0.54609,,0.17,1777933822
All Pools,WET - AVAX,0.3,False,0.001,16.95,,0.01,1777933822
All Pools,WET - USDT.e,0.3,False,,0.44306,,0.21,1777933822
All Pools,PB - AVAX,0.3,False,,0.49126,,0.19,1777933822
All Pools,PB - MIM,0.3,False,,39.87,,0.0,1777933822
All Pools,AVAX - FTEST,0.3,False,,0.3997,,0.23,1777933822
All Pools,USDT.e - FTEST,0.3,False,,1.316,,0.07,1777933822
All Pools,BRO - OSAK,0.3,False,,0.09376,,0.96,1777933822
All Pools,WETH - AVAX,0.3,False,,1.356,,0.07,1777933822
All Pools,SYMBIOT - AVAX,0.3,False,,1.449,,0.06,1777933822
All Pools,AVAX - AKITA,0.3,False,,2527.5,,,1777933822
All Pools,MIM - AKITA,0.3,False,,0.25519,,0.35,1777933822
All Pools,WETH.e - SPELL,0.3,False,,0.29494,,0.29,1777933822
All Pools,SYMBIOT - DAI.e,0.3,False,,0.45936,,0.18,1777933822
All Pools,OH - USDC.e,0.3,False,,0.38933,,0.21,1777933822
All Pools,3ULL - USDT.e,0.3,False,,0.65693,,0.13,1777933822
All Pools,USDT.e - WARP,0.3,False,,0.90468,,0.09,1777933822
All Pools,ROCO - USDT.e,0.3,False,,0.08482,,0.96,1777933822
All Pools,ARABBIT - AVAX,0.3,False,,0.56771,,0.14,1777933822
All Pools,MIM - ARABBIT,0.3,False,,1.297,,0.06,1777933822
All Pools,SolarDAO - AVAX,0.3,False,,0.39938,,0.2,1777933822
All Pools,USDC - DAI.e,0.3,False,,2.02,,0.04,1777933822
All Pools,AUSD - USDC,0.01,False,15243939.0,4680150.0,1524.47,11.89,1777937422
All Pools,AUSD - USDt,0.01,False,14965866.0,3409367.0,1496.67,16.02,1777937422
All Pools,AVAX - USDC,0.05,False,9616723.0,3850334.0,5116.37,48.5,1777937422
All Pools,BTC.b - USDC,0.05,False,490764.0,810795.0,258.28,11.63,1777937422
All Pools,USDt - USDC,0.005,False,474318.0,693149.0,33.6,1.77,1777937422
All Pools,USDC.e - O3,0.3,False,430911.0,343742443.0,1077.28,0.11,1777937422
All Pools,AVAX - USDC,0.2,False,149495.0,207098.0,303.59,53.51,1777937422
All Pools,sAVAX - AVAX,0.01,False,101334.0,187884.0,10.34,2.01,1777937422
All Pools,AVAX - BTC.b,0.05,False,53712.0,584149.0,28.86,1.8,1777937422
All Pools,XAUt0 - USDt,0.04,False,48591.0,37582.0,22.77,22.12,1777937422
All Pools,DAI.e - USDC,0.02,False,44152.0,31979.0,11.43,13.05,1777937422
All Pools,ARENA - AVAX,0.01,False,41352.0,153579.0,4.132,0.98,1777937422
All Pools,GUN - AVAX,0.1,False,37219.0,40028.0,38.45,35.06,1777937422
All Pools,GUN - AVAX,0.25,False,35450.0,128309.0,89.51,25.46,1777937422
All Pools,AVAX - USDt,0.2,False,34065.0,130971.0,68.92,19.21,1777937422
All Pools,USDT.e - USDC,0.02,False,31166.0,48841.0,6.404,4.79,1777937422
All Pools,USDC - XAVA,0.3,False,30273.0,613490.0,75.68,4.5,1777937422
All Pools,AVAX - USDT.e,0.3,False,24810.0,552554.0,62.03,4.1,1777937422
All Pools,USDT.e - USDt,0.02,False,24805.0,44088.0,5.026,4.16,1777937422
All Pools,WBTC - BTC.b,0.03,False,23822.0,84211.0,7.552,3.27,1777937422
All Pools,AVAX - USDC,0.3,False,21292.0,406616.0,53.23,4.78,1777937422
All Pools,WBTC.e - BTC.b,0.03,False,20875.0,334755.0,8.443,0.92,1777937422
All Pools,MIM - AVAX,0.3,False,20349.0,561228.0,50.87,3.31,1777937422
All Pools,USDC.e - AVAX,0.3,False,19974.0,429521.0,49.94,4.24,1777937422
All Pools,NXPC - AVAX,0.3,False,16978.0,239735.0,42.44,6.46,1777937422
All Pools,WBTC.e - AVAX,0.3,False,16612.0,173591.0,41.53,8.73,1777937422
All Pools,USDt - USDC,0.01,False,15532.0,181316.0,1.244,0.25,1777937422
All Pools,JOE - AVAX,0.3,False,12889.0,522047.0,32.22,2.25,1777937422
All Pools,FOLKS - AVAX,0.25,False,12621.0,33909.0,32.03,34.47,1777937422
All Pools,JOE - USDC.e,0.3,False,11327.0,336299.0,28.32,3.07,1777937422
All Pools,COQ - AVAX,0.3,False,10687.0,614046.0,26.72,1.59,1777937422
All Pools,QI - AVAX,0.3,False,10429.0,241476.0,26.07,3.94,1777937422
All Pools,USDT.e - USDC,0.02,False,8922.5,886.07,1.06,43.65,1777937422
All Pools,NOCHILL - AVAX,0.3,False,7196.3,83649.0,17.99,7.85,1777937422
All Pools,ORNG - AVAX,0.3,False,5248.42,27743.0,13.12,17.26,1777937422
All Pools,EURC - USDC,0.03,False,4185.39,12019.0,1.273,3.87,1777937422
All Pools,SolvBTC - BTC.b,0.04,False,4156.75,252790.0,2.052,0.3,1777937422
All Pools,USDC.e - USDC,0.3,False,4016.69,482717.0,10.04,0.76,1777937422
All Pools,DAI.e - USDC,0.02,False,3840.45,2642.36,1.07,14.78,1777937422
All Pools,AAVE.e - AVAX,0.3,False,3420.26,301228.0,8.551,1.04,1777937422
All Pools,WETH.e - AVAX,0.3,False,3381.15,497931.0,8.453,0.62,1777937422
All Pools,FLD - AVAX,0.3,False,3263.17,51800.0,8.158,5.75,1777937422
All Pools,JPYC - USDC,0.04,False,3172.58,4468.38,1.617,13.21,1777937422
All Pools,AUSD - AVAX,0.1,False,2769.43,39658.0,2.878,2.65,1777937422
All Pools,USDt - AVAX,0.3,False,2519.72,45127.0,6.299,5.09,1777937422
All Pools,JOE - USDT.e,0.3,False,2504.14,67476.0,6.26,3.39,1777937422
All Pools,AVAX - avUSD,0.25,False,2503.14,2342.79,6.299,98.14,1777937422
All Pools,BEAM - AVAX,0.25,False,2367.96,20064.0,5.956,10.83,1777937422
All Pools,BEAM - USDC,0.3,False,2352.38,72048.0,5.881,2.98,1777937422
All Pools,BTC.b - AVAX,0.3,False,2246.91,142829.0,5.617,1.44,1777937422
All Pools,gOHM - AVAX,0.3,False,2163.86,138146.0,5.41,1.43,1777937422
All Pools,ALOT - AVAX,0.3,False,2108.77,228012.0,5.272,0.84,1777937422
All Pools,HUNDRED - USDC,0.3,False,1948.18,520324.0,4.87,0.34,1777937422
All Pools,XAVA - AVAX,0.8,False,1797.58,227689.0,14.46,2.32,1777937422
All Pools,BEAM - AVAX,0.3,False,1770.91,93755.0,4.427,1.72,1777937422
All Pools,rsAVAX - AVAX,0.1,False,1764.26,968.15,9.811,369.89,1777937422
All Pools,JOE - USDC,0.3,False,1669.72,40163.0,4.174,3.79,1777937422
All Pools,XAVA - AVAX,0.25,False,1657.33,3191.75,4.324,49.45,1777937422
All Pools,ZRO - AVAX,0.25,False,1655.67,2303.56,12.07,191.29,1777937422
All Pools,LINK.e - AVAX,0.3,False,1617.26,49232.0,4.043,3.0,1777937422
All Pools,SOL - AVAX,0.3,False,1610.76,433021.0,4.027,0.34,1777937422
All Pools,WOLF - AVAX,0.3,False,1565.57,40166.0,3.914,3.56,1777937422
All Pools,AVAX - DAI.e,0.3,False,1556.23,34167.0,3.891,4.16,1777937422
All Pools,WBTC.e - BTC.b,0.03,False,1367.36,696.42,0.60097,31.5,1777937422
All Pools,USDt - USDC,0.02,False,1305.81,2226.81,0.28926,4.74,1777937422
All Pools,YAK - AVAX,0.3,False,1125.91,109680.0,2.815,0.94,1777937422
All Pools,w3ULL - AVAX,0.3,False,1106.08,64290.0,2.765,1.57,1777937422
All Pools,HEFE - AVAX,0.3,False,1014.23,22897.0,2.536,4.04,1777937422
All Pools,WETH.e - USDC,0.15,False,1006.29,10052.0,1.537,5.58,1777937422
All Pools,LCPEDU - USDt,0.8,False,1002.83,9626335.0,16.08,0.06,1777937422
All Pools,MUON - AVAX,0.3,False,920.4,48273.0,2.301,1.74,1777937422
All Pools,AVAX - JUICE,0.3,False,833.96,15848.0,2.085,4.8,1777937422
All Pools,SHRAP - AVAX,0.8,False,696.8,12744.0,6.338,18.15,1777937422
All Pools,SIERRA - USDC,0.1,False,659.05,40194.0,0.65911,0.6,1777937422
All Pools,AVAX - ALVA,0.3,False,636.52,1257.72,1.591,46.18,1777937422
All Pools,AVAX - XAVA,0.3,False,623.39,16028.0,1.558,3.55,1777937422
All Pools,XSEED - AVAX,0.3,False,573.49,13065.0,1.434,4.01,1777937422
All Pools,AVAX - UST,0.3,False,569.5,9319.57,1.424,5.58,1777937422
All Pools,JOE - AVAX,0.25,False,554.76,10698.0,1.397,4.77,1777937422
All Pools,GMX - AVAX,0.3,False,542.69,5048.18,1.357,9.81,1777937422
All Pools,UST - AVAX,0.3,False,536.6,8141.04,1.341,6.01,1777937422
All Pools,KLO - AVAX,0.3,False,332.29,14780.0,0.83072,2.05,1777937422
All Pools,OSAK - AVAX,0.3,False,314.96,6134.44,0.78739,4.69,1777937422
All Pools,sAVAX - AVAX,0.3,False,305.82,241842.0,0.76455,0.12,1777937422
All Pools,HERESY - AVAX,0.3,False,304.22,21811.0,0.76054,1.27,1777937422
All Pools,WETH.e - USDC.e,0.3,False,288.69,12349.0,0.72172,2.13,1777937422
All Pools,PTOP800 - USDC,0.1,False,278.6,656.59,0.28116,15.63,1777937422
All Pools,AVAX - AVAXINO,0.3,False,270.56,0.13127,0.6764,188082.06,1777937422
All Pools,YUSD - USDC,0.02,False,240.61,122000.0,0.04812,0.01,1777937422
All Pools,PTOP800 - AVAX,0.1,False,237.59,604.47,0.23893,14.43,1777937422
All Pools,COQ - COQAI,0.3,False,230.57,28137.0,0.57642,0.75,1777937422
All Pools,SWORLD - AVAX,0.3,False,226.45,7041.05,0.56612,2.93,1777937422
All Pools,STG - USDC,0.3,False,220.09,1474.94,0.55022,13.62,1777937422
All Pools,PTOP1100 - USDC,0.1,False,200.53,665.68,0.20164,11.06,1777937422
All Pools,PTOP1100 - AVAX,0.1,False,199.63,363.04,0.20253,20.36,1777937422
All Pools,sAVAX - JACK,0.3,False,199.41,291006.0,0.49852,0.06,1777937422
All Pools,XETA - USDC,0.3,False,196.95,6456.89,0.49236,2.78,1777937422
All Pools,PTOP1300 - AVAX,0.1,False,187.66,575.77,0.18829,11.94,1777937422
All Pools,PTOP1300 - USDC,0.1,False,187.4,346.01,0.18861,19.9,1777937422
All Pools,AVAX - GEC,0.3,False,168.16,35931.0,0.42041,0.43,1777937422
All Pools,APIX - ID,0.3,False,164.38,25366.0,0.41095,0.59,1777937422
All Pools,XPOW - AVAX,0.3,False,150.07,365.17,0.37518,37.5,1777937422
All Pools,BOOTY - AVAX,0.3,False,143.23,2260.73,0.35807,5.78,1777937422
All Pools,SOL - AVAX,0.1,False,137.49,1083.09,0.13836,4.66,1777937422
All Pools,QI - AVAX,0.25,False,136.36,15155.0,0.34076,0.82,1777937422
All Pools,PTOP1200 - AVAX,0.1,False,129.42,683.77,0.12961,6.92,1777937422
All Pools,PTOP1200 - USDC,0.1,False,128.91,197.4,0.13163,24.34,1777937422
All Pools,CAPY - ARENA,0.3,False,120.06,31776.0,0.30016,0.34,1777937422
All Pools,LUNA - USDC.e,0.3,False,117.32,966.33,0.29331,11.08,1777937422
All Pools,GGP - AVAX,0.3,False,112.4,93387.0,0.281,0.11,1777937422
All Pools,STG - AVAX,0.3,False,112.38,1469.6,0.28095,6.98,1777937422
All Pools,MIM - USDt,0.03,False,111.5,9.658,0.03741,141.39,1777937422
All Pools,APIX - USDt,0.3,False,108.62,6920.67,0.27154,1.43,1777937422
All Pools,gOHM - FRAX,0.3,False,91.56,3532.05,0.22889,2.37,1777937422
All Pools,JOE - AVAX,0.15,False,86.14,68922.0,0.13255,0.07,1777937422
All Pools,HUSKY - AVAX,0.3,False,84.45,3529.53,0.21113,2.18,1777937422
All Pools,TECH - AVAX,0.3,False,81.98,14222.0,0.20496,0.53,1777937422
All Pools,AVAX - APOW,0.3,False,77.2,25686.0,0.19299,0.27,1777937422
All Pools,XPOW - APOW,0.3,False,70.54,909.75,0.17636,7.08,1777937422
All Pools,MAJIN - AVAX,0.3,False,65.34,4252.14,0.16336,1.4,1777937422
All Pools,BLUB - AVAX,0.3,False,60.22,16859.0,0.15055,0.33,1777937422
All Pools,CAI - AVAX,0.3,False,55.77,1807.57,0.13942,2.82,1777937422
All Pools,KIMBO - AVAX,0.3,False,51.81,64613.0,0.12952,0.07,1777937422
All Pools,PNG - AVAX,0.3,False,50.84,1058.51,0.1271,4.38,1777937422
All Pools,APIX - USDC,0.3,False,47.94,3455.63,0.11985,1.27,1777937422
All Pools,PTOP800 - BTC.b,0.1,False,46.45,1004.66,0.05376,1.95,1777937422
All Pools,KITTY - AVAX,0.3,False,45.75,11.14,0.11437,374.68,1777937422
All Pools,SB - AVAX,0.3,False,44.46,6991.51,0.11115,0.58,1777937422
All Pools,UST - USDC.e,0.3,False,39.51,793.1,0.09877,4.55,1777937422
All Pools,LUNA - USDC.e,0.3,False,38.73,381.62,0.09683,9.26,1777937422
All Pools,FTR - AVAX,0.3,False,37.34,1290.29,0.09334,2.64,1777937422
All Pools,AVAX - HON,0.3,False,35.52,91134.0,0.08881,0.04,1777937422
All Pools,Balln - AVAX,0.3,False,35.39,4226.58,0.08848,0.76,1777937422
All Pools,AVAX - FRAX,0.3,False,34.41,1019.3,0.08602,3.08,1777937422
All Pools,MEOW - AVAX,0.3,False,34.38,10633.0,0.08595,0.3,1777937422
All Pools,MIM - SB,0.3,False,34.11,5752.94,0.08527,0.54,1777937422
All Pools,ggAVAX - AVAX,0.04,False,33.63,370.98,0.00357,0.35,1777937422
All Pools,UST - USDC,0.3,False,32.04,499.94,0.0801,5.85,1777937422
All Pools,MIM - WETH.e,0.3,False,31.7,1462.71,0.07924,1.98,1777937422
All Pools,USDC.e - USDC,0.02,False,30.21,17000.0,0.00343,0.01,1777937422
All Pools,SECOND - AVAX,0.3,False,28.38,1771.55,0.07095,1.46,1777937422
All Pools,SECOND - USDC,0.3,False,28.38,7212.2,0.07095,0.36,1777937422
All Pools,AVAX - SOLNIC,0.3,False,27.78,4728.12,0.06946,0.54,1777937422
All Pools,CAT - AVAX,0.3,False,27.75,1966.96,0.06938,1.29,1777937422
All Pools,RGOGLZ - USDC,0.3,False,26.83,1589.4,0.06706,1.54,1777937422
All Pools,APIX - ARENA,0.3,False,26.31,2344.7,0.06577,1.02,1777937422
All Pools,Psychic - AVAX,0.3,False,24.55,1183.37,0.06138,1.89,1777937422
All Pools,CATCH - AVAX,0.3,False,24.42,306.36,0.06105,7.27,1777937422
All Pools,XROSS - ORNG,0.3,False,22.58,484.07,0.05646,4.26,1777937422
All Pools,BOI - AVAX,0.3,False,21.37,80.61,0.05343,24.19,1777937422
All Pools,BLSEYE🎯 - AVAX,0.3,False,21.13,6045.51,0.05282,0.32,1777937422
All Pools,DCAU - AVAX,0.3,False,20.3,1270.2,0.05074,1.46,1777937422
All Pools,GUN - BLSEYE🎯,0.3,False,19.61,961.52,0.04903,1.86,1777937422
All Pools,USDt - ncash,0.3,False,19.45,1136.54,0.04863,1.56,1777937422
All Pools,MEAT - AVAX,0.3,False,19.44,5352.67,0.0486,0.33,1777937422
All Pools,HOWDY - USDC,0.3,False,19.22,8068.04,0.04806,0.22,1777937422
All Pools,HATCHY - AVAX,0.3,False,19.15,9794.7,0.04787,0.18,1777937422
All Pools,DCAU - USDT.e,0.3,False,18.79,5319.42,0.04697,0.32,1777937422
All Pools,PRIME - AVAX,0.4,False,18.74,99701.0,0.1038,0.04,1777937422
All Pools,ORNG - FLUX,0.3,False,18.31,360.87,0.04577,4.63,1777937422
All Pools,HAREM - AVAX,0.3,False,16.84,127.76,0.0421,12.03,1777937422
All Pools,Psychic - XAUt0,0.3,False,16.57,6925.64,0.04142,0.22,1777937422
All Pools,USDC.e - USDT.e,0.3,False,16.45,40284.0,0.04112,0.04,1777937422
All Pools,DAI.e - USDt,0.25,False,16.38,20972.0,0.03914,0.07,1777937422
All Pools,USDV - AVAX,0.25,False,16.2,1828.86,0.06335,1.26,1777937422
All Pools,DATCM - ORNG,0.3,False,16.01,488.28,0.04002,2.99,1777937422
All Pools,WOM - AVAX,0.3,False,15.65,841.23,0.03913,1.7,1777937422
All Pools,USDC.e - DAI.e,0.3,False,15.57,22696.0,0.03893,0.06,1777937422
All Pools,GUN - AVAX,0.3,False,15.49,448.65,0.03872,3.15,1777937422
All Pools,ORNG - MOOM,0.3,False,15.3,398.6,0.03824,3.5,1777937422
All Pools,AVAX - CLY,0.3,False,15.23,59960.0,0.03808,0.02,1777937422
All Pools,GURS - AVAX,0.3,False,15.04,7689.02,0.03759,0.18,1777937422
All Pools,YUSD - AVAX,0.3,False,14.92,134.43,0.03729,10.12,1777937422
All Pools,AVAX - STICK,0.3,False,14.34,2152.77,0.03586,0.61,1777937422
All Pools,MAI - AVAX,0.3,False,14.03,1820.61,0.03507,0.7,1777937422
All Pools,AVAX - rsAVAX,0.3,False,13.75,225.1,0.03436,5.57,1777937422
All Pools,LUNA - AVAX,0.3,False,13.73,167.64,0.03433,7.47,1777937422
All Pools,AVAX - PEFI,0.3,False,13.43,4528.88,0.03357,0.27,1777937422
All Pools,COQ - AVAX,0.8,False,12.98,4794.28,0.10608,0.81,1777937422
All Pools,AVAX - DOMI,0.3,False,12.68,17383.0,0.03169,0.07,1777937422
All Pools,SVETA - AVAX,0.3,False,12.39,1394.8,0.03098,0.81,1777937422
All Pools,ZRO - AVAX,0.3,False,12.38,204.36,0.03094,5.53,1777937422
All Pools,ORNG - JUCI,0.3,False,12.11,499.57,0.03028,2.21,1777937422
All Pools,SYN - AVAX,0.3,False,11.74,2767.68,0.02936,0.39,1777937422
All Pools,SHRAP - DOMI,0.3,False,11.15,289.32,0.02788,3.52,1777937422
All Pools,Ush - AVAX,0.3,False,10.84,2835.13,0.02709,0.35,1777937422
All Pools,PTOP1000 - AVAX,0.1,False,10.54,637.33,0.01056,0.6,1777937422
All Pools,ORNG - SAI,0.3,False,10.24,288.02,0.02561,3.25,1777937422
All Pools,WINK - AVAX,0.3,False,10.16,78.6,0.02541,11.8,1777937422
All Pools,CHAMP - ARENA,0.3,False,10.15,17.11,0.02538,54.13,1777937422
All Pools,AVAXAI - USDC,0.3,False,9.73,1726.12,0.02433,0.51,1777937422
All Pools,YOU - ORNG,0.3,False,9.653,3227.76,0.02413,0.27,1777937422
All Pools,FITFI - USDT.e,0.3,False,9.375,372.56,0.02344,2.3,1777937422
All Pools,MMTH - AVAX,0.3,False,9.214,0.02364,0.02303,35566.31,1777937422
All Pools,ACS - AVAX,0.3,False,9.079,224.92,0.0227,3.68,1777937422
All Pools,AVAX - SQRCAT,0.3,False,8.594,5963.69,0.02148,0.13,1777937422
All Pools,MDG - USDT.e,0.3,False,8.547,18085.0,0.02137,0.04,1777937422
All Pools,MDG - USDC.e,0.3,False,8.547,9807.04,0.02137,0.08,1777937422
All Pools,avUSD - sAVAX,0.3,False,8.358,264.64,0.0209,2.88,1777937422
All Pools,AVAX - ELK,0.3,False,8.125,1727.36,0.02031,0.43,1777937422
All Pools,JPYC - USDC,0.3,False,7.85,351.68,0.01962,2.04,1777937422
All Pools,USDC - GAU,0.3,False,7.81,12235.0,0.01953,0.06,1777937422
All Pools,KINGSHIT - AVAX,0.3,False,7.181,5039.05,0.01795,0.13,1777937422
All Pools,LINK.e - USDT.e,0.3,False,7.174,237.0,0.01793,2.76,1777937422
All Pools,CATWIF - AVAX,0.3,False,7.006,3282.69,0.01752,0.19,1777937422
All Pools,USV - DAI.e,0.3,False,6.89,4264.41,0.01723,0.15,1777937422
All Pools,WBTC.e - USDT.e,0.3,False,6.644,174.51,0.01661,3.47,1777937422
All Pools,WETH - USDC.e,0.3,False,6.348,230.23,0.01587,2.52,1777937422
All Pools,WBTC.e - ONION,0.3,False,6.156,411.56,0.01539,1.36,1777937422
All Pools,EMUN - AVAX,0.3,False,5.715,2415.84,0.01429,0.22,1777937422
All Pools,MYST - AVAX,0.3,False,5.702,911.64,0.01425,0.57,1777937422
All Pools,ROCO - AVAX,0.3,False,5.386,1292.02,0.01346,0.38,1777937422
All Pools,agEUR - USDC,0.3,False,5.38,63.95,0.01345,7.68,1777937422
All Pools,PNG - JOE,0.3,False,5.339,170.8,0.01335,2.85,1777937422
All Pools,SWIFT - USDC.e,0.3,False,5.131,542.45,0.01283,0.86,1777937422
All Pools,WETH.e - ONION,0.3,False,5.099,274.85,0.01275,1.69,1777937422
All Pools,LINK.e - USDC.e,0.3,False,5.058,197.37,0.01264,2.34,1777937422
All Pools,YEEHAW - CHAMP,0.3,False,4.966,2379.73,0.01241,0.19,1777937422
All Pools,RPEPE - AVAX,0.3,False,4.857,6372.56,0.01214,0.07,1777937422
All Pools,HUSKY - JOE,0.3,False,4.82,175.32,0.01205,2.51,1777937422
All Pools,YAK - USDC.e,0.3,False,4.632,216.75,0.01158,1.95,1777937422
All Pools,APOW - AVAX,0.3,False,4.614,1083.05,0.01154,0.39,1777937422
All Pools,SWIFT - WETH.e,0.3,False,4.344,1646.47,0.01086,0.24,1777937422
All Pools,LUNA - AVAX,0.3,False,4.299,24.36,0.01075,16.1,1777937422
All Pools,AVAX - aXEN,0.3,False,4.204,79.38,0.01051,4.83,1777937422
All Pools,BLSEYE🎯 - ARENA,0.3,False,4.032,1176.19,0.01008,0.31,1777937422
All Pools,ISA - USDC.e,0.3,False,3.964,491.98,0.00991,0.74,1777937422
All Pools,REDWOLF - AVAX,0.3,False,3.81,503.27,0.00953,0.69,1777937422
All Pools,DPS - AVAX,0.3,False,3.805,222.74,0.00951,1.56,1777937422
All Pools,DPS - USDC,0.3,False,3.804,1940.46,0.00951,0.18,1777937422
All Pools,AVAX - IMPACT2,0.3,False,3.743,170.57,0.00936,2.0,1777937422
All Pools,WETH.e - USDT.e,0.3,False,3.712,168.08,0.00928,2.02,1777937422
All Pools,ISA - AVAX,0.3,False,3.654,1474.81,0.00914,0.23,1777937422
All Pools,REDWOLF - USDC,0.3,False,3.499,203.3,0.00875,1.57,1777937422
All Pools,MYST - USDC,0.3,False,3.491,256.34,0.00873,1.24,1777937422
All Pools,LIQR - AVAX,0.3,False,3.413,52018.0,0.00853,0.01,1777937422
All Pools,USDC.e - ONION,0.3,False,3.413,386.41,0.00853,0.81,1777937422
All Pools,AVAX - AMI,0.3,False,3.23,540.56,0.00807,0.55,1777937422
All Pools,AVAX - ONION,0.3,False,3.218,182.69,0.00805,1.61,1777937422
All Pools,USDT.e - CLY,0.3,False,3.171,263.95,0.00793,1.1,1777937422
All Pools,BTC.b - TOPIA,0.3,False,3.088,312.27,0.00772,0.9,1777937422
All Pools,FXS - AVAX,0.3,False,3.051,444.49,0.00763,0.63,1777937422
All Pools,USDt - IMPACT2,0.3,False,2.911,71.92,0.00728,3.69,1777937422
All Pools,USDT.e - DAI.e,0.3,False,2.849,7316.11,0.00712,0.04,1777937422
All Pools,AVAX - SOCK,0.3,False,2.811,3339.51,0.00703,0.08,1777937422
All Pools,USDC - SOCK,0.3,False,2.792,487.81,0.00698,0.52,1777937422
All Pools,Now - AVAX,0.3,False,2.736,267.88,0.00684,0.93,1777937422
All Pools,TINU - AVAX,0.3,False,2.724,1356.18,0.00681,0.18,1777937422
All Pools,MAGICK - AVAX,0.3,False,2.667,355.81,0.00667,0.68,1777937422
All Pools,MAGICK - USDC,0.3,False,2.667,240.64,0.00667,1.01,1777937422
All Pools,BTC.b - IMPACT2,0.3,False,2.665,1280.1,0.00666,0.19,1777937422
All Pools,AVAX - FRAX,0.3,False,2.594,274.24,0.00648,0.86,1777937422
All Pools,AVAX - TIME,0.3,False,2.456,1214.56,0.00614,0.18,1777937422
All Pools,BLSEYE🎯 - BEAM,0.3,False,2.356,344.08,0.00589,0.62,1777937422
All Pools,Gravity - AVAX,0.3,False,2.333,339.68,0.00583,0.63,1777937422
All Pools,APOW - USDt,0.3,False,2.327,168.66,0.00582,1.26,1777937422
All Pools,USDT.e - ONION,0.3,False,2.327,772.33,0.00582,0.27,1777937422
All Pools,pAVAX - AVAX,0.3,False,2.305,1715.76,0.00576,0.12,1777937422
All Pools,APOW - USDC,0.3,False,2.29,169.03,0.00573,1.24,1777937422
All Pools,HOST - DAI.e,0.3,False,2.243,2614.64,0.00561,0.08,1777937422
All Pools,LF - AVAX,0.3,False,2.145,294.64,0.00536,0.66,1777937422
All Pools,MIM - LF,0.3,False,2.145,911.33,0.00536,0.21,1777937422
All Pools,LORD - AVAX,0.3,False,2.109,1960.51,0.00527,0.1,1777937422
All Pools,SHOE - AVAX,0.3,False,2.029,665.3,0.00507,0.28,1777937422
All Pools,eeee - AVAX,0.3,False,2.023,,0.00506,200820.6,1777937422
All Pools,67 - AVAX,0.3,False,2.022,0.0035,0.00505,52689.32,1777937422
All Pools,NOCHILL - OX,0.3,False,1.994,12475.0,0.00498,0.01,1777937422
All Pools,UST - USDT.e,0.3,False,1.938,45.02,0.00485,3.93,1777937422
All Pools,XAUt0 - Now,0.3,False,1.903,707.89,0.00476,0.25,1777937422
All Pools,USDC.e - MU,0.3,False,1.855,13453.0,0.00464,0.01,1777937422
All Pools,AVAX - NaughtiusMaximus,0.3,False,1.81,443.86,0.00453,0.37,1777937422
All Pools,XAUt0 - NaughtiusMaximus,0.3,False,1.809,1044.67,0.00452,0.16,1777937422
All Pools,DON - AVAX,0.3,False,1.801,4895.78,0.0045,0.03,1777937422
All Pools,DCAU - USDC,0.3,False,1.79,151.46,0.00448,1.08,1777937422
All Pools,FollowTheWhiteRabbit - BLACK,0.3,False,1.779,1176.98,0.00445,0.14,1777937422
All Pools,Trinity - AVAX,0.3,False,1.742,1038.9,0.00435,0.15,1777937422
All Pools,HUSKY - AMI,0.3,False,1.742,82.47,0.00435,1.93,1777937422
All Pools,USDC.e - AVVO,0.3,False,1.703,252.54,0.00426,0.62,1777937422
All Pools,PIZZA - AVAX,0.3,False,1.684,514.45,0.00421,0.3,1777937422
All Pools,USDt - USDT.e,0.3,False,1.674,20404.0,0.00418,0.01,1777937422
All Pools,USDC - SHRAP,0.3,False,1.66,27.76,0.00415,5.46,1777937422
All Pools,COQ - OX,0.3,False,1.636,12656.0,0.00409,0.01,1777937422
All Pools,BEAR - AVAX,0.3,False,1.619,7322.95,0.00405,0.02,1777937422
All Pools,MIM - PEFI,0.3,False,1.601,204.95,0.004,0.71,1777937422
All Pools,AVAX - ELK,0.3,False,1.567,69.0,0.00392,2.07,1777937422
All Pools,KIWI - AVAX,0.3,False,1.511,116.94,0.00378,1.18,1777937422
All Pools,TRESR - AVAX,0.3,False,1.511,14936.0,0.00378,0.01,1777937422
All Pools,KIWI - USDC,0.3,False,1.493,312.09,0.00373,0.44,1777937422
All Pools,AVAX - LUCKY,0.3,False,1.463,4113.33,0.00366,0.03,1777937422
All Pools,BANKSY - USDT.e,0.3,False,1.399,1563.85,0.0035,0.08,1777937422
All Pools,BANKSY - AVAX,0.3,False,1.399,174.22,0.0035,0.73,1777937422
All Pools,USDC - NXUSD,0.3,False,1.39,3.517,0.00348,36.07,1777937422
All Pools,CRA - AVAX,0.3,False,1.381,10155.0,0.00345,0.01,1777937422
All Pools,XAUt0 - Gravity,0.3,False,1.377,396.29,0.00344,0.32,1777937422
All Pools,GENI - USDC,0.3,False,1.369,1479.01,0.00342,0.08,1777937422
All Pools,SMRTr - AVAX,0.3,False,1.358,36932.0,0.0034,0.0,1777937422
All Pools,SMRTr - USDC.e,0.3,False,1.353,126.15,0.00338,0.98,1777937422
All Pools,JOE - USDT,0.3,False,1.336,363.66,0.00334,0.34,1777937422
All Pools,AVAX - ChristMark,0.3,False,1.335,358.35,0.00334,0.34,1777937422
All Pools,DREGG - AVAX,0.3,False,1.328,181.44,0.00332,0.67,1777937422
All Pools,DREGG - USDT.e,0.3,False,1.325,549.17,0.00331,0.22,1777937422
All Pools,DAI.e - ONION,0.3,False,1.324,352.65,0.00331,0.34,1777937422
All Pools,GENI - AVAX,0.3,False,1.323,74.23,0.00331,1.63,1777937422
All Pools,AVAX - USDT,0.3,False,1.315,2013.59,0.00329,0.06,1777937422
All Pools,SHOE - BTC.b,0.3,False,1.29,849.0,0.00322,0.14,1777937422
All Pools,FollowTheWhiteRabbit - AVAX,0.3,False,1.29,165.57,0.00322,0.71,1777937422
All Pools,COQ - BLSEYE🎯,0.3,False,1.271,215.61,0.00318,0.54,1777937422
All Pools,AVAX - TUS,0.3,False,1.268,8187.99,0.00317,0.01,1777937422
All Pools,COQ - NOCHILL,0.3,False,1.244,14.34,0.00311,7.91,1777937422
All Pools,AVAX - MU,0.3,False,1.24,89.19,0.0031,1.27,1777937422
All Pools,VPND - AVAX,0.3,False,1.171,25848.0,0.00293,0.0,1777937422
All Pools,COQ - OSAK,0.3,False,1.164,36.65,0.00291,2.9,1777937422
All Pools,XAUt0 - ChristMark,0.3,False,1.128,688.74,0.00282,0.15,1777937422
All Pools,BUSD - AVAX,0.3,False,1.089,421.34,0.00272,0.24,1777937422
All Pools,AVAX - SMRT,0.3,False,1.08,2368.88,0.0027,0.04,1777937422
All Pools,NOCHILL - KET,0.3,False,1.073,15.51,0.00268,6.31,1777937422
All Pools,Gravity - BLACK,0.3,False,1.061,1066.68,0.00265,0.09,1777937422
All Pools,USDC - LODE,0.3,False,1.053,883.23,0.00263,0.11,1777937422
All Pools,USDT.e - SMRT,0.3,False,1.012,107.51,0.00253,0.86,1777937422
All Pools,MONEY - AVAX,0.3,False,0.9988,634.16,0.0025,0.14,1777937422
All Pools,Trinity - BLACK,0.3,False,0.9917,563.83,0.00248,0.16,1777937422
All Pools,LUEEGI - AVAX,0.3,False,0.98903,1598.36,0.00247,0.06,1777937422
All Pools,MM - USDC,0.3,False,0.98201,84.11,0.00246,1.07,1777937422
All Pools,MM - AVAX,0.3,False,0.97949,134.51,0.00245,0.66,1777937422
All Pools,KALM - USDC,0.3,False,0.9371,84.83,0.00234,1.01,1777937422
All Pools,KALM - AVAX,0.3,False,0.93707,127.0,0.00234,0.67,1777937422
All Pools,SWIFT - AVAX,0.3,False,0.92194,310.86,0.0023,0.27,1777937422
All Pools,HOST - AVAX,0.3,False,0.92061,107.52,0.0023,0.78,1777937422
All Pools,JOE - EXP,0.3,False,0.90657,13399272.0,0.00227,,1777937422
All Pools,PTOP1100 - TOPIA,0.3,False,0.90456,151.49,0.00226,0.54,1777937422
All Pools,STATIK - AVAX,0.3,False,0.88838,44.61,0.00222,1.82,1777937422
All Pools,AVAX - AVVO,0.3,False,0.88145,305.87,0.0022,0.26,1777937422
All Pools,ABC - AVAX,0.3,False,0.86512,1087.64,0.00216,0.07,1777937422
All Pools,AVAX - GME,0.3,False,0.85858,711.53,0.00215,0.11,1777937422
All Pools,MIM - TIME,0.3,False,0.83468,122.13,0.00209,0.62,1777937422
All Pools,Trinity - Psychic,0.3,False,0.81884,545.04,0.00205,0.14,1777937422
All Pools,MAXI - DAI.e,0.3,False,0.81784,236.6,0.00204,0.32,1777937422
All Pools,USDC - SPT,0.3,False,0.78155,40.9,0.00195,1.74,1777937422
All Pools,MaryMagdalene - AVAX,0.3,False,0.76572,225.14,0.00191,0.31,1777937422
All Pools,AVAX - ZUBAX,0.3,False,0.75619,117.34,0.00189,0.59,1777937422
All Pools,AAVE.e - REDWOLF,0.3,False,0.7513,161.83,0.00188,0.42,1777937422
All Pools,ZUBAX - USDT.e,0.3,False,0.73735,184.98,0.00184,0.36,1777937422
All Pools,WBTC.e - REDWOLF,0.3,False,0.7369,59.71,0.00184,1.13,1777937422
All Pools,50 - USDC,0.3,False,0.73629,120.91,0.00184,0.56,1777937422
All Pools,50 - AVAX,0.3,False,0.73628,76.74,0.00184,0.88,1777937422
All Pools,SYMBIOT - AVAX,0.3,False,0.73236,92.54,0.00183,0.72,1777937422
All Pools,Psychic - BLACK,0.3,False,0.72538,464.2,0.00181,0.14,1777937422
All Pools,SYMBIOT - DAI.e,0.3,False,0.71684,471.79,0.00179,0.14,1777937422
All Pools,FollowTheWhiteRabbit - LuciferMorningstar,0.3,False,0.69269,3639.52,0.00173,0.02,1777937422
All Pools,LINK.e - REDWOLF,0.3,False,0.69175,82.33,0.00173,0.77,1777937422
All Pools,AVAX - KONG,0.3,False,0.68798,7498.61,0.00172,0.01,1777937422
All Pools,Orange - AVAX,0.3,False,0.68015,87.5,0.0017,0.71,1777937422
All Pools,JEWEL - USDC,0.3,False,0.67402,4520.97,0.00169,0.01,1777937422
All Pools,Gladiator - AVAX,0.3,False,0.66445,3.723,0.00166,16.29,1777937422
All Pools,MaryMagdalene - XAUt0,0.3,False,0.66236,1924.7,0.00166,0.03,1777937422
All Pools,USDT.e - MU,0.3,False,0.657,254.9,0.00164,0.24,1777937422
All Pools,AVAX - SHRAP,0.3,False,0.64761,17.5,0.00162,3.38,1777937422
All Pools,AVAX - SPELL,0.3,False,0.63348,2779.45,0.00158,0.02,1777937422
All Pools,bCASH - NOCHILL,0.3,False,0.62623,19.21,0.00157,2.97,1777937422
All Pools,Trinity - LuciferMorningstar,0.3,False,0.6192,351724543.0,0.00155,,1777937422
All Pools,FITFI - AVAX,0.3,False,0.61462,39.4,0.00154,1.42,1777937422
All Pools,WETH.e - USDC,0.3,False,0.61424,22.8,0.00154,2.46,1777937422
All Pools,USDC - aXEN,0.3,False,0.60937,9.403,0.00152,5.91,1777937422
All Pools,SOL - USDC,0.3,False,0.60805,24.05,0.00152,2.31,1777937422
All Pools,AVAX - mYAK,0.3,False,0.58834,58.41,0.00147,0.92,1777937422
All Pools,Psychic - Now,0.3,False,0.58183,631.24,0.00145,0.08,1777937422
All Pools,Now - BLACK,0.3,False,0.57424,442.5,0.00144,0.12,1777937422
All Pools,AVAX - APE - X,0.3,False,0.57386,663.7,0.00143,0.08,1777937422
All Pools,YEEHAW - BTC.b,0.3,False,0.56849,128.78,0.00142,0.4,1777937422
All Pools,BTC.b - SPT,0.3,False,0.56175,40.0,0.0014,1.28,1777937422
All Pools,YEEHAW - AVAX,0.3,False,0.55589,31.91,0.00139,1.59,1777937422
All Pools,MU - DAI.e,0.3,False,0.5544,245.22,0.00139,0.21,1777937422
All Pools,Gladiator - USDC,0.3,False,0.5385,565.29,0.00135,0.09,1777937422
All Pools,LadyMary - AVAX,0.3,False,0.53344,366.01,0.00133,0.13,1777937422
All Pools,FEED - AVAX,0.3,False,0.53274,9355.54,0.00133,0.01,1777937422
All Pools,AVAX - PENDLE,0.3,False,0.53102,7792.06,0.00133,0.01,1777937422
All Pools,HUSKY - MUG,0.3,False,0.52766,23.27,0.00132,2.07,1777937422
All Pools,MIM - wsOHM,0.3,False,0.5274,1100.03,0.00132,0.04,1777937422
All Pools,Gladiator - AMI,0.3,False,0.49803,370.63,0.00125,0.12,1777937422
All Pools,Orange - DivineFeminine,0.3,False,0.49709,1100.74,0.00124,0.04,1777937422
All Pools,COQ - BOOTY,0.3,False,0.4965,11.08,0.00124,4.09,1777937422
All Pools,USDt - RUX,0.3,False,0.48871,16106.0,0.00122,0.0,1777937422
All Pools,RUX - AVAX,0.3,False,0.48866,30.45,0.00122,1.46,1777937422
All Pools,GUN - AMI,0.3,False,0.48256,22.47,0.00121,1.96,1777937422
All Pools,UNI.e - REDWOLF,0.3,False,0.47421,10.73,0.00119,4.03,1777937422
All Pools,LUNA - LUNA,0.3,False,0.46844,3.173,0.00117,13.47,1777937422
All Pools,COQ - JUICE,0.3,False,0.46056,48.58,0.00115,0.87,1777937422
All Pools,MIM - MU,0.3,False,0.4483,253.1,0.00112,0.16,1777937422
All Pools,WETH.e - REDWOLF,0.3,False,0.44474,102.76,0.00111,0.39,1777937422
All Pools,gOHM - wsOHM,0.3,False,0.43241,37.58,0.00108,1.05,1777937422
All Pools,ZRO - USDC,0.3,False,0.43099,5.755,0.00108,6.83,1777937422
All Pools,IMPACT2 - EURC,0.3,False,0.43041,47.21,0.00108,0.83,1777937422
All Pools,Trinity - LadyMary,0.3,False,0.42494,11196.0,0.00106,0.0,1777937422
All Pools,BLS - USDt,0.3,False,0.42041,119.98,0.00105,0.32,1777937422
All Pools,USDC - CHAM,0.3,False,0.42021,49.93,0.00105,0.77,1777937422
All Pools,CQK - AVAX,0.3,False,0.41899,132.35,0.00105,0.29,1777937422
All Pools,TECH - OX,0.3,False,0.41895,5029.32,0.00105,0.01,1777937422
All Pools,CQK - USDC,0.3,False,0.41891,35.32,0.00105,1.08,1777937422
All Pools,AftermathsKobe - AVAX,0.3,False,0.41445,295.23,0.00104,0.13,1777937422
All Pools,Psychic - AftermathsKobe,0.3,False,0.41359,324.64,0.00103,0.12,1777937422
All Pools,AVAX - TOPIA,0.3,False,0.41352,528.01,0.00103,0.07,1777937422
All Pools,NOCHILL - AMI,0.3,False,0.40582,5.674,0.00101,6.53,1777937422
All Pools,FERT - AVAX,0.3,False,0.40094,811.91,0.001,0.05,1777937422
All Pools,WETH.e - SURE,0.3,False,0.39924,1099.98,,0.03,1777937422
All Pools,AVAX - MUG,0.3,False,0.39109,352.97,,0.1,1777937422
All Pools,CommieSukey - AVAX,0.3,False,0.38855,290.72,,0.12,1777937422
All Pools,Psychic - CommieSukey,0.3,False,0.38803,318.75,,0.11,1777937422
All Pools,AVAX - ARENA,0.3,False,0.38559,81.22,,0.43,1777937422
All Pools,CGS - USDC.e,0.3,False,0.38148,159.31,,0.22,1777937422
All Pools,CGS - AVAX,0.3,False,0.38141,66.68,,0.52,1777937422
All Pools,USDC - yyAVAX,0.3,False,0.38019,14.24,,2.44,1777937422
All Pools,USDC - USD+,0.3,False,0.3734,33.07,,1.03,1777937422
All Pools,AI - AVAX,0.3,False,0.37017,4358.45,,0.01,1777937422
All Pools,TRACTOR - AVAX,0.3,False,0.36915,14945.0,,0.0,1777937422
All Pools,Meaning - AVAX,0.3,False,0.36869,454.93,,0.07,1777937422
All Pools,Psychic - Meaning,0.3,False,0.36797,313.25,,0.11,1777937422
All Pools,Trinity - Gravity,0.3,False,0.36777,2463.62,,0.01,1777937422
All Pools,DivineFeminine - Gravity,0.3,False,0.36582,2323.04,,0.01,1777937422
All Pools,CANS - AVAX,0.3,False,0.36498,12.98,,2.57,1777937422
All Pools,VEE - USDC,0.3,False,0.35269,32.49,,0.99,1777937422
All Pools,Jjj - AVAX,0.3,False,0.34225,291.1,,0.11,1777937422
All Pools,DFIAT - USDT.e,0.3,False,0.34203,28.32,,1.1,1777937422
All Pools,APIX - LAMBO,0.3,False,0.34158,564.7,,0.06,1777937422
All Pools,Psychic - Jjj,0.3,False,0.34155,319.86,,0.1,1777937422
All Pools,TSD - AVAX,0.3,False,0.33705,322.6,,0.1,1777937422
All Pools,BLS - SHRAP,0.3,False,0.33604,9.843,,3.12,1777937422
All Pools,Anon - AVAX,0.3,False,0.33075,14.34,,2.1,1777937422
All Pools,oXAUT - AVAX,0.3,False,0.32834,525.56,,0.06,1777937422
All Pools,BTC.b - oXAUT,0.3,False,0.32821,379.78,,0.08,1777937422
All Pools,KRW - AVAX,0.3,False,0.32725,457.21,,0.07,1777937422
All Pools,JOE - KRW,0.3,False,0.32715,237.21,,0.13,1777937422
All Pools,USDT.e - DUO,0.3,False,0.32255,57.6,,0.51,1777937422
All Pools,AVAX - DUO,0.3,False,0.32251,71.24,,0.41,1777937422
All Pools,BENIS - NOCHILL,0.3,False,0.32067,4.573,,6.4,1777937422
All Pools,AVAX - MeaningOfNumbers,0.3,False,0.31637,290.91,,0.1,1777937422
All Pools,USDt - REDWOLF,0.3,False,0.31619,14.98,,1.93,1777937422
All Pools,Psychic - MeaningOfNumbers,0.3,False,0.31575,319.99,,0.09,1777937422
All Pools,AVAX - XPOW,0.3,False,0.3144,40.17,,0.71,1777937422
All Pools,AVAX - BlackAndGold,0.3,False,0.31431,292.44,,0.1,1777937422
All Pools,Psychic - BlackAndGold,0.3,False,0.31385,319.47,,0.09,1777937422
All Pools,sAVAX - COQ,0.3,False,0.30613,94.48,,0.3,1777937422
All Pools,DFIAT - AVAX,0.3,False,0.30351,7567.81,,0.0,1777937422
All Pools,BRO - COQ,0.3,False,0.30254,208.39,,0.13,1777937422
All Pools,SLUSH - USDT.e,0.3,False,0.30167,60.31,,0.46,1777937422
All Pools,SLUSH - AVAX,0.3,False,0.30164,59.06,,0.47,1777937422
All Pools,BRO - AVAX,0.3,False,0.30091,140574.0,,,1777937422
All Pools,Ducks - AVAX,0.3,False,0.29984,290.89,,0.09,1777937422
All Pools,AVAX - APOW,0.3,False,0.29955,39.72,,0.69,1777937422
All Pools,Psychic - Ducks,0.3,False,0.29929,319.88,,0.09,1777937422
All Pools,SURE - DAI.e,0.3,False,0.29716,28.19,,0.96,1777937422
All Pools,BTC.b - HOWDY,0.3,False,0.29609,186.7,,0.14,1777937422
All Pools,AVAX - BLACK,0.3,False,0.29496,6.053,,4.45,1777937422
All Pools,AVVO - DAI.e,0.3,False,0.29096,39.73,,0.67,1777937422
All Pools,PTOP900 - TOPIA,0.3,False,0.29008,104.4,,0.25,1777937422
All Pools,GAINS - AVAX,0.3,False,0.28569,41.21,,0.63,1777937422
All Pools,HOWDY - AVAX,0.3,False,0.28057,21266.0,,0.0,1777937422
All Pools,WBTC.e - USDC.e,0.3,False,0.28025,9.047,,2.83,1777937422
All Pools,AVAT - USDC,0.3,False,0.27552,40.67,,0.62,1777937422
All Pools,USDC.e - WISE,0.3,False,0.27324,46.15,,0.54,1777937422
All Pools,AVAX - WISE,0.3,False,0.27319,79.04,,0.32,1777937422
All Pools,MIM - FORT,0.3,False,0.27181,18128.0,,0.0,1777937422
All Pools,AVAX - FORT,0.3,False,0.27181,39.28,,0.63,1777937422
All Pools,BOI - MU,0.3,False,0.26989,1.271,,19.37,1777937422
All Pools,AVAX - MILO,0.3,False,0.26983,1157.69,,0.02,1777937422
All Pools,USDt - MILO,0.3,False,0.26981,17.23,,1.43,1777937422
All Pools,NOCHILL - REDWOLF,0.3,False,0.26931,3.295,,7.46,1777937422
All Pools,Psychic - Xmas,0.3,False,0.26872,300.55,,0.08,1777937422
All Pools,AVAI - AVAX,0.3,False,0.26803,29.44,,0.83,1777937422
All Pools,miMatic - USDC.e,0.3,False,0.2664,23.37,,1.04,1777937422
All Pools,Hopi - AVAX,0.3,False,0.26539,216.68,,0.11,1777937422
All Pools,Hopi - Now,0.3,False,0.26518,714.21,,0.03,1777937422
All Pools,wsOHM - AVAX,0.3,False,0.26014,22.19,,1.07,1777937422
All Pools,AVAX - Prometheus,0.3,False,0.25297,284.07,,0.08,1777937422
All Pools,Psychic - Prometheus,0.3,False,0.25245,311.02,,0.07,1777937422
All Pools,AVAX - SPT,0.3,False,0.25232,16.52,,1.39,1777937422
All Pools,Psychic - Sinterklaas,0.3,False,0.24977,317.09,,0.07,1777937422
All Pools,AVAX - CHAM,0.3,False,0.24844,32.89,,0.69,1777937422
All Pools,AVAX - Wej,0.3,False,0.24802,291.61,,0.08,1777937422
All Pools,AVAX - BJOE,0.3,False,0.24783,1398.12,,0.02,1777937422
All Pools,Psychic - Wej,0.3,False,0.2475,319.69,,0.07,1777937422
All Pools,ArniStitch - AVAX,0.3,False,0.24154,290.9,,0.08,1777937422
All Pools,Psychic - ArniStitch,0.3,False,0.24107,319.88,,0.07,1777937422
All Pools,avax0 - AVAX,0.3,False,0.2402,6.97,,3.14,1777937422
All Pools,Xmas - AVAX,0.3,False,0.23784,273.96,,0.08,1777937422
All Pools,MIM - USDC.e,0.3,False,0.23747,1992.76,,0.01,1777937422
All Pools,TOPIA - PTOP800,0.3,False,0.23296,147.22,,0.14,1777937422
All Pools,GLOBA - AVAX,0.3,False,0.2313,51.63,,0.41,1777937422
All Pools,ACS - USDC.e,0.3,False,0.23106,5.755,,3.66,1777937422
All Pools,HEFE - GAINS,0.3,False,0.22749,6.378,,3.25,1777937422
All Pools,BOI - AMI,0.3,False,0.22653,1.081,,19.12,1777937422
All Pools,USDC.e - WXT,0.3,False,0.22555,290.86,,0.07,1777937422
All Pools,AVAX - All,0.3,False,0.2253,292.79,,0.07,1777937422
All Pools,Psychic - All,0.3,False,0.22487,319.65,,0.06,1777937422
All Pools,AVAX - RedFolder,0.3,False,0.22326,291.42,,0.07,1777937422
All Pools,DéjàVu - Gravity,0.3,False,0.22288,208.16,,0.1,1777937422
All Pools,Psychic - RedFolder,0.3,False,0.2228,319.75,,0.06,1777937422
All Pools,GLOBA - DAI.e,0.3,False,0.22145,52.69,,0.38,1777937422
All Pools,Serpentarius - AVAX,0.3,False,0.22139,295.92,,0.07,1777937422
All Pools,Psychic - Serpentarius,0.3,False,0.2209,324.2,,0.06,1777937422
All Pools,USDT.e - ZABU,0.3,False,0.21792,48.47,,0.41,1777937422
All Pools,MIM - PAPA,0.3,False,0.21641,414.91,,0.05,1777937422
All Pools,PAPA - AVAX,0.3,False,0.21638,30.76,,0.64,1777937422
All Pools,MIM - USDC,0.3,False,0.21572,76.65,,0.26,1777937422
All Pools,AVAX - SNOB,0.3,False,0.21219,977.65,,0.02,1777937422
All Pools,USDT - ETH,0.3,False,0.21087,216.93,,0.09,1777937422
All Pools,MerryXmas - AVAX,0.3,False,0.2106,268.39,,0.07,1777937422
All Pools,USDC - BVAX,0.3,False,0.2076,30.96,,0.61,1777937422
All Pools,SUB - USDC,0.3,False,0.20758,13.43,,1.41,1777937422
All Pools,EGG - AVAX,0.3,False,0.20728,23363.0,,,1777937422
All Pools,METAG - AVAX,0.3,False,0.20057,24.53,,0.75,1777937422
All Pools,NeatestQuackery - AVAX,0.3,False,0.20029,290.58,,0.06,1777937422
All Pools,Psychic - NeatestQuackery,0.3,False,0.19993,319.95,,0.06,1777937422
All Pools,WOLF - MU,0.3,False,0.19751,4.79,,3.76,1777937422
All Pools,DiamondbackGall - AVAX,0.3,False,0.1902,292.84,,0.06,1777937422
All Pools,AMI - TOPIA,0.3,False,0.19015,222.82,,0.08,1777937422
All Pools,Psychic - DiamondbackGall,0.3,False,0.18984,319.92,,0.05,1777937422
All Pools,UST - USDC,0.3,False,0.18745,4.596,,3.72,1777937422
All Pools,FollowTheWhiteRabbit - TheGospelOfMary,0.3,False,0.18673,157.24,,0.11,1777937422
All Pools,AVAX - TheGospelOfMary,0.3,False,0.18655,158.78,,0.11,1777937422
All Pools,HEFE - CANS,0.3,False,0.18639,4.61,,3.69,1777937422
All Pools,USDt - DXN,0.3,False,0.18223,216.1,,0.08,1777937422
All Pools,KIMBO - CANS,0.3,False,0.17951,393.62,,0.04,1777937422
All Pools,Psychic - MerryXmas,0.3,False,0.17869,294.28,,0.06,1777937422
All Pools,DogL - AVAX,0.3,False,0.17868,292.82,,0.06,1777937422
All Pools,Psychic - DogL,0.3,False,0.17834,319.93,,0.05,1777937422
All Pools,USDC.e - SOL,0.3,False,0.17834,41.96,,0.39,1777937422
All Pools,BrideOfChrist - AVAX,0.3,False,0.17649,89.46,,0.18,1777937422
All Pools,AVAT - AVAX,0.3,False,0.17369,21.59,,0.73,1777937422
All Pools,DCAU - MIM,0.3,False,0.17214,311.29,,0.05,1777937422
All Pools,BrideOfChrist - FollowTheWhiteRabbit,0.3,False,0.17065,728.06,,0.02,1777937422
All Pools,WOLF - AMI,0.3,False,0.1698,3.882,,3.99,1777937422
All Pools,AVAX - ZABU,0.3,False,0.16842,30.4,,0.51,1777937422
All Pools,USDt - XPOW,0.3,False,0.16811,20.32,,0.75,1777937422
All Pools,MELT - AVAX,0.3,False,0.16548,24.99,,0.6,1777937422
All Pools,Chemistry - AVAX,0.3,False,0.16337,89.48,,0.17,1777937422
All Pools,Matter - AVAX,0.3,False,0.16124,80.32,,0.18,1777937422
All Pools,Orange - Matter,0.3,False,0.16089,8945.02,,0.0,1777937422
All Pools,AVAX - NXUSD,0.3,False,0.16006,0.49075,,29.76,1777937422
All Pools,TickTock - AVAX,0.3,False,0.15722,89.31,,0.16,1777937422
All Pools,USDt - APOW,0.3,False,0.15706,20.31,,0.71,1777937422
All Pools,TickTock - Now,0.3,False,0.15701,904.82,,0.02,1777937422
All Pools,DivineFeminine - AVAX,0.3,False,0.15605,6.228,,2.29,1777937422
All Pools,gOHM - SB,0.3,False,0.15289,15.41,,0.91,1777937422
All Pools,USDT.e - EXP,0.3,False,0.15189,44253149.0,,,1777937422
All Pools,Beyond - AVAX,0.3,False,0.15096,89.14,,0.15,1777937422
All Pools,Beyond - Orange,0.3,False,0.15067,4399.74,,0.0,1777937422
All Pools,BTC.b - REDWOLF,0.3,False,0.14961,120.4,,0.11,1777937422
All Pools,Christmas - AVAX,0.3,False,0.14789,248.66,,0.05,1777937422
All Pools,USDC - XPOW,0.3,False,0.14627,20.36,,0.66,1777937422
All Pools,MIM - BLANC,0.3,False,0.14457,8430.38,,0.0,1777937422
All Pools,AVAX - BLANC,0.3,False,0.14456,22.02,,0.6,1777937422
All Pools,Psychic - Miller,0.3,False,0.14392,436.07,,0.03,1777937422
All Pools,Chemistry - Now,0.3,False,0.14346,905.19,,0.01,1777937422
All Pools,USDC - APOW,0.3,False,0.14242,20.29,,0.64,1777937422
All Pools,FLAKE - USDT.e,0.3,False,0.14133,51.07,,0.25,1777937422
All Pools,FLAKE - AVAX,0.3,False,0.14131,21.48,,0.6,1777937422
All Pools,YEEHAW - ARENA,0.3,False,0.13688,2.351,,5.31,1777937422
All Pools,NOCHILL - MU,0.3,False,0.13678,2.042,,6.11,1777937422
All Pools,AVAX - SDOG,0.3,False,0.13607,10.24,,1.21,1777937422
All Pools,LUNA - USDC,0.3,False,0.13357,1.64,,7.43,1777937422
All Pools,USDC - SDOG,0.3,False,0.13049,485.42,,0.02,1777937422
All Pools,TOMB - USDC,0.3,False,0.13005,10.71,,1.11,1777937422
All Pools,miMatic - AVAX,0.3,False,0.12862,36.99,,0.32,1777937422
All Pools,METAG - USDt,0.3,False,0.12736,16.18,,0.72,1777937422
All Pools,SOB - LUNA,0.3,False,0.12727,1.44,,8.06,1777937422
All Pools,SURE - USDC.e,0.3,False,0.127,23.71,,0.49,1777937422
All Pools,Light - AVAX,0.3,False,0.12672,89.42,,0.13,1777937422
All Pools,Light - Now,0.3,False,0.12649,905.72,,0.01,1777937422
All Pools,Sanskrit - AVAX,0.3,False,0.12596,89.45,,0.13,1777937422
All Pools,Sanskrit - Now,0.3,False,0.12567,906.14,,0.01,1777937422
All Pools,AVAX - Strength,0.3,False,0.12529,141.05,,0.08,1777937422
All Pools,FollowTheWhiteRabbit - DivineFeminine,0.3,False,0.12508,677.85,,0.02,1777937422
All Pools,BTC.b - USDC,0.3,False,0.12502,4.705,,2.42,1777937422
All Pools,AVAX - Mentor,0.3,False,0.12424,89.06,,0.13,1777937422
All Pools,Now - Mentor,0.3,False,0.1241,902.64,,0.01,1777937422
All Pools,GURS - NOCHILL,0.3,False,0.12317,1.841,,6.1,1777937422
All Pools,YETI - AVAX,0.3,False,0.12008,3307.76,,0.0,1777937422
All Pools,AVAX - GAU,0.3,False,0.11895,9.194,,1.18,1777937422
All Pools,LIBRE - USDC.e,0.3,False,0.11688,14.91,,0.72,1777937422
All Pools,LUNA - USDt,0.3,False,0.11658,1.555,,6.84,1777937422
All Pools,Silver - AVAX,0.3,False,0.11351,87.97,,0.12,1777937422
All Pools,Silver - Now,0.3,False,0.11331,907.16,,0.01,1777937422
All Pools,CNR - USDC,0.3,False,0.11168,4.835,,2.11,1777937422
All Pools,YEEHAW - USDC,0.3,False,0.11154,12.74,,0.8,1777937422
All Pools,MELT - USDT.e,0.3,False,0.1108,30.98,,0.33,1777937422
All Pools,UST - UST,0.3,False,0.11012,2.012,,5.0,1777937422
All Pools,Solar - AVAX,0.3,False,0.10994,89.68,,0.11,1777937422
All Pools,Solar - Now,0.3,False,0.10987,908.37,,0.01,1777937422
All Pools,ALOT - USDC.e,0.3,False,0.10974,9.303,,1.08,1777937422
All Pools,LadyMary - FollowTheWhiteRabbit,0.3,False,0.10905,649.6,,0.02,1777937422
All Pools,Go - AVAX,0.3,False,0.10838,140.1,,0.07,1777937422
All Pools,Psychic - DéjàVu,0.3,False,0.1071,196.9,,0.05,1777937422
All Pools,KLO - USDT.e,0.3,False,0.10602,5.631,,1.72,1777937422
All Pools,Yellow - AVAX,0.3,False,0.10584,265.2,,0.04,1777937422
All Pools,Blue - AVAX,0.3,False,0.10544,263.01,,0.04,1777937422
All Pools,WINK - NOCHILL,0.3,False,0.10496,0.82986,,11.54,1777937422
All Pools,FollowTheWhiteRabbit - Priory,0.3,False,0.10475,926.26,,0.01,1777937422
All Pools,NineHundred - AVAX,0.3,False,0.10473,140.08,,0.07,1777937422
All Pools,BLUB - AVAX,0,False,0.1047,47.21,0.0,0.0,1777937422
All Pools,Priory - AVAX,0.3,False,0.10465,76.93,,0.12,1777937422
All Pools,3QF - D - AVAX,0.3,False,0.10164,1792.5,,0.01,1777937422
All Pools,Uncontractable - AVAX,0.3,False,0.10154,87.89,,0.11,1777937422
All Pools,Uncontractable - Now,0.3,False,0.10137,885.59,,0.01,1777937422
All Pools,3QF - D - WETH.e,0.3,False,0.10135,3174.72,,0.0,1777937422
All Pools,ORNG - JUICE,0.3,False,0.10124,2.761,,3.35,1777937422
All Pools,Gold - AVAX,0.3,False,0.10079,89.49,,0.1,1777937422
All Pools,Gold - Now,0.3,False,0.10064,906.43,,0.01,1777937422
All Pools,MAJIN - REDWOLF,0.3,False,0.0999,7.074,,1.29,1777937422
All Pools,Hydrogen - AVAX,0.3,False,0.09942,262.96,,0.03,1777937422
All Pools,SLIME - AVAX,0.3,False,0.09841,21816.0,,,1777937422
All Pools,SLIME - USDt,0.3,False,0.09838,7.402,,1.21,1777937422
All Pools,GAS - AVAX,0.3,False,0.09827,231.64,,0.04,1777937422
All Pools,AVAX - Propriety,0.3,False,0.09779,89.14,,0.1,1777937422
All Pools,Now - Propriety,0.3,False,0.09758,904.83,,0.01,1777937422
All Pools,USDC.e - NXUSD,0.3,False,0.09721,1.651,,5.37,1777937422
All Pools,Christmas - Merovingian,0.3,False,0.09712,117.34,,0.08,1777937422
All Pools,$Crazy - AVAX,0.3,False,0.0967,1012.71,,0.01,1777937422
All Pools,Now - Merovingian,0.3,False,0.09665,69.85,,0.13,1777937422
All Pools,Necromancer - AVAX,0.3,False,0.09662,89.26,,0.1,1777937422
All Pools,AVAX - √Root,0.3,False,0.09657,89.16,,0.1,1777937422
All Pools,Now - √Root,0.3,False,0.09645,903.1,,0.01,1777937422
All Pools,Now - Necromancer,0.3,False,0.09644,904.21,,0.01,1777937422
All Pools,AVAX - LuciferMorningstar,0.3,False,0.09639,14.6,,0.6,1777937422
All Pools,MAJIN - MU,0.3,False,0.09607,4.44,,1.97,1777937422
All Pools,AVAX - NEMO,0.3,False,0.09502,7.828,,1.11,1777937422
All Pools,USDt - NEMO,0.3,False,0.09501,97.11,,0.09,1777937422
All Pools,LINDA - AVAX,0.3,False,0.09477,2109.43,,0.0,1777937422
All Pools,USDC - USDT.e,0.3,False,0.09447,154.54,,0.06,1777937422
All Pools,RUGPULL - MUG,0.3,False,0.09406,185.91,,0.05,1777937422
All Pools,MIM - AUSD,0.3,False,0.09353,35.29,,0.24,1777937422
All Pools,wsOHM - USDC.e,0.3,False,0.09331,42.5,,0.2,1777937422
All Pools,AVAX - STRAW,0.3,False,0.09191,15.71,,0.53,1777937422
All Pools,Psychic - Blue,0.3,False,0.09182,82.29,,0.1,1777937422
All Pools,AVAX - Teste,0.3,False,0.09065,88.45,,0.09,1777937422
All Pools,Now - Teste,0.3,False,0.09051,907.42,,0.01,1777937422
All Pools,Slope - AVAX,0.3,False,0.09039,89.44,,0.09,1777937422
All Pools,JOE - ZABU,0.3,False,0.09038,18.53,,0.45,1777937422
All Pools,rloop - AVAX,0.3,False,0.0902,6310.81,,0.0,1777937422
All Pools,Slope - Now,0.3,False,0.0902,904.03,,0.01,1777937422
All Pools,NOCHILL - WAIFU,0.3,False,0.08923,149.91,,0.05,1777937422
All Pools,AVAX - Sinterklaas,0.3,False,0.0884,139.19,,0.06,1777937422
All Pools,DAI.e - STRAW,0.3,False,0.08796,34.08,,0.24,1777937422
All Pools,Strength - Sinterklaas,0.3,False,0.0871,1666.99,,0.0,1777937422
All Pools,Gil - AVAX,0.3,False,0.08705,17.06,,0.47,1777937422
All Pools,HEFE - AMI,0.3,False,0.08643,1.895,,4.16,1777937422
All Pools,aAvaLINK - AVAX,0.3,False,0.08596,9.618,,0.82,1777937422
All Pools,Psychic - Hydrogen,0.3,False,0.08576,82.63,,0.09,1777937422
All Pools,LINK.e - MU,0.3,False,0.08572,7.54,,1.04,1777937422
All Pools,BUSD - USDC,0.3,False,0.08533,7.729,,1.01,1777937422
All Pools,Void - AVAX,0.3,False,0.08497,87.6,,0.09,1777937422
All Pools,Void - Now,0.3,False,0.0848,907.24,,0.01,1777937422
All Pools,BANKSY - USDC.e,0.3,False,0.08457,31.23,,0.25,1777937422
All Pools,BANKSY - AVAX,0.3,False,0.08454,23.31,,0.33,1777937422
All Pools,Gil - DAI.e,0.3,False,0.08329,28.33,,0.27,1777937422
All Pools,AVAX - Nala,0.3,False,0.08269,25.77,,0.29,1777937422
All Pools,PTOP1300 - TOPIA,0.3,False,0.08188,97.1,,0.08,1777937422
All Pools,H2O - AVAX,0.3,False,0.0808,22.57,,0.33,1777937422
All Pools,UNIQOC - AVAX,0.3,False,0.07967,1144.04,,0.01,1777937422
All Pools,ZUM - NOCHILL,0.3,False,0.07681,1.173,,5.97,1777937422
All Pools,Psychic - Stolen,0.3,False,0.07658,85.74,,0.08,1777937422
All Pools,JPYC - USDC.e,0.3,False,0.07652,4.798,,1.46,1777937422
All Pools,BTC.b - MU,0.3,False,0.07421,11.41,,0.59,1777937422
All Pools,WDAO - MIM,0.3,False,0.07373,23.56,,0.29,1777937422
All Pools,WDAO - AVAX,0.3,False,0.07371,19.79,,0.34,1777937422
All Pools,Psychic - Yellow,0.3,False,0.07345,82.88,,0.08,1777937422
All Pools,Miller - AVAX,0.3,False,0.07343,90.9,,0.07,1777937422
All Pools,MU - COQAI,0.3,False,0.07329,6.498,,1.03,1777937422
All Pools,CNR - USDt,0.3,False,0.07328,4.856,,1.38,1777937422
All Pools,METAG - USDT.e,0.3,False,0.07317,49.69,,0.13,1777937422
All Pools,RoselineBloodline - AVAX,0.3,False,0.07038,44.34,,0.14,1777937422
All Pools,FollowTheWhiteRabbit - RoselineBloodline,0.3,False,0.07038,41.44,,0.15,1777937422
All Pools,Who - AVAX,0.3,False,0.06981,139.8,,0.05,1777937422
All Pools,NotBrideOfChrist - AVAX,0.3,False,0.06965,68.85,,0.09,1777937422
All Pools,AVAX - Blessing,0.3,False,0.06954,80.18,,0.08,1777937422
All Pools,Now - Blessing,0.3,False,0.0694,807.72,,0.01,1777937422
All Pools,Mungo - AVAX,0.3,False,0.06843,41.25,,0.15,1777937422
All Pools,DéjàVu - Mungo,0.3,False,0.06835,183.44,,0.03,1777937422
All Pools,bECH - AVAX,0.3,False,0.06724,21.56,,0.28,1777937422
All Pools,LoveYou - AVAX,0.3,False,0.06682,61.55,,0.1,1777937422
All Pools,LoveYou - Gravity,0.3,False,0.06675,56.78,,0.11,1777937422
All Pools,MIM - GG,0.3,False,0.06542,293.83,,0.02,1777937422
All Pools,AVAX - GG,0.3,False,0.06541,9.517,,0.63,1777937422
All Pools,SOB - AVAX,0.3,False,0.06439,552.59,,0.01,1777937422
All Pools,UNIQOC - COQ,0.3,False,0.0641,54.74,,0.11,1777937422
All Pools,CHAMP - AMI,0.3,False,0.06366,38.47,,0.15,1777937422
All Pools,MIM - SPELL,0.3,False,0.06293,7.595,,0.76,1777937422
All Pools,NotBrideOfChrist - Miller,0.3,False,0.06268,21877.0,,,1777937422
All Pools,AVAX - KET,0.3,False,0.06228,37.91,,0.15,1777937422
All Pools,MIM - GG,0.3,False,0.06169,23.52,,0.24,1777937422
All Pools,GG - AVAX,0.3,False,0.06169,12.44,,0.45,1777937422
All Pools,wMEMO - AVAX,0.3,False,0.06121,13.83,,0.4,1777937422
All Pools,AVAX - SantaGospel,0.3,False,0.06054,133.96,,0.04,1777937422
All Pools,Vaccine - AVAX,0.3,False,0.06022,87.87,,0.06,1777937422
All Pools,Vaccine - Now,0.3,False,0.06018,896.94,,0.01,1777937422
All Pools,FINANCE - NOCHILL,0.3,False,0.05996,445.75,,0.01,1777937422
All Pools,TRYB - USDC.e,0.3,False,0.05992,31.28,,0.17,1777937422
All Pools,USDR - USDC,0.3,False,0.059,41.05,,0.13,1777937422
All Pools,COQ - AMI,0.3,False,0.0586,14.08,,0.38,1777937422
All Pools,Go - Sinterklaas,0.3,False,0.05835,1660.08,,0.0,1777937422
All Pools,meGNX - AVAX,0.3,False,0.05776,17.66,,0.3,1777937422
All Pools,Stolen - AVAX,0.3,False,0.05757,17.68,,0.3,1777937422
All Pools,wMEMO - MIM,0.3,False,0.05757,20.69,,0.25,1777937422
All Pools,Psychic - Who,0.3,False,0.05636,74.47,,0.07,1777937422
All Pools,MELT - USDC.e,0.3,False,0.05469,31.28,,0.16,1777937422
All Pools,BrideOfChrist - BLACK,0.3,False,0.0546,33.1,,0.15,1777937422
All Pools,MPL - USDt,0.3,False,0.05372,30.81,,0.16,1777937422
All Pools,MPL - AVAX,0.3,False,0.0537,6.191,,0.79,1777937422
All Pools,Apollyon - AVAX,0.3,False,0.05313,36.58,,0.13,1777937422
All Pools,Apollyon - LuciferMorningstar,0.3,False,0.05307,235003480.0,,,1777937422
All Pools,MaryMagdalene - Gravity,0.3,False,0.05279,131.48,,0.04,1777937422
All Pools,AMI - COQAI,0.3,False,0.05118,4.141,,1.13,1777937422
All Pools,DUO - USDT.e,0.3,False,0.0507,7.271,,0.64,1777937422
All Pools,GOLD - AVAX,0.3,False,0.04973,0.00687,,660.3,1777937422
All Pools,Psychic - NineHundred,0.3,False,0.04951,73.64,,0.06,1777937422
All Pools,JOE - ZUBAX,0.3,False,0.04876,9.084,,0.49,1777937422
All Pools,MaryMagdalene - BrideOfChrist,0.3,False,0.04866,119.35,,0.04,1777937422
All Pools,DéjàVu - AVAX,0.3,False,0.0476,44.51,,0.1,1777937422
All Pools,MIM - SBR,0.3,False,0.04757,39.94,,0.11,1777937422
All Pools,SBR - AVAX,0.3,False,0.04756,7.369,,0.59,1777937422
All Pools,USDC.e - WOLF,0.3,False,0.04738,8.754,,0.49,1777937422
All Pools,AVAX - WOLF,0.3,False,0.04737,73.94,,0.06,1777937422
All Pools,TrumpTower - AVAX,0.3,False,0.04615,160.56,,0.03,1777937422
All Pools,TrumpTower - Gravity,0.3,False,0.04612,76.22,,0.06,1777937422
All Pools,AVAX - EROL,0.3,False,0.04571,39.44,,0.11,1777937422
All Pools,MIM - NADO,0.3,False,0.04556,1160.1,,0.0,1777937422
All Pools,AVAX - NADO,0.3,False,0.04555,7.756,,0.54,1777937422
All Pools,REDWOLF - SOL,0.3,False,0.04551,75.15,,0.06,1777937422
All Pools,Chrism - ChristMark,0.3,False,0.04539,179.29,,0.02,1777937422
All Pools,Psychic - SantaGospel,0.3,False,0.04497,73.68,,0.06,1777937422
All Pools,MELT - AVAX,0.3,False,0.04478,1139.98,,0.0,1777937422
All Pools,Trinity - Nala,0.3,False,0.04388,41.0,,0.1,1777937422
All Pools,MIM - LIFE,0.3,False,0.04345,66.72,,0.06,1777937422
All Pools,LIFE - AVAX,0.3,False,0.04345,7.231,,0.55,1777937422
All Pools,USDT.e - TMT,0.3,False,0.04322,25.98,,0.15,1777937422
All Pools,AVAX - TMT,0.3,False,0.04321,7.09,,0.56,1777937422
All Pools,WORM - AVAX,0.3,False,0.04314,393.55,,0.01,1777937422
All Pools,MELT - USDC.e,0.3,False,0.04269,7.05,,0.55,1777937422
All Pools,NineHundred - Sinterklaas,0.3,False,0.04268,1659.54,,0.0,1777937422
All Pools,KrisKringle - AVAX,0.3,False,0.04254,26.14,,0.15,1777937422
All Pools,KrisKringle - Gravity,0.3,False,0.04252,77.71,,0.05,1777937422
All Pools,USDC.e - UST,0.3,False,0.04248,1.797,,2.16,1777937422
All Pools,BENSI - AMI,0.3,False,0.04163,3.347,,1.14,1777937422
All Pools,TruthClosure - BLACK,0.3,False,0.04163,25.83,,0.15,1777937422
All Pools,HIGHER - AVAX,0.3,False,0.04162,1.862,,2.04,1777937422
All Pools,USDT.e - BOREA,0.3,False,0.04145,26.7,,0.14,1777937422
All Pools,AVAX - BOREA,0.3,False,0.04144,6.729,,0.56,1777937422
All Pools,Trinity - Stolen,0.3,False,0.04098,29.77,,0.13,1777937422
All Pools,USDT.e - XAVA,0.3,False,0.04081,11.29,,0.33,1777937422
All Pools,ICUBE - USDT.e,0.3,False,0.04063,107.89,,0.03,1777937422
All Pools,ICUBE - AVAX,0.3,False,0.04061,6.352,,0.58,1777937422
All Pools,AVAX - LYLY,0.3,False,0.04025,72.59,,0.05,1777937422
All Pools,USDC - WSPP,0.3,False,0.04018,44.04,,0.08,1777937422
All Pools,AVAX - WSPP,0.3,False,0.04018,2.99,,1.23,1777937422
All Pools,BNB - AVAX,0.3,False,0.04007,4095.52,,,1777937422
All Pools,aAvaLINK - meGNX,0.3,False,0.03978,10.66,,0.34,1777937422
All Pools,ACS - USDt,0.3,False,0.03927,1.042,,3.44,1777937422
All Pools,TEDDY - AVAX,0.3,False,0.03907,16.82,,0.21,1777937422
All Pools,WarpSpeed - AVAX,0.3,False,0.03885,139.32,,0.03,1777937422
All Pools,Psychic - Nala,0.3,False,0.03884,269.8,,0.01,1777937422
All Pools,Gravity - WarpSpeed,0.3,False,0.03884,84.89,,0.04,1777937422
All Pools,HOWDY - NOCHILL,0.3,False,0.03829,1.077,,3.24,1777937422
All Pools,Psychic - Christmas,0.3,False,0.03786,43.97,,0.08,1777937422
All Pools,USDC - MXNB,0.3,False,0.03766,27.43,,0.13,1777937422
All Pools,SURE - AVAX,0.3,False,0.0375,7.196,,0.48,1777937422
All Pools,HEFE - HIGHER,0.3,False,0.0371,0.95737,,3.54,1777937422
All Pools,RACEX - MUG,0.3,False,0.03645,178.98,,0.02,1777937422
All Pools,Psychic - Go,0.3,False,0.03616,73.92,,0.04,1777937422
All Pools,BTC.b - yyAVAX,0.3,False,0.03597,5.569,,0.59,1777937422
All Pools,REDWOLF - SHRAP,0.3,False,0.03544,1.133,,2.85,1777937422
All Pools,Four - AVAX,0.3,False,0.03542,74.5,,0.04,1777937422
All Pools,wALGO - AVAX,0.3,False,0.03482,163.19,,0.02,1777937422
All Pools,wALGO - USDC,0.3,False,0.03481,2.838,,1.12,1777937422
All Pools,gOHM - JOE,0.3,False,0.03465,3.876,,0.82,1777937422
All Pools,DrainTheSwamp - AVAX,0.3,False,0.03457,37.57,,0.08,1777937422
All Pools,WETH.e - MU,0.3,False,0.03399,2.065,,1.5,1777937422
All Pools,LOST - AVAX,0.3,False,0.03381,1658.26,,0.0,1777937422
All Pools,ELE - AVAX,0.3,False,0.0326,124.31,,0.02,1777937422
All Pools,Satoshi - AVAX,0.3,False,0.03258,19.15,,0.16,1777937422
All Pools,Satoshi - Gravity,0.3,False,0.03255,54.97,,0.05,1777937422
All Pools,3ULL - AVAX,0.3,False,0.03253,47.71,,0.06,1777937422
All Pools,AVAX - HustleTappers,0.3,False,0.03198,55.58,,0.05,1777937422
All Pools,Gravity - HustleTappers,0.3,False,0.03197,24.02,,0.12,1777937422
All Pools,ChristMark - ChristIAmYou,0.3,False,0.03168,26.11,,0.11,1777937422
All Pools,SHERPA - AVAX,0.3,False,0.03168,130.51,,0.02,1777937422
All Pools,WETH.e - USDR,0.3,False,0.03153,2.806,,1.03,1777937422
All Pools,MerryXmas - ChristMark,0.3,False,0.03151,80.08,,0.04,1777937422
All Pools,Christmas - Xmas,0.3,False,0.03149,74.28,,0.04,1777937422
All Pools,RUG - USDT.e,0.3,False,0.03129,14.73,,0.19,1777937422
All Pools,GMX - USDC,0.3,False,0.03105,0.91994,,3.08,1777937422
All Pools,FatherChristmas - AVAX,0.3,False,0.03088,53.38,,0.05,1777937422
All Pools,FatherChristmas - Gravity,0.3,False,0.03082,21.71,,0.13,1777937422
All Pools,PNG - REDWOLF,0.3,False,0.03013,4.247,,0.65,1777937422
All Pools,Milk - USDT.e,0.3,False,0.02966,14.43,,0.19,1777937422
All Pools,Milk - AVAX,0.3,False,0.02964,6.631,,0.41,1777937422
All Pools,WhollySphere - AVAX,0.3,False,0.02957,50.8,,0.05,1777937422
All Pools,WhollySphere - Gravity,0.3,False,0.02957,22.91,,0.12,1777937422
All Pools,AVAX - Vaccinations,0.3,False,0.02865,18.39,,0.14,1777937422
All Pools,Gravity - Vaccinations,0.3,False,0.02863,61.67,,0.04,1777937422
All Pools,BTC.b - GMX,0.3,False,0.02849,1.587,,1.64,1777937422
All Pools,WINK - MU,0.3,False,0.02809,0.46187,,5.55,1777937422
All Pools,USDT.e - GOT,0.3,False,0.02805,12.83,,0.2,1777937422
All Pools,AVAX - GOT,0.3,False,0.02804,5.248,,0.49,1777937422
All Pools,OH - AVAX,0.3,False,0.02794,93.68,,0.03,1777937422
All Pools,Nakamoto - AVAX,0.3,False,0.02779,18.4,,0.14,1777937422
All Pools,Gravity - Nakamoto,0.3,False,0.02778,61.84,,0.04,1777937422
All Pools,MerryChristmas - AVAX,0.3,False,0.02774,18.43,,0.14,1777937422
All Pools,MerryChristmas - Gravity,0.3,False,0.02772,61.89,,0.04,1777937422
All Pools,AVAX - IMPACT,0.3,False,0.02771,6.283,,0.4,1777937422
All Pools,USDt - IMPACT,0.3,False,0.0277,3.361,,0.75,1777937422
All Pools,WLRS - USDC.e,0.3,False,0.02742,4518.44,,,1777937422
All Pools,XIO - AVAX,0.3,False,0.02739,2.819,,0.89,1777937422
All Pools,XIO - USDC,0.3,False,0.02739,24.52,,0.1,1777937422
All Pools,WETH.e - yyAVAX,0.3,False,0.02716,19.39,,0.13,1777937422
All Pools,WOLF - USDT.e,0.3,False,0.02658,4.103,,0.59,1777937422
All Pools,WOLF - AVAX,0.3,False,0.02657,71.22,,0.03,1777937422
All Pools,USDC.e - SPADE,0.3,False,0.02656,16.12,,0.15,1777937422
All Pools,AVAX - SPADE,0.3,False,0.02655,6.051,,0.4,1777937422
All Pools,3ULL - USDt,0.3,False,0.02632,2.54,,0.95,1777937422
All Pools,HEFE - Always,0.3,False,0.02619,0.95554,,2.5,1777937422
All Pools,Trinity - Sinterklaas,0.3,False,0.02607,26.05,,0.09,1777937422
All Pools,CodexKennyMin - AVAX,0.3,False,0.02584,24.98,,0.09,1777937422
All Pools,AVAX - USDR,0.3,False,0.02575,2.984,,0.79,1777937422
All Pools,BSGG - AVAX,0.3,False,0.02566,3.862,,0.61,1777937422
All Pools,USDT.e - AVVO,0.3,False,0.02518,4.065,,0.57,1777937422
All Pools,BNZ - WINK,0.3,False,0.02506,0.42404,,5.39,1777937422
All Pools,NOCHILL - ARENA,0.3,False,0.02471,0.41296,,5.46,1777937422
All Pools,LoveIsTheKey - AVAX,0.3,False,0.02471,14.97,,0.15,1777937422
All Pools,Psychic - Strength,0.3,False,0.02436,74.63,,0.03,1777937422
All Pools,WalkTheWalkNowJesus - AVAX,0.3,False,0.02426,24.87,,0.09,1777937422
All Pools,WalkTheWalkNowJesus - Gravity,0.3,False,0.02425,25.38,,0.09,1777937422
All Pools,AVAX - Ouroboros,0.3,False,0.02387,21.7,,0.1,1777937422
All Pools,ARENA - MU,0.3,False,0.02386,3.325,,0.65,1777937422
All Pools,AVAX - LookingGlass,0.3,False,0.02345,16.14,,0.13,1777937422
All Pools,Gravity - McdonaldTrouped,0.3,False,0.02344,22.85,,0.09,1777937422
All Pools,McdonaldTrouped - AVAX,0.3,False,0.02343,50.64,,0.04,1777937422
All Pools,Gravity - LookingGlass,0.3,False,0.02339,182.57,,0.01,1777937422
All Pools,Wingdings - Gravity,0.3,False,0.02318,21.84,,0.1,1777937422
All Pools,Wingdings - AVAX,0.3,False,0.02318,50.78,,0.04,1777937422
All Pools,FollowTheWhiteRabbit - TruthClosure,0.3,False,0.02314,45.61,,0.05,1777937422
All Pools,DrainTheSwamp - Gravity,0.3,False,0.02254,22.52,,0.09,1777937422
All Pools,YAK - JOE,0.3,False,0.02227,1.219,,1.67,1777937422
All Pools,QI - LYLY,0.3,False,0.02222,2.732,,0.74,1777937422
All Pools,AAVE.e - USDT.e,0.3,False,0.02208,2.584,,0.78,1777937422
All Pools,AUSD - HUSKY,0.3,False,0.02157,0.73018,,2.7,1777937422
All Pools,MU - WAIFU,0.3,False,0.02155,100.09,,0.02,1777937422
All Pools,KOKSAL - AVAX,0.3,False,0.02125,3.544,,0.55,1777937422
All Pools,KOKSAL - USDC,0.3,False,0.02124,4.784,,0.41,1777937422
All Pools,Gravity - ChristMark,0.3,False,0.02123,15.42,,0.13,1777937422
All Pools,AVAX - EROL,0,False,0.02116,74.71,0.0,0.0,1777937422
All Pools,$AVA - AVAX,0.3,False,0.02112,536.69,,0.0,1777937422
All Pools,AVAX - JUICY,0.3,False,0.02101,3046.71,,,1777937422
All Pools,bCASH - LINK.e,0.3,False,0.0209,382.26,,0.0,1777937422
All Pools,QI - REDWOLF,0.3,False,0.02087,1.58,,1.21,1777937422
All Pools,FollowTheWhiteRabbit - StatueOfLiberty,0.3,False,0.02084,510.93,,0.0,1777937422
All Pools,StatueOfLiberty - AVAX,0.3,False,0.02083,14.8,,0.13,1777937422
All Pools,HIGHER - NOCHILL,0.3,False,0.02039,0.32459,,5.73,1777937422
All Pools,XOMB - USDT.e,0.3,False,0.02023,2.413,,0.76,1777937422
All Pools,CodexKennyMin - FollowTheWhiteRabbit,0.3,False,0.02023,21.86,,0.08,1777937422
All Pools,XOMB - AVAX,0.3,False,0.02022,21.45,,0.09,1777937422
All Pools,ARA - AVAX,0.3,False,0.02021,2.84,,0.65,1777937422
All Pools,BGLD - USDT.e,0.3,False,0.02019,16.92,,0.11,1777937422
All Pools,BGLD - AVAX,0.3,False,0.02019,4.369,,0.42,1777937422
All Pools,AVAX - SwiftTaylor,0.3,False,0.01992,14.67,,0.12,1777937422
All Pools,CNR - AVAX,0.3,False,0.01989,61.66,,0.03,1777937422
All Pools,HCT - AVAX,0.3,False,0.01957,3.381,,0.53,1777937422
All Pools,USDC.e - RUG,0.3,False,0.01949,24.82,,0.07,1777937422
All Pools,COQ - REDWOLF,0.3,False,0.01948,12.35,,0.14,1777937422
All Pools,COQ - KOVIN,0.3,False,0.01937,13.0,,0.14,1777937422
All Pools,KOVIN - AVAX,0.3,False,0.01932,3196.48,,,1777937422
All Pools,AVAX - TT,0.3,False,0.01921,1.929,,0.91,1777937422
All Pools,Christmas - Yellow,0.3,False,0.01863,965.09,,0.0,1777937422
All Pools,TruthClosure - AVAX,0.3,False,0.01852,11.58,,0.15,1777937422
All Pools,MIM - DAI.e,0.3,False,0.01839,52.14,,0.03,1777937422
All Pools,SMRT - XAVA,0.3,False,0.01837,2.895,,0.58,1777937422
All Pools,KIWI - USDt,0.3,False,0.01819,20.55,,0.08,1777937422
All Pools,COQ - LYLY,0.3,False,0.01807,15.33,,0.11,1777937422
All Pools,Four - Found,0.3,False,0.01773,1847.7,,,1777937422
All Pools,AVAX - DUA,0.3,False,0.01747,2.079,,0.77,1777937422
All Pools,DUA - USDC,0.3,False,0.01746,11.62,,0.14,1777937422
All Pools,USDT.e - iBONE,0.3,False,0.01746,4.812,,0.33,1777937422
All Pools,AVAX - iBONE,0.3,False,0.01746,5.422,,0.29,1777937422
All Pools,ILoveYouWordSpell - AVAX,0.3,False,0.01745,18.24,,0.09,1777937422
All Pools,ILoveYouWordSpell - Gravity,0.3,False,0.01744,101.84,,0.02,1777937422
All Pools,JOE - CRA,0.3,False,0.01742,11.01,,0.14,1777937422
All Pools,SodomAndGomorrah - AVAX,0.3,False,0.01741,19.24,,0.08,1777937422
All Pools,Trinity - SodomAndGomorrah,0.3,False,0.0174,22.66,,0.07,1777937422
All Pools,COQ - MU,0.3,False,0.01711,4.561,,0.34,1777937422
All Pools,AVAX - LAST,0.3,False,0.017,1046.65,,0.0,1777937422
All Pools,YEEHAW - AMI,0.3,False,0.01699,9.492,,0.16,1777937422
All Pools,ZH - JOE,0.3,False,0.01619,2.804,,0.53,1777937422
All Pools,ZH - USDC.e,0.3,False,0.01619,22.87,,0.06,1777937422
All Pools,Trinity - Yeshua,0.3,False,0.01563,34.56,,0.04,1777937422
All Pools,AVAX - Yeshua,0.3,False,0.01562,29.36,,0.05,1777937422
All Pools,BLACK - SantaGospel,0.3,False,0.01547,4.779,,0.3,1777937422
All Pools,FTOMB - AVAX,0.3,False,0.01534,10225.0,,,1777937422
All Pools,ValentinMidwifes - Gravity,0.3,False,0.01531,38.62,,0.04,1777937422
All Pools,UNIQOC - WOLF,0.3,False,0.01502,0.42791,,3.2,1777937422
All Pools,AVAX - GematrixDotOrg,0.3,False,0.01479,16.61,,0.08,1777937422
All Pools,Gravity - GematrixDotOrg,0.3,False,0.01476,12.91,,0.1,1777937422
All Pools,TokenZ - USDC,0.3,False,0.01466,3.799,,0.35,1777937422
All Pools,TokenZ - AVAX,0.3,False,0.01465,2.412,,0.55,1777937422
All Pools,RUGG - AVAX,0.3,False,0.01454,350.4,,0.0,1777937422
All Pools,GOOD - GAINS,0.3,False,0.01432,3.784,,0.35,1777937422
All Pools,BTC.b - SOB,0.3,False,0.01431,1.131,,1.16,1777937422
All Pools,GOOD - AVAX,0.3,False,0.01427,152.19,,0.01,1777937422
All Pools,SUB - AVAX,0.3,False,0.01422,20.97,,0.06,1777937422
All Pools,USDC - COSMIC,0.3,False,0.01409,54.57,,0.02,1777937422
All Pools,AVAX - COSMIC,0.3,False,0.01408,1.256,,1.02,1777937422
All Pools,LoveIsTheKey - FollowTheWhiteRabbit,0.3,False,0.01391,64.38,,0.02,1777937422
All Pools,Strength - BLACK,0.3,False,0.01388,4.812,,0.26,1777937422
All Pools,Go - BLACK,0.3,False,0.01385,4.808,,0.26,1777937422
All Pools,AVAX - Wormwood,0.3,False,0.0138,17.07,,0.07,1777937422
All Pools,Gravity - Wormwood,0.3,False,0.0138,15.34,,0.08,1777937422
All Pools,AVAX - WOHM,0.3,False,0.01376,3.375,,0.37,1777937422
All Pools,MIM - WOHM,0.3,False,0.01375,85.74,,0.01,1777937422
All Pools,AVAX - SantaClaus,0.3,False,0.01372,24.71,,0.05,1777937422
All Pools,Gravity - SantaClaus,0.3,False,0.01371,11.85,,0.11,1777937422
All Pools,USDV - REDWOLF,0.3,False,0.01367,18.16,,0.07,1777937422
All Pools,Yellow - BLACK,0.3,False,0.01364,4.842,,0.26,1777937422
All Pools,AVAX - LoveWins,0.3,False,0.01352,7.793,,0.16,1777937422
All Pools,FollowTheWhiteRabbit - LoveWins,0.3,False,0.01352,151.25,,0.01,1777937422
All Pools,Hydrogen - BLACK,0.3,False,0.01349,4.857,,0.25,1777937422
All Pools,Blue - BLACK,0.3,False,0.01342,4.86,,0.25,1777937422
All Pools,MUMO - USDC,0.3,False,0.01342,8.281,,0.15,1777937422
All Pools,QI - USDC.e,0.3,False,0.0134,0.81071,,1.51,1777937422
All Pools,UST - WINE,0.3,False,0.01336,0.91123,,1.34,1777937422
All Pools,Who - BLACK,0.3,False,0.01335,4.806,,0.25,1777937422
All Pools,MIM - RUG,0.3,False,0.01335,22.81,,0.05,1777937422
All Pools,3AC - NOCHILL,0.3,False,0.01329,0.1729,,7.02,1777937422
All Pools,Gravity - Ouroboros,0.3,False,0.01324,30.34,,0.04,1777937422
All Pools,Stolen - BLACK,0.3,False,0.01323,5.399,,0.22,1777937422
All Pools,AVAX - ETH,0.3,False,0.01321,16.7,,0.07,1777937422
All Pools,AVAX - Always,0.3,False,0.01314,0.60776,,1.97,1777937422
All Pools,aAvaLINK - LINK.e,0.3,False,0.01313,1.883,,0.64,1777937422
All Pools,AAVE.e - meGNX,0.3,False,0.0131,4.053,,0.29,1777937422
All Pools,aDXN - aXEN,0.3,False,0.01297,0.62576,,1.89,1777937422
All Pools,Trinity - SwiftTaylor,0.3,False,0.01292,17.7,,0.07,1777937422
All Pools,BTC.b - MUMO,0.3,False,0.01281,4.851,,0.24,1777937422
All Pools,AVAX - MUG,0.3,False,0.0128,1.207,,0.97,1777937422
All Pools,CAI - AMI,0.3,False,0.01268,0.51436,,2.25,1777937422
All Pools,AVAX - GrinchKidAfflict,0.3,False,0.01267,43.33,,0.03,1777937422
All Pools,Gravity - GrinchKidAfflict,0.3,False,0.01266,9.099,,0.13,1777937422
All Pools,MIM - WINE,0.3,False,0.01263,3088.11,,,1777937422
All Pools,ARENA - AMI,0.3,False,0.01256,1.391,,0.82,1777937422
All Pools,NineHundred - BLACK,0.3,False,0.01246,4.82,,0.24,1777937422
All Pools,USDC - AMI,0.3,False,0.01219,0.66658,,1.67,1777937422
All Pools,AVAX - LODE,0.3,False,0.01215,1.028,,1.08,1777937422
All Pools,DrainTheSwamp - FollowTheWhiteRabbit,0.3,False,0.01203,10.98,,0.1,1777937422
All Pools,AVAX - WINE,0.3,False,0.012,0.66865,,1.64,1777937422
All Pools,WBTC.e - MU,0.3,False,0.01185,0.72621,,1.49,1777937422
All Pools,AVAX - BAVA,0.3,False,0.01171,11.38,,0.09,1777937422
All Pools,LUNA - USDC,0.3,False,0.01171,0.14274,,7.49,1777937422
All Pools,WOLF - REDWOLF,0.3,False,0.01143,0.32158,,3.24,1777937422
All Pools,Anon - USDC,0.3,False,0.01142,1.044,,1.0,1777937422
All Pools,Orange - BLACK,0.3,False,0.01116,4.081,,0.25,1777937422
All Pools,Wormhole - AVAX,0.3,False,0.01116,103.89,,0.01,1777937422
All Pools,Trinity - Wormhole,0.3,False,0.01115,6.182,,0.16,1777937422
All Pools,GRELF[ava] - AVAX,0.3,False,0.01109,1155.19,,,1777937422
All Pools,Orem - AVAX,0.3,False,0.01095,103.98,,0.01,1777937422
All Pools,Trinity - Orem,0.3,False,0.01094,6.187,,0.16,1777937422
All Pools,COQ - MCV,0.3,False,0.01085,9.761,,0.1,1777937422
All Pools,MCV - AVAX,0.3,False,0.01082,400.52,,0.0,1777937422
All Pools,LoveIsTheKey - BLACK,0.3,False,0.01081,7.908,,0.12,1777937422
All Pools,JOE - USDt,0.3,False,0.01076,0.83898,,1.17,1777937422
All Pools,HIGHER - HOWDY,0.3,False,0.01071,1.528,,0.64,1777937422
All Pools,HATCHY - AMI,0.3,False,0.01061,4.379,,0.22,1777937422
All Pools,BNZ - AVAX,0.3,False,0.01045,62.11,,0.02,1777937422
All Pools,AVAX - EDG,0.3,False,0.0104,3.13,,0.3,1777937422
All Pools,MIM - EDG,0.3,False,0.01039,7.828,,0.12,1777937422
All Pools,Chrism - BLACK,0.3,False,0.01038,2.381,,0.4,1777937422
All Pools,AVAX - OK,0.3,False,0.01014,1.954,,0.47,1777937422
All Pools,AVAX - NORTH,0.3,False,0.01013,2.113,,0.44,1777937422
All Pools,USDT.e - NORTH,0.3,False,0.01011,26.68,,0.03,1777937422
All Pools,DivineFeminine - ValentinMidwifes,0.3,False,0.00987,40.75,,0.02,1777937422
All Pools,XAVA - HON,0.3,False,0.00984,1.877,,0.48,1777937422
All Pools,CATWIF - MAJIN,0.3,False,0.00979,0.85655,,1.04,1777937422
All Pools,XETA - AVAX,0.3,False,0.0096,0.24769,,3.54,1777937422
All Pools,TRACTOR - USDT.e,0.3,False,0.00958,1.98,,0.44,1777937422
All Pools,APOW - MU,0.3,False,0.00934,3.499,,0.24,1777937422
All Pools,wsOHM - OTWO,0.3,False,0.00919,3.65,,0.23,1777937422
All Pools,gOHM - OTWO,0.3,False,0.0091,88743.0,,,1777937422
All Pools,Evergreen - AVAX,0.3,False,0.00905,25.28,,0.03,1777937422
All Pools,AVAX - VYBE,0.3,False,0.00904,3.268,,0.25,1777937422
All Pools,MIM - VYBE,0.3,False,0.00903,3.72,,0.22,1777937422
All Pools,Evergreen - Gravity,0.3,False,0.00902,4.741,,0.17,1777937422
All Pools,LUNA - UST,0.3,False,0.00902,0.09501,,8.66,1777937422
All Pools,DWC - MU,0.3,False,0.00896,3.47,,0.24,1777937422
All Pools,YAK - SPORE,0.3,False,0.00891,6.233,,0.13,1777937422
All Pools,MU - SOL,0.3,False,0.0089,1.329,,0.61,1777937422
All Pools,AVAX - TUSK,0.3,False,0.0088,2.488,,0.32,1777937422
All Pools,USDC.e - TUSK,0.3,False,0.00879,9.703,,0.08,1777937422
All Pools,USDC.e - BAVA,0.3,False,0.00858,2.939,,0.27,1777937422
All Pools,GAINS - Degen,0.3,False,0.00856,2.057,,0.38,1777937422
All Pools,COQ - SNP,0.3,False,0.00855,26.58,,0.03,1777937422
All Pools,SYN - USDC.e,0.3,False,0.00854,1.217,,0.64,1777937422
All Pools,SNP - AVAX,0.3,False,0.00853,11.58,,0.07,1777937422
All Pools,Degen - AVAX,0.3,False,0.00853,2014.24,,,1777937422
All Pools,AVAX - HOST,0.3,False,0.00845,1.942,,0.4,1777937422
All Pools,VSO - AVAX,0.3,False,0.00834,97.43,,0.01,1777937422
All Pools,COQ - SNOWY,0.3,False,0.00828,2.239,,0.34,1777937422
All Pools,KOVIN - MU,0.3,False,0.00822,3.07,,0.24,1777937422
All Pools,XPOW - AVAX,0.3,False,0.00818,119.21,,0.01,1777937422
All Pools,Psychic - Turtle,0.3,False,0.00818,61.39,,0.01,1777937422
All Pools,XPOW - USDt,0.3,False,0.00817,1.394,,0.53,1777937422
All Pools,HUSKY - SNOWY,0.3,False,0.00816,0.42194,,1.77,1777937422
All Pools,MU - MUG,0.3,False,0.00814,2419.66,,,1777937422
All Pools,BENIS - AVAX,0.3,False,0.00811,15.56,,0.05,1777937422
All Pools,JOE - aXEN,0.3,False,0.00811,0.24325,,3.04,1777937422
All Pools,HOST - DAI.e,0.3,False,0.00808,2.992,,0.25,1777937422
All Pools,aDXN - AVAX,0.3,False,0.00808,3.638,,0.2,1777937422
All Pools,WETH.e - STATIK,0.3,False,0.00805,1.37,,0.54,1777937422
All Pools,FITFI - USDC,0.3,False,0.00802,0.45139,,1.62,1777937422
All Pools,AVAX - Kryptonite,0.3,False,0.00795,103.65,,0.01,1777937422
All Pools,GMX - JOE,0.3,False,0.00794,0.42905,,1.69,1777937422
All Pools,Trinity - Kryptonite,0.3,False,0.00793,6.194,,0.12,1777937422
All Pools,WBTC.e - USDC,0.3,False,0.00791,0.21063,,3.43,1777937422
All Pools,Psychic - Oracle,0.3,False,0.00791,61.39,,0.01,1777937422
All Pools,AAVE.e - USDC.e,0.3,False,0.00789,1.251,,0.58,1777937422
All Pools,JOE - QI,0.3,False,0.00784,0.9412,,0.76,1777937422
All Pools,AI9000 - AVAX,0.3,False,0.00782,303.4,,0.0,1777937422
All Pools,AprilFoolsDay - AVAX,0.3,False,0.00768,103.82,,0.01,1777937422
All Pools,Trinity - AprilFoolsDay,0.3,False,0.00767,6.208,,0.11,1777937422
All Pools,AVAX - AXIAL,0.3,False,0.00764,1035.91,,,1777937422
All Pools,AKA - AVAX,0.3,False,0.00754,2.263,,0.3,1777937422
All Pools,AKA - USDt,0.3,False,0.00754,2.922,,0.24,1777937422
All Pools,Psychic - Mirror,0.3,False,0.00733,61.36,,0.01,1777937422
All Pools,WITCH - AVAX,0.3,False,0.00728,2.764,,0.24,1777937422
All Pools,WITCH - USDC,0.3,False,0.00728,1.718,,0.39,1777937422
All Pools,REDWOLF - GEC,0.3,False,0.00726,3.958,,0.17,1777937422
All Pools,GAINS - BOBS,0.3,False,0.00724,2.273,,0.29,1777937422
All Pools,AVAX - BOBS,0.3,False,0.00722,5505.42,,,1777937422
All Pools,MU - KET,0.3,False,0.00719,1.335,,0.49,1777937422
All Pools,Psychic - daVinci,0.3,False,0.00714,61.39,,0.01,1777937422
All Pools,Psychic - Gematria,0.3,False,0.00713,61.39,,0.01,1777937422
All Pools,Psychic - RefZip,0.3,False,0.00712,61.39,,0.01,1777937422
All Pools,Psychic - Qubit,0.3,False,0.0071,61.35,,0.01,1777937422
All Pools,Psychic - Blessings,0.3,False,0.00708,61.35,,0.01,1777937422
All Pools,NotBrideOfChrist - SwiftTaylor,0.3,False,0.00701,51.8,,0.01,1777937422
All Pools,Psychic - TrumpCard,0.3,False,0.00699,61.4,,0.01,1777937422
All Pools,DCAR - AVAX,0.3,False,0.00689,1.095,,0.57,1777937422
All Pools,DCAR - USDC,0.3,False,0.00688,55.81,,0.01,1777937422
All Pools,STOMB - AVAX,0.3,False,0.00683,7921.1,,,1777937422
All Pools,KIMBO - GAINS,0.3,False,0.00683,1.377,,0.45,1777937422
All Pools,Psychic - TheArcher,0.3,False,0.00681,61.39,,0.01,1777937422
All Pools,Psychic - Artemis,0.3,False,0.00678,61.34,,0.01,1777937422
All Pools,Trinity - FourFourFour,0.3,False,0.00671,4.958,,0.12,1777937422
All Pools,USDC - MU,0.3,False,0.00665,0.34303,,1.77,1777937422
All Pools,LYD - REDWOLF,0.3,False,0.00661,4.779,,0.13,1777937422
All Pools,YAK - USDT.e,0.3,False,0.00659,0.54923,,1.1,1777937422
All Pools,Psychic - Six,0.3,False,0.00657,61.39,,0.01,1777937422
All Pools,Psychic - Nine,0.3,False,0.00654,61.37,,0.01,1777937422
All Pools,Psychic - ElmoSunkGematria,0.3,False,0.00652,61.4,,0.01,1777937422
All Pools,Spider - Psychic,0.3,False,0.0065,61.35,,0.01,1777937422
All Pools,Psychic - Zero,0.3,False,0.00648,61.37,,0.01,1777937422
All Pools,USV - AVAX,0.3,False,0.0064,1.152,,0.51,1777937422
All Pools,gOHM - USDT.e,0.3,False,0.00632,0.60049,,0.96,1777937422
All Pools,Psychic - Lock,0.3,False,0.00631,61.37,,0.01,1777937422
All Pools,MIM - SMRT,0.3,False,0.0063,1.669,,0.34,1777937422
All Pools,COQ - ARENA,0.3,False,0.0063,1.237,,0.46,1777937422
All Pools,SNTA - MIM,0.3,False,0.00622,0.98907,,0.57,1777937422
All Pools,Psychic - KekiusMaximus,0.3,False,0.0062,61.39,,0.01,1777937422
All Pools,GMX - USDt,0.3,False,0.00618,0.38147,,1.48,1777937422
All Pools,Psychic - SevenSevenSeven,0.3,False,0.00617,61.4,,0.01,1777937422
All Pools,Psychic - BirthingCode,0.3,False,0.0061,61.4,,0.01,1777937422
All Pools,Flection - Psychic,0.3,False,0.00607,61.4,,0.01,1777937422
All Pools,Psychic - LordJesusChrist,0.3,False,0.00602,58.81,,0.01,1777937422
All Pools,Psychic - Numbers,0.3,False,0.00595,61.39,,0.01,1777937422
All Pools,SYN - REDWOLF,0.3,False,0.00594,2.607,,0.21,1777937422
All Pools,Psychic - Crypt,0.3,False,0.00591,61.34,,0.01,1777937422
All Pools,USDC - OK,0.3,False,0.0059,1.187,,0.45,1777937422
All Pools,Psychic - Luck,0.3,False,0.00589,61.4,,0.01,1777937422
All Pools,Psychic - Thick,0.3,False,0.00587,61.37,,0.01,1777937422
All Pools,Psychic - Bonfire,0.3,False,0.00587,61.39,,0.01,1777937422
All Pools,Psychic - PennyTrinity,0.3,False,0.00585,61.41,,0.01,1777937422
All Pools,AVAX - Gaza,0.3,False,0.0058,3.19,,0.17,1777937422
All Pools,Trinity - Gaza,0.3,False,0.00579,3.767,,0.14,1777937422
All Pools,Psychic - WhoWhoWho,0.3,False,0.00577,61.36,,0.01,1777937422
All Pools,USDt - USDC.e,0.3,False,0.00574,14.2,,0.04,1777937422
All Pools,Psychic - Alphabet,0.3,False,0.00568,61.4,,0.01,1777937422
All Pools,SatoshiNakamoto - Psychic,0.3,False,0.00566,61.39,,0.01,1777937422
All Pools,HIGHER - AMI,0.3,False,0.00563,3.296,,0.16,1777937422
All Pools,AVAI - USDC.e,0.3,False,0.00561,33.6,,0.02,1777937422
All Pools,MIM - SDOG,0.3,False,0.00561,317.8,,0.0,1777937422
All Pools,CodexKennyMin - Gravity,0.3,False,0.0056,21.35,,0.02,1777937422
All Pools,WINK - AMI,0.3,False,0.00558,0.10517,,4.84,1777937422
All Pools,AVAX - DWC,0.3,False,0.00555,6034.35,,,1777937422
All Pools,USDC.e - SMRT,0.3,False,0.00554,2.218,,0.23,1777937422
All Pools,Psychic - Codes,0.3,False,0.00554,61.4,,0.01,1777937422
All Pools,CATWIF - MU,0.3,False,0.00552,3.601,,0.14,1777937422
All Pools,AVAX - QUASI,0.3,False,0.00547,591.31,,,1777937422
All Pools,ValentinMidwifes - AVAX,0.3,False,0.00547,2.365,,0.21,1777937422
All Pools,Psychic - Architect,0.3,False,0.00546,61.39,,0.01,1777937422
All Pools,TEMPO - AVAX,0.3,False,0.00545,1.067,,0.47,1777937422
All Pools,GAINS - QUASI,0.3,False,0.00544,1.423,,0.35,1777937422
All Pools,MIM - TEMPO,0.3,False,0.00544,6.653,,0.07,1777937422
All Pools,AVAX - WISE,0.3,False,0.00544,2.809,,0.18,1777937422
All Pools,Psychic - OneOneOne,0.3,False,0.00543,61.39,,0.01,1777937422
All Pools,USDC.e - WISE,0.3,False,0.00543,7.123,,0.07,1777937422
All Pools,Psychic - Gematria,0.3,False,0.00539,61.39,,0.01,1777937422
All Pools,Psychic - TwinFlames,0.3,False,0.00538,62.09,,0.01,1777937422
All Pools,Psychic - Verse,0.3,False,0.00537,61.36,,0.01,1777937422
All Pools,Choice - Psychic,0.3,False,0.00535,61.36,,0.01,1777937422
All Pools,Psychic - Solved,0.3,False,0.00532,61.39,,0.01,1777937422
All Pools,Eye - Psychic,0.3,False,0.00532,61.39,,0.01,1777937422
All Pools,Hollywood - Ouroboros,0.3,False,0.00531,13.04,,0.04,1777937422
All Pools,3ULL - USDC,0.3,False,0.00529,0.65659,,0.74,1777937422
All Pools,Psychic - Finish,0.3,False,0.00527,61.35,,0.01,1777937422
All Pools,Psychic - Confusion,0.3,False,0.00527,61.39,,0.01,1777937422
All Pools,Psychic - Line,0.3,False,0.00524,62.16,,0.01,1777937422
All Pools,Psychic - BiTonic,0.3,False,0.00524,61.4,,0.01,1777937422
All Pools,Loyalty - Psychic,0.3,False,0.00524,61.35,,0.01,1777937422
All Pools,Psychic - IAmThatIAm,0.3,False,0.00523,61.39,,0.01,1777937422
All Pools,MEOW - MU,0.3,False,0.00521,1.582,,0.3,1777937422
All Pools,FiveTwelveThirteen - AVAX,0.3,False,0.00521,5.198,,0.09,1777937422
All Pools,ElkeNevusRome - AVAX,0.3,False,0.00521,13.04,,0.04,1777937422
All Pools,Psychic - YouAndI,0.3,False,0.00521,61.39,,0.01,1777937422
All Pools,COQ - MICRO,0.3,False,0.0052,3.757,,0.13,1777937422
All Pools,ElkeNevusRome - Gravity,0.3,False,0.00519,4.935,,0.1,1777937422
All Pools,FiveTwelveThirteen - Gravity,0.3,False,0.00519,6.852,,0.07,1777937422
All Pools,ETHM - AVAX,0.3,False,0.00518,27.31,,0.02,1777937422
All Pools,AVAX - MICRO,0.3,False,0.00518,23.8,,0.02,1777937422
All Pools,NXPC - USDC,0.3,False,0.00501,0.7198,,0.64,1777937422
All Pools,WLRS - USDC,0.3,False,0.00501,4.01,,0.11,1777937422
All Pools,ABC - AMI,0.3,False,0.00489,3.938,,0.11,1777937422
All Pools,TrueLove - AVAX,0.3,False,0.0048,12.89,,0.03,1777937422
All Pools,TrueLove - Gravity,0.3,False,0.00479,4.88,,0.09,1777937422
All Pools,WernherVonBraun - AVAX,0.3,False,0.00474,2.084,,0.21,1777937422
All Pools,Trinity - WernherVonBraun,0.3,False,0.00473,18397.0,,,1777937422
All Pools,BEAM - MU,0.3,False,0.0047,1.07,,0.4,1777937422
All Pools,AI9000 - USDt,0.3,False,0.00469,0.90084,,0.48,1777937422
All Pools,JOE - REDWOLF,0.3,False,0.00467,3.94,,0.11,1777937422
All Pools,RGOGLZ - AVAX,0.3,False,0.00464,4.088,,0.1,1777937422
All Pools,AMI - MU,0.3,False,0.00453,1.699,,0.24,1777937422
All Pools,ETHM - DAI.e,0.3,False,0.00447,0.67339,,0.61,1777937422
All Pools,KR - AVAX,0.3,False,0.00442,1.701,,0.24,1777937422
All Pools,AVAX - ChristmasTree,0.3,False,0.00441,6.151,,0.07,1777937422
All Pools,KR - USDC.e,0.3,False,0.0044,11.45,,0.04,1777937422
All Pools,Gravity - ChristmasTree,0.3,False,0.0044,4.651,,0.09,1777937422
All Pools,KIMBO - AMI,0.3,False,0.00436,4.295,,0.09,1777937422
All Pools,TT - DAI.e,0.3,False,0.0043,1.914,,0.21,1777937422
All Pools,MIM - YAK,0.3,False,0.00428,0.42431,,0.92,1777937422
All Pools,WOLF - USDt,0.3,False,0.00408,0.10191,,3.65,1777937422
All Pools,SYN - USDT.e,0.3,False,0.00399,0.65152,,0.56,1777937422
All Pools,AVAX - PAR,0.3,False,0.00396,2.392,,0.15,1777937422
All Pools,MIM - PAR,0.3,False,0.00395,1.915,,0.19,1777937422
All Pools,Lightworker - AVAX,0.3,False,0.00395,2.739,,0.13,1777937422
All Pools,GRAPE - AVAX,0.3,False,0.00394,0.88013,,0.41,1777937422
All Pools,Gravity - Lightworker,0.3,False,0.00394,53.16,,0.01,1777937422
All Pools,LUNA - JOE,0.3,False,0.00381,0.0514,,6.77,1777937422
All Pools,gOHM - USDC.e,0.3,False,0.00379,0.3055,,1.13,1777937422
All Pools,COQ - ZUM,0.3,False,0.00379,1.121,,0.31,1777937422
All Pools,SYN - WETH.e,0.3,False,0.00373,0.67759,,0.5,1777937422
All Pools,Trinity - IfYouKnowYouKnow,0.3,False,0.00371,5.013,,0.07,1777937422
All Pools,KIMBO - COQ,0.3,False,0.00371,1.699,,0.2,1777937422
All Pools,WETH.e - meGNX,0.3,False,0.00367,6.694,,0.05,1777937422
All Pools,YETI - WINE,0.3,False,0.00362,1.456,,0.23,1777937422
All Pools,YETI - AVAX,0.3,False,0.00361,944.22,,,1777937422
All Pools,SMRTr - USDT.e,0.3,False,0.00358,1.311,,0.25,1777937422
All Pools,JPYC - AVAX,0.3,False,0.00347,0.27569,,1.15,1777937422
All Pools,Psychic - Abracadabra,0.3,False,0.00345,61.37,,0.01,1777937422
All Pools,GAINS - DWC,0.3,False,0.00345,0.98424,,0.32,1777937422
All Pools,WETH.e - HOWDY,0.3,False,0.00344,1.059,,0.3,1777937422
All Pools,MIM - DUNEV3,0.3,False,0.00343,66822.0,,,1777937422
All Pools,Psychic - PlotTwist,0.3,False,0.00341,62.76,,0.0,1777937422
All Pools,FITFI - USDC.e,0.3,False,0.00341,0.24296,,1.28,1777937422
All Pools,Psychic - WhoWho,0.3,False,0.00334,61.39,,0.0,1777937422
All Pools,MIM - ICE,0.3,False,0.0033,0.99584,,0.3,1777937422
All Pools,EGG - AVAX,0.3,False,0.00326,1.702,,0.17,1777937422
All Pools,GAINS - BAWLS,0.3,False,0.00325,0.93202,,0.32,1777937422
All Pools,Psychic - KatzJoel,0.3,False,0.00325,61.37,,0.0,1777937422
All Pools,EGG - USDT.e,0.3,False,0.00324,1.987,,0.15,1777937422
All Pools,BAWLS - AVAX,0.3,False,0.00324,16.49,,0.02,1777937422
All Pools,ELXR - USDC.e,0.3,False,0.00321,1094.01,,,1777937422
All Pools,COQWIF - AVAX,0.3,False,0.00313,6486.85,,,1777937422
All Pools,XPOW - USDC,0.3,False,0.00313,0.03649,,7.82,1777937422
All Pools,AI9000 - MU,0.3,False,0.00312,1.274,,0.22,1777937422
All Pools,Wizard - AVAX,0.3,False,0.00311,4.469,,0.06,1777937422
All Pools,CRAFT - USDC.e,0.3,False,0.00309,0.8664,,0.33,1777937422
All Pools,Wizard - Gravity,0.3,False,0.00309,0.8571,,0.33,1777937422
All Pools,JOE - aDXN,0.3,False,0.00301,0.82542,,0.33,1777937422
All Pools,CATWIF - REDWOLF,0.3,False,0.00299,0.97093,,0.28,1777937422
All Pools,GAINS - COQ,0.3,False,0.00296,2.041,,0.13,1777937422
All Pools,Sovereignty - AVAX,0.3,False,0.00295,4.487,,0.06,1777937422
All Pools,Sovereignty - Gravity,0.3,False,0.00293,0.85954,,0.31,1777937422
All Pools,EagleToken - AVAX,0.3,False,0.00293,2.12,,0.13,1777937422
All Pools,EagleToken - USDC.e,0.3,False,0.00292,2.214,,0.12,1777937422
All Pools,SNO Token - AVAX,0.3,False,0.00291,1.754,,0.15,1777937422
All Pools,AVXT - AVAX,0.3,False,0.00291,52.72,,0.01,1777937422
All Pools,SNO Token - JOE,0.3,False,0.0029,86.2,,0.0,1777937422
All Pools,AVAX - NoThing,0.3,False,0.00289,4.42,,0.06,1777937422
All Pools,GAINS - TECH,0.3,False,0.00288,0.62436,,0.42,1777937422
All Pools,Gravity - NoThing,0.3,False,0.00287,0.84987,,0.31,1777937422
All Pools,XPOW - USDt,0.3,False,0.00282,0.03289,,7.83,1777937422
All Pools,USDC - TT,0.3,False,0.00276,2.002,,0.13,1777937422
All Pools,PNG - USDT.e,0.3,False,0.00276,0.88485,,0.28,1777937422
All Pools,AVAX - SAGE,0.3,False,0.00265,0.89142,,0.27,1777937422
All Pools,LIBRE - AVAX,0.3,False,0.00264,1.849,,0.13,1777937422
All Pools,USDC.e - SAGE,0.3,False,0.00264,2.176,,0.11,1777937422
All Pools,TEDDY - USDC,0.3,False,0.00263,0.42789,,0.56,1777937422
All Pools,HATCHY - WTHT,0.3,False,0.00255,0.5266,,0.44,1777937422
All Pools,HUSKY - aXEN,0.3,False,0.00254,0.07042,,3.29,1777937422
All Pools,WTHT - SNOB,0.3,False,0.00254,1.421,,0.16,1777937422
All Pools,DREGG - USDC.e,0.3,False,0.00253,3.084,,0.07,1777937422
All Pools,AVAX - CAKE,0.3,False,0.00249,0.7217,,0.31,1777937422
All Pools,USDT.e - CAKE,0.3,False,0.00248,48.57,,0.0,1777937422
All Pools,GATOR - AMI,0.3,False,0.00246,4.463,,0.05,1777937422
All Pools,KIMBO - UNIQOC,0.3,False,0.00246,0.73498,,0.31,1777937422
All Pools,JOE - AVE,0.3,False,0.00243,1.791,,0.12,1777937422
All Pools,UNIQOC - MAJIN,0.3,False,0.00243,0.25621,,0.87,1777937422
All Pools,BTC.b - MUG,0.3,False,0.00241,0.89364,,0.25,1777937422
All Pools,AVAX - LastChristmas,0.3,False,0.00241,1.908,,0.12,1777937422
All Pools,Gravity - LastChristmas,0.3,False,0.0024,10.03,,0.02,1777937422
All Pools,AVAX - WARP,0.3,False,0.0024,1.479,,0.15,1777937422
All Pools,COQ - JUICY,0.3,False,0.00237,0.71309,,0.3,1777937422
All Pools,EUROS - AVAX,0.3,False,0.00236,1.191,,0.18,1777937422
All Pools,GAINS - KONG,0.3,False,0.00233,0.76117,,0.28,1777937422
All Pools,Psychic - Vampire,0.3,False,0.00229,61.4,,0.0,1777937422
All Pools,LUNA - MIM,0.3,False,0.00227,0.01792,,11.58,1777937422
All Pools,MAXI - AVAX,0.3,False,0.00227,0.79604,,0.26,1777937422
All Pools,LINK.e - MUG,0.3,False,0.00222,0.25055,,0.81,1777937422
All Pools,Psychic - Number,0.3,False,0.00221,61.41,,0.0,1777937422
All Pools,- AMI,0.3,False,0.00219,13.19,,0.02,1777937422
All Pools,COQ - COFI,0.3,False,0.00217,1.859,,0.11,1777937422
All Pools,AVAX - COFI,0.3,False,0.00217,614.77,,,1777937422
All Pools,GURS - ARENA,0.3,False,0.00211,7.413,,0.03,1777937422
All Pools,TT - USDT.e,0.3,False,0.00202,2.001,,0.09,1777937422
All Pools,USDt - TT,0.3,False,0.00201,2.008,,0.09,1777937422
All Pools,USDC.e - CHAM,0.3,False,0.00195,0.82541,,0.22,1777937422
All Pools,aAvaWAVAX - AVAX,0.3,False,0.00194,0.25901,,0.68,1777937422
All Pools,BEE - AVAX,0.3,False,0.00192,0.80644,,0.22,1777937422
All Pools,HUSKY - SMRTr,0.3,False,0.00192,0.06702,,2.61,1777937422
All Pools,BEE - USDT.e,0.3,False,0.00192,32.36,,0.01,1777937422
All Pools,Psychic - Equal,0.3,False,0.00191,61.4,,0.0,1777937422
All Pools,CRAFT - AVAX,0.3,False,0.00189,408.76,,,1777937422
All Pools,Psychic - QuetzalCoatl,0.3,False,0.00185,61.4,,0.0,1777937422
All Pools,TECH - REDWOLF,0.3,False,0.00183,0.86208,,0.19,1777937422
All Pools,Psychic - TrueStory,0.3,False,0.00182,61.4,,0.0,1777937422
All Pools,sAVAX - USDC,0.3,False,0.00181,0.53247,,0.31,1777937422
All Pools,GAINS - MEAT,0.3,False,0.0018,0.98752,,0.17,1777937422
All Pools,toi - AVAX,0.3,False,0.00178,0.94034,,0.17,1777937422
All Pools,MIM - toi,0.3,False,0.00178,3.43,,0.05,1777937422
All Pools,AVAX - DREX,0.3,False,0.00177,0.59869,,0.27,1777937422
All Pools,MIM - DREX,0.3,False,0.00176,37.46,,0.0,1777937422
All Pools,GG - AVAX,0.3,False,0.00173,0.16447,,0.96,1777937422
All Pools,Psychic - FinityFinity,0.3,False,0.00173,61.41,,0.0,1777937422
All Pools,WETH.e - LINK.e,0.3,False,0.00172,0.14992,,1.05,1777937422
All Pools,GAINS - KOVIN,0.3,False,0.00169,0.6519,,0.24,1777937422
All Pools,MM - USDC.e,0.3,False,0.00168,0.60141,,0.25,1777937422
All Pools,JOE - USDR,0.3,False,0.00167,0.72755,,0.21,1777937422
All Pools,LIFE - AVAX,0.3,False,0.00162,1.343,,0.11,1777937422
All Pools,MIM - LIFE,0.3,False,0.00162,0.94015,,0.16,1777937422
All Pools,DEGEN - AVAX,0.3,False,0.0016,0.00354,,41.24,1777937422
All Pools,AMI - EROL,0.3,False,0.0016,0.67584,,0.22,1777937422
All Pools,AVAX - sSB,0.3,False,0.00156,0.50457,,0.28,1777937422
All Pools,AVAX - MTB,0.3,False,0.00156,0.96068,,0.15,1777937422
All Pools,REDEEMER - AMI,0.3,False,0.00156,0.01442,,9.85,1777937422
All Pools,USDC.e - sSB,0.3,False,0.00155,836.18,,,1777937422
All Pools,MIM - MTB,0.3,False,0.00155,2.208,,0.06,1777937422
All Pools,AVAX - RUG,0.3,False,0.00155,0.53149,,0.27,1777937422
All Pools,TIME - SPELL,0.3,False,0.00151,0.83086,,0.17,1777937422
All Pools,AVAX - ICE,0.3,False,0.00151,151.01,,,1777937422
All Pools,USDC.e - WARP,0.3,False,0.00149,0.86247,,0.16,1777937422
All Pools,MUMO - AVAX,0.3,False,0.00148,0.18014,,0.75,1777937422
All Pools,UNI.e - AVAX,0.3,False,0.00146,0.03461,,3.85,1777937422
All Pools,DB - AVAX,0.3,False,0.0014,2.209,,0.06,1777937422
All Pools,MIM - DB,0.3,False,0.0014,0.66857,,0.19,1777937422
All Pools,AVAX - PSI,0.3,False,0.00139,189.63,,,1777937422
All Pools,WETH.e - ETHM,0.3,False,0.00138,0.50133,,0.25,1777937422
All Pools,ETHM - USDC.e,0.3,False,0.00138,0.47722,,0.26,1777937422
All Pools,USDt - APOW,0.3,False,0.00137,0.15536,,0.8,1777937422
All Pools,STICK - AMI,0.3,False,0.00136,0.31129,,0.4,1777937422
All Pools,SLUSH - AVAX,0.3,False,0.00134,0.70184,,0.17,1777937422
All Pools,SLUSH - USDT.e,0.3,False,0.00133,1.324,,0.09,1777937422
All Pools,HUSKY - MU,0.3,False,0.00133,0.05254,,2.3,1777937422
All Pools,MEAT - MU,0.3,False,0.00131,0.49408,,0.24,1777937422
All Pools,LYD - AVAX,0.3,False,0.00129,0.82023,,0.14,1777937422
All Pools,KANA - AVAX,0.3,False,0.00127,1136.64,,,1777937422
All Pools,HUSKY - TRESR,0.3,False,0.00127,0.04916,,2.35,1777937422
All Pools,KANA - USDC,0.3,False,0.00127,0.51195,,0.23,1777937422
All Pools,Trinity - IngersollLockwood,0.3,False,0.00127,1.122,,0.1,1777937422
All Pools,ALPHAZERO - USDT.e,0.3,False,0.00127,2.162,,0.05,1777937422
All Pools,MAJIN - AMI,0.3,False,0.00124,0.1549,,0.73,1777937422
All Pools,CRA - USDC.e,0.3,False,0.00123,0.56482,,0.2,1777937422
All Pools,MEOW - AMI,0.3,False,0.00123,0.48522,,0.23,1777937422
All Pools,YUSD - LUNA,0.3,False,0.00123,0.01787,,6.28,1777937422
All Pools,ABOB - AVAX,0.3,False,0.00122,830.67,,,1777937422
All Pools,aAvaWAVAX - meGNX,0.3,False,0.0012,4.046,,0.03,1777937422
All Pools,COQ - HOWDY,0.3,False,0.00119,0.56772,,0.19,1777937422
All Pools,NOCHILL - ABOB,0.3,False,0.00117,0.02151,,4.97,1777937422
All Pools,tst1 - AVAX,0.3,False,0.00117,0.57974,,0.18,1777937422
All Pools,tst1 - USDT.e,0.3,False,0.00117,2.698,,0.04,1777937422
All Pools,weETH - AVAX,0.3,False,0.00117,0.38773,,0.27,1777937422
All Pools,HOOP - ROCO,0.3,False,0.00116,0.14688,,0.72,1777937422
All Pools,SUB - AVAX,0.3,False,0.00113,0.50832,,0.2,1777937422
All Pools,SUB - USDC,0.3,False,0.00113,69.79,,0.0,1777937422
All Pools,Psychic - Self,0.3,False,0.00113,63.41,,0.0,1777937422
All Pools,MONEY - LUNA,0.3,False,0.00113,0.01481,,6.94,1777937422
All Pools,GRAPE - WINE,0.3,False,0.00111,7.647,,0.01,1777937422
All Pools,POPS - AVAX,0.3,False,0.00111,0.11818,,0.86,1777937422
All Pools,GAINS - MEOW,0.3,False,0.00111,0.21708,,0.47,1777937422
All Pools,AUX - AVAX,0.3,False,0.00109,0.39362,,0.25,1777937422
All Pools,AUX - USDC,0.3,False,0.00109,688.53,,,1777937422
All Pools,GAINS - Always,0.3,False,0.00108,0.10932,,0.91,1777937422
All Pools,STG - JOE,0.3,False,0.00108,0.16935,,0.58,1777937422
All Pools,AVAX - SYMBIOT,0.3,False,0.00107,0.32344,,0.3,1777937422
All Pools,NUG - AVAX,0.3,False,0.00105,0.38258,,0.25,1777937422
All Pools,SLOT - AVAX,0.3,False,0.00105,3943.89,,,1777937422
All Pools,NUG - USDC,0.3,False,0.00105,2.375,,0.04,1777937422
All Pools,SLOT - USDC.e,0.3,False,0.00105,0.48387,,0.2,1777937422
All Pools,DAI.e - SYMBIOT,0.3,False,0.00102,1.413,,0.07,1777937422
All Pools,xJOE - AVAX,0.3,False,0.00102,2.793,,0.03,1777937422
All Pools,xJOE - wsOHM,0.3,False,0.00101,0.54609,,0.17,1777937422
All Pools,WET - AVAX,0.3,False,0.001,16.91,,0.01,1777937422
All Pools,WET - USDT.e,0.3,False,,0.44246,,0.21,1777937422
All Pools,PB - AVAX,0.3,False,,0.49027,,0.19,1777937422
All Pools,PB - MIM,0.3,False,,39.69,,0.0,1777937422
All Pools,AVAX - FTEST,0.3,False,,0.3989,,0.23,1777937422
All Pools,USDT.e - FTEST,0.3,False,,1.315,,0.07,1777937422
All Pools,BRO - OSAK,0.3,False,,0.09376,,0.96,1777937422
All Pools,WETH - AVAX,0.3,False,,1.353,,0.07,1777937422
All Pools,SYMBIOT - AVAX,0.3,False,,1.446,,0.06,1777937422
All Pools,AVAX - AKITA,0.3,False,,2522.44,,,1777937422
All Pools,MIM - AKITA,0.3,False,,0.25404,,0.35,1777937422
All Pools,WETH.e - SPELL,0.3,False,,0.29296,,0.29,1777937422
All Pools,SYMBIOT - DAI.e,0.3,False,,0.45827,,0.18,1777937422
All Pools,OH - USDC.e,0.3,False,,0.3878,,0.22,1777937422
All Pools,3ULL - USDT.e,0.3,False,,0.65603,,0.13,1777937422
All Pools,USDT.e - WARP,0.3,False,,0.90345,,0.09,1777937422
All Pools,CANS - AMI,0.3,False,,0.22789,,0.36,1777937422
All Pools,ARABBIT - AVAX,0.3,False,,0.56657,,0.14,1777937422
All Pools,MIM - ARABBIT,0.3,False,,1.291,,0.06,1777937422
All Pools,SolarDAO - AVAX,0.3,False,,0.39858,,0.2,1777937422
All Pools,SolarDAO - USDT.e,0.3,False,,2.069,,0.04,1777937422
All Pools,SMOKA - AVAX,0.3,False,,0.5477,,0.14,1777937422
All Pools,USDC - DAI.e,0.3,False,,2.016,,0.04,1777937422
